#id: 406
#name: H.sapiens - Nasopharynx, SC (Wilhelm,Nature,2014)
#score: 6.44
#weight: 100%
#description: abundance based on Spectral counting, from<a href="http://www.nature.com/nature/journal/v509/n7502/full/nature13319.html" target="_blank">Wilhelm,Nature,2014</a><br/><b>Interaction consistency score</b>: 6.44&nbsp<b>Coverage</b>: 8
#organ: NASOPHARYNX
#integrated: false
#coverage: 8
#publication_year: 2014
#filename: 9606-nasopharynx_Wilhelm_2014_Maxquant.txt
#
#internal_id	string_external_id	abundance	raw_spectral_count
1863965	9606.ENSP00000466775	148	1
1848008	9606.ENSP00000298942	91.5	2
1845059	9606.ENSP00000262094	18.3	3
1843626	9606.ENSP00000242375	182	6
1856652	9606.ENSP00000366488	42.2	3
1850804	9606.ENSP00000326219	249	4
1848245	9606.ENSP00000301072	425	44
1854901	9606.ENSP00000357858	118	2
1844902	9606.ENSP00000261401	72.7	2
1859080	9606.ENSP00000385927	234	6
1854706	9606.ENSP00000356988	148	4
1858529	9606.ENSP00000380921	21.7	1
1850586	9606.ENSP00000323856	164	66
1852755	9606.ENSP00000343924	2097	57
1860535	9606.ENSP00000405573	1140	39
1861976	9606.ENSP00000434593	45.4	1
1849473	9606.ENSP00000311876	141	4
1861305	9606.ENSP00000417580	110	2
1845339	9606.ENSP00000263368	3062	26
1862475	9606.ENSP00000448035	270	6
1845583	9606.ENSP00000264651	16.5	4
1862022	9606.ENSP00000436049	41.0	1
1853711	9606.ENSP00000351410	31.0	1
1845588	9606.ENSP00000264663	236	12
1856747	9606.ENSP00000366984	4.71	1
1847466	9606.ENSP00000294119	54.0	1
1851354	9606.ENSP00000331514	4739	322
1850502	9606.ENSP00000322991	156	4
1863597	9606.ENSP00000461324	17.8	1
1862241	9606.ENSP00000443140	51.9	2
1852110	9606.ENSP00000338481	95.1	7
1844971	9606.ENSP00000261712	23.5	1
1842673	9606.ENSP00000217652	72.2	3
1854397	9606.ENSP00000355518	326	6
1854774	9606.ENSP00000357288	106	1
1854615	9606.ENSP00000356520	36.6	3
1848508	9606.ENSP00000303222	53.3	1
1857007	9606.ENSP00000368605	47.6	2
1842992	9606.ENSP00000224073	74.6	1
1851504	9606.ENSP00000332706	131	1
1860937	9606.ENSP00000411825	12.2	1
1853504	9606.ENSP00000349873	36.6	2
1844173	9606.ENSP00000252936	2.29	1
1844091	9606.ENSP00000251968	118	3
1853069	9606.ENSP00000346577	21.3	2
1843722	9606.ENSP00000244534	493	20
1843731	9606.ENSP00000244661	18.0	1
1850397	9606.ENSP00000321856	22.2	1
1848968	9606.ENSP00000307540	57.0	1
1855600	9606.ENSP00000361083	1175	5
1845897	9606.ENSP00000266718	3487	79
1862814	9606.ENSP00000452762	925	18
1857035	9606.ENSP00000368767	996	30
1853814	9606.ENSP00000352208	17.8	3
1857263	9606.ENSP00000370023	306	17
1855086	9606.ENSP00000358737	201	5
1854594	9606.ENSP00000356411	18.8	1
1842266	9606.ENSP00000157600	110	3
1855858	9606.ENSP00000362329	616	12
1850438	9606.ENSP00000322316	62.6	1
1847542	9606.ENSP00000295137	1830	227
1842626	9606.ENSP00000216840	21.9	1
1860790	9606.ENSP00000409382	7.1	3
1851252	9606.ENSP00000330389	94.0	1
1844353	9606.ENSP00000255084	7.12	2
1846804	9606.ENSP00000282541	198	11
1852440	9606.ENSP00000341285	145	6
1858066	9606.ENSP00000376800	376	2
1846914	9606.ENSP00000284562	18.3	1
1857486	9606.ENSP00000371554	2191	22
1853021	9606.ENSP00000346148	25.8	1
1846625	9606.ENSP00000279247	251	12
1854551	9606.ENSP00000356218	293	6
1855855	9606.ENSP00000362308	1127	8
1848197	9606.ENSP00000300605	76.7	1
1854024	9606.ENSP00000353720	728	30
1848824	9606.ENSP00000306261	2.64	3
1852634	9606.ENSP00000342858	749	36
1854428	9606.ENSP00000355645	1899	237
1846241	9606.ENSP00000272252	150	3
1857507	9606.ENSP00000371734	10.2	1
1856799	9606.ENSP00000367263	1035	406
1842532	9606.ENSP00000216034	142	1
1854507	9606.ENSP00000356037	22.3	1
1843632	9606.ENSP00000242577	270	3
1855437	9606.ENSP00000360268	27.4	2
1849964	9606.ENSP00000317473	31.4	1
1853986	9606.ENSP00000353472	21.6	2
1850671	9606.ENSP00000324740	11.6	1
1843112	9606.ENSP00000227378	870	42
1847187	9606.ENSP00000289779	121	2
1846014	9606.ENSP00000268379	674	15
1848151	9606.ENSP00000300161	2371	71
1852186	9606.ENSP00000339191	833	12
1847841	9606.ENSP00000297258	1460	18
1843442	9606.ENSP00000236850	13665	329
1859665	9606.ENSP00000392709	20.6	1
1849409	9606.ENSP00000311344	7.93	1
1848457	9606.ENSP00000302833	48.9	1
1861603	9606.ENSP00000423665	1.37	1
1844375	9606.ENSP00000255390	46.3	1
1861873	9606.ENSP00000431391	60.1	2
1849718	9606.ENSP00000314556	17.7	2
1847212	9606.ENSP00000290216	1056	13
1857211	9606.ENSP00000369736	117	1
1848801	9606.ENSP00000306010	99.3	3
1851987	9606.ENSP00000337358	71.6	1
1847997	9606.ENSP00000298841	63.2	2
1851002	9606.ENSP00000328173	20.5	1
1857794	9606.ENSP00000373730	36.6	2
1863411	9606.ENSP00000459775	67.5	4
1845020	9606.ENSP00000261890	382	14
1844324	9606.ENSP00000254801	114	2
1854069	9606.ENSP00000354045	22.9	2
1858474	9606.ENSP00000380427	22.3	2
1854113	9606.ENSP00000354394	36.1	2
1856706	9606.ENSP00000366787	9.98	2
1858578	9606.ENSP00000381220	84.9	1
1845616	9606.ENSP00000264758	38.4	1
1861685	9606.ENSP00000426638	148	5
1842446	9606.ENSP00000207437	91.3	3
1855051	9606.ENSP00000358548	116	6
1857297	9606.ENSP00000370254	1964	81
1845696	9606.ENSP00000265131	6.3	1
1844723	9606.ENSP00000259791	11.7	1
1855915	9606.ENSP00000362576	88.6	4
1846551	9606.ENSP00000278193	20.7	1
1844460	9606.ENSP00000256682	140	5
1862615	9606.ENSP00000449535	24.5	1
1856600	9606.ENSP00000366246	31.2	1
1844797	9606.ENSP00000260508	26.4	1
1852872	9606.ENSP00000344909	105	2
1847027	9606.ENSP00000286713	515	10
1844711	9606.ENSP00000259632	251	3
1844317	9606.ENSP00000254722	515	14
1843305	9606.ENSP00000231887	156	8
1852863	9606.ENSP00000344822	1143	9
1844215	9606.ENSP00000253332	41.3	2
1848019	9606.ENSP00000299138	69.3	4
1852826	9606.ENSP00000344504	730	7
1854953	9606.ENSP00000358106	13.4	1
1853333	9606.ENSP00000348706	23.6	3
1853096	9606.ENSP00000346827	656	22
1842839	9606.ENSP00000221476	14.4	1
1852730	9606.ENSP00000343690	83.6	5
1852071	9606.ENSP00000338082	99.6	10
1852297	9606.ENSP00000340210	161	2
1842726	9606.ENSP00000219169	250	3
1842620	9606.ENSP00000216780	137	6
1854613	9606.ENSP00000356515	9.21	2
1847808	9606.ENSP00000296930	212	4
1846906	9606.ENSP00000284440	2220	18
1855499	9606.ENSP00000360569	240	7
1858981	9606.ENSP00000384774	171	12
1847896	9606.ENSP00000297668	8.97	2
1849979	9606.ENSP00000317714	107	2
1853568	9606.ENSP00000350275	18.0	1
1856118	9606.ENSP00000363559	195	2
1853486	9606.ENSP00000349722	143	1
1844989	9606.ENSP00000261772	33.3	3
1843753	9606.ENSP00000245304	20.3	1
1846563	9606.ENSP00000278407	369	10
1863044	9606.ENSP00000456434	71.9	1
1862126	9606.ENSP00000439444	96.7	7
1843660	9606.ENSP00000243253	151	3
1861633	9606.ENSP00000424707	232	1
1855990	9606.ENSP00000362924	1049	41
1842671	9606.ENSP00000217456	414	15
1853595	9606.ENSP00000350425	1665	60
1861233	9606.ENSP00000416561	133	12
1842943	9606.ENSP00000222800	34.5	1
1854904	9606.ENSP00000357873	297	7
1843439	9606.ENSP00000236671	349	13
1849703	9606.ENSP00000314414	41.5	4
1844589	9606.ENSP00000258341	66.8	7
1848600	9606.ENSP00000304102	160	1
1846504	9606.ENSP00000276590	43.4	1
1855878	9606.ENSP00000362399	20.3	1
1856913	9606.ENSP00000367934	213	1
1859939	9606.ENSP00000396505	655	5
1856984	9606.ENSP00000368438	205	3
1849183	9606.ENSP00000309503	5444	112
1845812	9606.ENSP00000265838	1261	29
1850035	9606.ENSP00000318297	67.1	2
1845955	9606.ENSP00000267568	120	1
1856748	9606.ENSP00000366988	57.6	2
1842521	9606.ENSP00000215909	11394	113
1843809	9606.ENSP00000246166	42.6	2
1845637	9606.ENSP00000264893	457	13
1845269	9606.ENSP00000263036	14.3	1
1856983	9606.ENSP00000368414	38.6	1
1842608	9606.ENSP00000216500	94.1	2
1846951	9606.ENSP00000285208	16.5	3
1843830	9606.ENSP00000246662	2819	78
1850113	9606.ENSP00000319096	24.6	1
1858681	9606.ENSP00000381992	270	10
1842836	9606.ENSP00000221459	19.5	1
1852328	9606.ENSP00000340466	308	17
1848044	9606.ENSP00000299300	108	4
1851571	9606.ENSP00000333298	225	4
1862154	9606.ENSP00000440586	32.4	2
1847224	9606.ENSP00000290349	938	22
1852416	9606.ENSP00000341138	5.25	1
1847154	9606.ENSP00000289104	63.2	1
1861167	9606.ENSP00000415634	30.0	1
1844144	9606.ENSP00000252603	478	6
1849932	9606.ENSP00000317141	486	7
1852156	9606.ENSP00000338934	219	22
1858761	9606.ENSP00000382707	168	1
1855776	9606.ENSP00000361965	30.5	1
1854190	9606.ENSP00000354681	31.6	3
1852653	9606.ENSP00000343040	892	7
1854006	9606.ENSP00000353624	37.2	4
1845517	9606.ENSP00000264265	111	1
1846114	9606.ENSP00000269848	25.0	1
1856676	9606.ENSP00000366618	23.6	3
1846580	9606.ENSP00000278715	47.2	1
1853365	9606.ENSP00000348886	345	6
1846728	9606.ENSP00000281456	203	18
1860801	9606.ENSP00000409612	488	10
1842464	9606.ENSP00000211122	33.6	2
1850327	9606.ENSP00000321259	975	26
1861891	9606.ENSP00000431872	587	6
1846064	9606.ENSP00000269122	141	15
1844853	9606.ENSP00000261173	18.3	4
1851925	9606.ENSP00000336775	49.9	5
1846009	9606.ENSP00000268261	53.5	1
1846735	9606.ENSP00000281589	17.3	1
1850467	9606.ENSP00000322594	15.6	3
1853944	9606.ENSP00000353099	39.4	1
1861216	9606.ENSP00000416250	54.2	1
1852736	9606.ENSP00000343742	66.7	1
1855221	9606.ENSP00000359345	261	4
1850288	9606.ENSP00000320866	698	16
1849201	9606.ENSP00000309591	697	26
1848935	9606.ENSP00000307240	2.19	3
1856583	9606.ENSP00000366156	105	2
1845757	9606.ENSP00000265462	332	6
1863943	9606.ENSP00000466214	158	2
1850828	9606.ENSP00000326381	451	18
1857456	9606.ENSP00000371362	26.8	1
1848223	9606.ENSP00000300935	90.4	10
1842451	9606.ENSP00000209668	4921	202
1848272	9606.ENSP00000301286	2262	245
1844015	9606.ENSP00000250559	439	15
1842741	9606.ENSP00000219313	31.6	1
1845647	9606.ENSP00000264933	133	2
1842831	9606.ENSP00000221419	121	5
1858467	9606.ENSP00000380352	20.6	1
1856593	9606.ENSP00000366225	98.1	3
1843839	9606.ENSP00000246868	372	8
1847909	9606.ENSP00000297848	41.5	5
1846231	9606.ENSP00000272167	1563	50
1843937	9606.ENSP00000248975	936	47
1843224	9606.ENSP00000229824	50.6	3
1843028	9606.ENSP00000225519	85.3	2
1849366	9606.ENSP00000310935	188	2
1853135	9606.ENSP00000347168	37.2	4
1859771	9606.ENSP00000394071	313	16
1843499	9606.ENSP00000238738	138	3
1856102	9606.ENSP00000363482	5.16	1
1849500	9606.ENSP00000312143	43.6	7
1853691	9606.ENSP00000351259	5.2	1
1858283	9606.ENSP00000378699	1.9	1
1855972	9606.ENSP00000362807	321	4
1845006	9606.ENSP00000261845	4.52	1
1844962	9606.ENSP00000261669	18.5	1
1846901	9606.ENSP00000284320	152	4
1842505	9606.ENSP00000215773	382	7
1854017	9606.ENSP00000353679	28.4	2
1842599	9606.ENSP00000216455	62.9	1
1854730	9606.ENSP00000357075	1341	25
1847257	9606.ENSP00000290810	91.3	3
1850900	9606.ENSP00000327191	12.6	1
1845382	9606.ENSP00000263645	215	2
1844701	9606.ENSP00000259477	33.6	1
1858063	9606.ENSP00000376793	1327	32
1853601	9606.ENSP00000350509	66.1	1
1843077	9606.ENSP00000226218	217	6
1843162	9606.ENSP00000228825	60.9	1
1858123	9606.ENSP00000377374	172	3
1853197	9606.ENSP00000347665	121	8
1845140	9606.ENSP00000262428	127	2
1855261	9606.ENSP00000359497	36.5	2
1852723	9606.ENSP00000343645	36.1	4
1862415	9606.ENSP00000447488	20.1	1
1848865	9606.ENSP00000306614	64.5	1
1855347	9606.ENSP00000359804	35.6	1
1849907	9606.ENSP00000316809	109	2
1858149	9606.ENSP00000377558	1.82	2
1849273	9606.ENSP00000310219	214	19
1862308	9606.ENSP00000446121	197	8
1843912	9606.ENSP00000248437	173	25
1843614	9606.ENSP00000242209	27.2	1
1851254	9606.ENSP00000330408	92.3	2
1844251	9606.ENSP00000253794	59.4	1
1843750	9606.ENSP00000245206	218	6
1856167	9606.ENSP00000363827	133	27
1849481	9606.ENSP00000311997	142	34
1842805	9606.ENSP00000220849	54.2	2
1845641	9606.ENSP00000264908	1133	27
1855382	9606.ENSP00000360021	344	2
1851406	9606.ENSP00000331897	652	20
1850641	9606.ENSP00000324422	127	4
1851117	9606.ENSP00000329165	5.16	3
1855272	9606.ENSP00000359525	215	6
1850610	9606.ENSP00000324074	103	1
1845362	9606.ENSP00000263519	18.7	4
1846617	9606.ENSP00000279146	50.8	1
1844907	9606.ENSP00000261416	57.9	2
1848963	9606.ENSP00000307508	705	19
1848175	9606.ENSP00000300403	12.6	1
1845797	9606.ENSP00000265729	318	5
1843185	9606.ENSP00000229239	4568	69
1848521	9606.ENSP00000303356	678	12
1844986	9606.ENSP00000261755	826	26
1859748	9606.ENSP00000393845	54.9	5
1857974	9606.ENSP00000375892	32.8	2
1857811	9606.ENSP00000373918	58.2	3
1854424	9606.ENSP00000355627	318	9
1859066	9606.ENSP00000385746	49.3	1
1846609	9606.ENSP00000279022	72.2	3
1847940	9606.ENSP00000298248	114	3
1856150	9606.ENSP00000363745	62.5	4
1848617	9606.ENSP00000304236	98.2	1
1849031	9606.ENSP00000308057	57.0	1
1843580	9606.ENSP00000240851	124	2
1861432	9606.ENSP00000419628	87.4	2
1846079	9606.ENSP00000269243	1.67	1
1842759	9606.ENSP00000219548	24.8	1
1842303	9606.ENSP00000168216	481	7
1843340	9606.ENSP00000233143	7275	14
1852037	9606.ENSP00000337761	16.2	3
1848911	9606.ENSP00000307078	71.9	8
1844013	9606.ENSP00000250498	130	1
1857259	9606.ENSP00000370007	8083	14
1862707	9606.ENSP00000450560	291	22
1857323	9606.ENSP00000370419	36.2	1
1859160	9606.ENSP00000386394	50.5	1
1855026	9606.ENSP00000358460	44.7	1
1849469	9606.ENSP00000311847	103	1
1846902	9606.ENSP00000284322	15.1	1
1852466	9606.ENSP00000341524	91.4	5
1853158	9606.ENSP00000347324	84.8	1
1852848	9606.ENSP00000344683	21.1	1
1849816	9606.ENSP00000315757	189	13
1851755	9606.ENSP00000334738	183	4
1856191	9606.ENSP00000363988	215	7
1845372	9606.ENSP00000263579	86.8	2
1851288	9606.ENSP00000330825	176	1
1854131	9606.ENSP00000354498	14.1	1
1855763	9606.ENSP00000361914	20.4	1
1848906	9606.ENSP00000307014	2.39	3
1843634	9606.ENSP00000242592	887	22
1845429	9606.ENSP00000263867	438	7
1842152	9606.ENSP00000007735	2.53	1
1851574	9606.ENSP00000333326	117	18
1852304	9606.ENSP00000340274	20.3	1
1842665	9606.ENSP00000217423	58.0	1
1846972	9606.ENSP00000285735	184	4
1847640	9606.ENSP00000295901	38.1	1
1863897	9606.ENSP00000464814	69.8	2
1860206	9606.ENSP00000400142	69.3	1
1861487	9606.ENSP00000420487	104	7
1859865	9606.ENSP00000395449	22.3	1
1854992	9606.ENSP00000358283	14.4	1
1861848	9606.ENSP00000430706	225	4
1842374	9606.ENSP00000196551	141	2
1854902	9606.ENSP00000357861	1890	73
1858170	9606.ENSP00000377778	120	1
1844605	9606.ENSP00000258424	369	4
1854510	9606.ENSP00000356056	194	1
1852652	9606.ENSP00000343027	403	26
1845475	9606.ENSP00000264071	355	52
1842319	9606.ENSP00000173527	142	2
1854079	9606.ENSP00000354125	44.0	2
1860237	9606.ENSP00000400717	75.9	3
1861277	9606.ENSP00000417229	21.6	1
1858928	9606.ENSP00000384296	211	9
1843256	9606.ENSP00000230538	62.9	7
1844077	9606.ENSP00000251645	5.26	3
1858516	9606.ENSP00000380824	45.2	1
1862728	9606.ENSP00000450909	166	2
1856350	9606.ENSP00000364801	183	23
1845907	9606.ENSP00000266971	93.3	3
1848116	9606.ENSP00000299964	505	8
1843448	9606.ENSP00000237014	3439	18
1845192	9606.ENSP00000262646	397	10
1855892	9606.ENSP00000362463	378	5
1856313	9606.ENSP00000364649	62.7	1
1849251	9606.ENSP00000310040	238	3
1858764	9606.ENSP00000382714	178	1
1862121	9606.ENSP00000439189	216	93
1858547	9606.ENSP00000381034	11.0	1
1847018	9606.ENSP00000286548	71.4	3
1856670	9606.ENSP00000366581	37.2	4
1844866	9606.ENSP00000261211	1.29	1
1855263	9606.ENSP00000359504	135	5
1847848	9606.ENSP00000297283	171	10
1855679	9606.ENSP00000361512	49.0	2
1843595	9606.ENSP00000241337	37.9	3
1842641	9606.ENSP00000217133	63.2	22
1843319	9606.ENSP00000232564	187	10
1847243	9606.ENSP00000290575	32.1	1
1845491	9606.ENSP00000264161	55.1	3
1852618	9606.ENSP00000342710	329	62
1857065	9606.ENSP00000368959	833	6
1846136	9606.ENSP00000270202	10.0	1
1847637	9606.ENSP00000295897	58112	2622
1853473	9606.ENSP00000349658	24.4	1
1842225	9606.ENSP00000054668	82.6	1
1846467	9606.ENSP00000276052	1.22	1
1849852	9606.ENSP00000316176	280	6
1852714	9606.ENSP00000343577	234	7
1846309	9606.ENSP00000273283	381	16
1853456	9606.ENSP00000349541	8396	139
1849092	9606.ENSP00000308610	34.5	2
1844127	9606.ENSP00000252486	477	11
1850907	9606.ENSP00000327255	59.0	2
1854060	9606.ENSP00000353998	94.0	1
1850234	9606.ENSP00000320324	20.6	3
1854021	9606.ENSP00000353701	103	3
1853952	9606.ENSP00000353157	520	9
1844916	9606.ENSP00000261461	146	4
1852134	9606.ENSP00000338742	31.5	4
1847405	9606.ENSP00000293328	66.3	8
1843041	9606.ENSP00000225665	161	3
1842246	9606.ENSP00000078429	102	3
1846473	9606.ENSP00000276079	33.6	1
1848205	9606.ENSP00000300688	1132	8
1856558	9606.ENSP00000366005	315	10
1855516	9606.ENSP00000360671	263	19
1845384	9606.ENSP00000263655	180	2
1853254	9606.ENSP00000348068	11635	260
1851336	9606.ENSP00000331368	40.4	3
1844604	9606.ENSP00000258418	52.4	2
1853464	9606.ENSP00000349588	5.46	1
1845668	9606.ENSP00000265023	448	18
1844834	9606.ENSP00000260967	1.85	1
1852586	9606.ENSP00000342374	99.3	1
1859702	9606.ENSP00000393241	247	3
1861781	9606.ENSP00000429243	86.9	2
1846118	9606.ENSP00000269886	64.0	2
1843120	9606.ENSP00000227525	141	2
1854211	9606.ENSP00000354762	89.7	1
1859716	9606.ENSP00000393379	12.1	3
1854230	9606.ENSP00000354841	1066	14
1845497	9606.ENSP00000264187	117	9
1848620	9606.ENSP00000304283	198	8
1846449	9606.ENSP00000275603	14.3	1
1864741	9606.ENSP00000472249	222	4
1859976	9606.ENSP00000396937	99.5	4
1863725	9606.ENSP00000462730	27.4	5
1850793	9606.ENSP00000326042	232	34
1846269	9606.ENSP00000272610	148	3
1858246	9606.ENSP00000378360	147	4
1859666	9606.ENSP00000392718	173	75
1858664	9606.ENSP00000381844	601	14
1850172	9606.ENSP00000319690	254	5
1849395	9606.ENSP00000311224	641	39
1852180	9606.ENSP00000339157	98.1	3
1853972	9606.ENSP00000353375	61.4	4
1853189	9606.ENSP00000347596	295	9
1846162	9606.ENSP00000270586	75.2	1
1850874	9606.ENSP00000326858	31.2	1
1861828	9606.ENSP00000430269	81.3	4
1856372	9606.ENSP00000364902	30.5	1
1847333	9606.ENSP00000292147	46.0	1
1858173	9606.ENSP00000377793	8.11	1
1845724	9606.ENSP00000265322	316	7
1850251	9606.ENSP00000320493	75.9	2
1850385	9606.ENSP00000321746	29.1	1
1847242	9606.ENSP00000290573	55.9	5
1843372	9606.ENSP00000233893	601	5
1859755	9606.ENSP00000393887	3543	30
1862281	9606.ENSP00000444823	18.0	1
1855068	9606.ENSP00000358635	165	8
1857197	9606.ENSP00000369654	13018	459
1845670	9606.ENSP00000265028	183	4
1847834	9606.ENSP00000297185	520	23
1849080	9606.ENSP00000308541	392	13
1846809	9606.ENSP00000282588	54.5	4
1854857	9606.ENSP00000357708	17211	62
1852028	9606.ENSP00000337701	33.9	1
1854853	9606.ENSP00000357692	296	3
1846497	9606.ENSP00000276461	22.0	1
1846630	9606.ENSP00000279387	46.5	1
1847296	9606.ENSP00000291568	2567	12
1857851	9606.ENSP00000374372	2.92	1
1862133	9606.ENSP00000439660	18.0	1
1859676	9606.ENSP00000392859	55.3	1
1849761	9606.ENSP00000315130	859	22
1848188	9606.ENSP00000300527	28.3	2
1845755	9606.ENSP00000265447	442	12
1855432	9606.ENSP00000360250	51.6	1
1850651	9606.ENSP00000324549	13.8	1
1844901	9606.ENSP00000261396	16.6	1
1843535	9606.ENSP00000239761	11.0	2
1842891	9606.ENSP00000222214	51.7	1
1847998	9606.ENSP00000298852	46.4	2
1842516	9606.ENSP00000215882	476	11
1849679	9606.ENSP00000314067	21.7	2
1862038	9606.ENSP00000436585	574	14
1858441	9606.ENSP00000380177	23.6	3
1852241	9606.ENSP00000339720	234	2
1842511	9606.ENSP00000215829	148	1
1851928	9606.ENSP00000336799	451	46
1848125	9606.ENSP00000300055	4306	164
1847815	9606.ENSP00000297012	15.1	1
1851407	9606.ENSP00000331901	218	7
1861352	9606.ENSP00000418348	134	1
1855779	9606.ENSP00000361993	131	1
1851832	9606.ENSP00000335304	142	3
1856355	9606.ENSP00000364815	24.8	2
1848034	9606.ENSP00000299218	110	9
1857461	9606.ENSP00000371393	32.3	2
1847420	9606.ENSP00000293525	13.8	3
1844111	9606.ENSP00000252242	93.6	17
1842666	9606.ENSP00000217426	438	12
1842290	9606.ENSP00000164139	68.5	11
1849191	9606.ENSP00000309539	542	19
1859387	9606.ENSP00000388942	27.3	1
1843124	9606.ENSP00000227667	1958	13
1843461	9606.ENSP00000237500	72.2	3
1842163	9606.ENSP00000010404	2653	18
1852214	9606.ENSP00000339399	223	6
1854001	9606.ENSP00000353581	18.0	1
1843872	9606.ENSP00000247665	295	2
1855706	9606.ENSP00000361635	559	9
1853070	9606.ENSP00000346598	190	6
1843781	9606.ENSP00000245907	998	113
1847222	9606.ENSP00000290332	6.54	1
1848523	9606.ENSP00000303373	11.7	1
1853414	9606.ENSP00000349259	387	73
1862740	9606.ENSP00000451112	151	2
1861786	9606.ENSP00000429301	953	10
1845694	9606.ENSP00000265112	16.9	1
1855997	9606.ENSP00000362946	341	7
1852778	9606.ENSP00000344166	168	15
1849837	9606.ENSP00000316029	700	107
1847350	9606.ENSP00000292401	1852	30
1843069	9606.ENSP00000226004	221	3
1849171	9606.ENSP00000309415	101	1
1848465	9606.ENSP00000302886	268	9
1848767	9606.ENSP00000305731	69.3	1
1854969	9606.ENSP00000358162	37.2	4
1848170	9606.ENSP00000300289	880	34
1854093	9606.ENSP00000354223	170	1
1847742	9606.ENSP00000296503	118	1
1853025	9606.ENSP00000346173	890	23
1852284	9606.ENSP00000340019	744	29
1849255	9606.ENSP00000310088	436	2
1861732	9606.ENSP00000428209	449	15
1851814	9606.ENSP00000335153	398	32
1856414	9606.ENSP00000365147	71.6	1
1844443	9606.ENSP00000256496	104	3
1847121	9606.ENSP00000288266	19.9	1
1846958	9606.ENSP00000285379	749	13
1848681	9606.ENSP00000304891	38.1	2
1846568	9606.ENSP00000278483	179	1
1849543	9606.ENSP00000312506	26.0	3
1855735	9606.ENSP00000361777	653	7
1853602	9606.ENSP00000350512	95.9	2
1852181	9606.ENSP00000339161	65.0	2
1859610	9606.ENSP00000391944	275	8
1845303	9606.ENSP00000263202	38.3	1
1850780	9606.ENSP00000325875	649	38
1852917	9606.ENSP00000345282	13.3	1
1853038	9606.ENSP00000346300	95.6	2
1858341	9606.ENSP00000379203	40.0	2
1855868	9606.ENSP00000362361	2.26	1
1860306	9606.ENSP00000401802	201	6
1845960	9606.ENSP00000267622	1.15	1
1858637	9606.ENSP00000381654	20.1	1
1852325	9606.ENSP00000340454	27.1	1
1848658	9606.ENSP00000304669	37.8	2
1851297	9606.ENSP00000330918	86.8	2
1844414	9606.ENSP00000256196	409	8
1844690	9606.ENSP00000259396	3928	66
1849729	9606.ENSP00000314733	104	2
1859420	9606.ENSP00000389338	27.5	2
1863878	9606.ENSP00000464383	110	1
1851945	9606.ENSP00000336927	5804	115
1858372	9606.ENSP00000379475	59.8	3
1842631	9606.ENSP00000216962	192	18
1862246	9606.ENSP00000443246	67.1	4
1842411	9606.ENSP00000203407	421	8
1853420	9606.ENSP00000349297	426	24
1856017	9606.ENSP00000363041	145	1
1853089	9606.ENSP00000346762	83.2	6
1858390	9606.ENSP00000379680	41.5	1
1847965	9606.ENSP00000298510	1119	19
1852312	9606.ENSP00000340305	289	15
1844551	9606.ENSP00000257904	15.9	2
1854577	9606.ENSP00000356348	386	7
1842933	9606.ENSP00000222673	33.6	3
1849949	9606.ENSP00000317331	128	1
1848806	9606.ENSP00000306099	1262	40
1851393	9606.ENSP00000331787	578	7
1856751	9606.ENSP00000366999	18.0	1
1856276	9606.ENSP00000364475	68.1	1
1855083	9606.ENSP00000358719	268	9
1843701	9606.ENSP00000244137	108	3
1850446	9606.ENSP00000322419	224	2
1854041	9606.ENSP00000353826	145	8
1852043	9606.ENSP00000337838	882	43
1842498	9606.ENSP00000215727	143	4
1857791	9606.ENSP00000373713	41.4	2
1854962	9606.ENSP00000358151	14.0	2
1859146	9606.ENSP00000386284	199	5
1843639	9606.ENSP00000242776	60.0	3
1861328	9606.ENSP00000417864	83.7	1
1858287	9606.ENSP00000378720	26.0	3
1860200	9606.ENSP00000400088	1.92	1
1844213	9606.ENSP00000253303	140	3
1849381	9606.ENSP00000311121	31.5	1
1846040	9606.ENSP00000268717	47.7	1
1853733	9606.ENSP00000351589	36.6	2
1847596	9606.ENSP00000295633	27.4	1
1861789	9606.ENSP00000429374	632	4
1857277	9606.ENSP00000370115	394	10
1862843	9606.ENSP00000453785	60.2	2
1849303	9606.ENSP00000310491	178	6
1858252	9606.ENSP00000378408	346	8
1853438	9606.ENSP00000349428	411	11
1860116	9606.ENSP00000398803	70.7	1
1855365	9606.ENSP00000359910	32.7	1
1849363	9606.ENSP00000310901	56.7	1
1859880	9606.ENSP00000395590	39.6	1
1844848	9606.ENSP00000261070	267	1
1850616	9606.ENSP00000324127	15.1	1
1856467	9606.ENSP00000365439	243	6
1842815	9606.ENSP00000221138	189	8
1853572	9606.ENSP00000350310	61.4	6
1862714	9606.ENSP00000450675	24.2	1
1844176	9606.ENSP00000252951	1057	71
1853532	9606.ENSP00000350012	68.2	4
1850064	9606.ENSP00000318635	93.5	2
1854105	9606.ENSP00000354340	37.0	1
1855883	9606.ENSP00000362413	2369	77
1854434	9606.ENSP00000355672	48.3	1
1852226	9606.ENSP00000339521	1176	16
1846994	9606.ENSP00000286091	400	17
1855709	9606.ENSP00000361642	85.1	2
1849997	9606.ENSP00000317955	37.8	4
1845765	9606.ENSP00000265523	469	9
1859324	9606.ENSP00000388107	745	30
1843653	9606.ENSP00000243077	6.72	2
1848944	9606.ENSP00000307280	133	3
1856996	9606.ENSP00000368517	58.7	1
1846193	9606.ENSP00000271373	120	1
1856252	9606.ENSP00000364310	8.55	1
1844343	9606.ENSP00000254963	21.2	2
1851127	9606.ENSP00000329243	103	42
1856553	9606.ENSP00000365946	111	1
1856081	9606.ENSP00000363392	27.5	1
1844399	9606.ENSP00000256001	15.9	1
1856500	9606.ENSP00000365630	4.84	3
1853098	9606.ENSP00000346839	26.4	2
1857167	9606.ENSP00000369519	34.3	1
1853064	9606.ENSP00000346550	3250	140
1851162	9606.ENSP00000329554	18.0	1
1853925	9606.ENSP00000352980	37.2	4
1862739	9606.ENSP00000451080	324	2
1848889	9606.ENSP00000306881	43.2	2
1842871	9606.ENSP00000221957	127	4
1843334	9606.ENSP00000233055	27.9	1
1844052	9606.ENSP00000251337	35.2	8
1845296	9606.ENSP00000263168	732	10
1850823	9606.ENSP00000326342	36.3	1
1852356	9606.ENSP00000340684	1048	33
1847723	9606.ENSP00000296417	7.3	1
1847517	9606.ENSP00000294973	49.1	1
1846880	9606.ENSP00000284031	99.5	3
1848679	9606.ENSP00000304854	113	1
1842611	9606.ENSP00000216554	27.1	1
1846003	9606.ENSP00000268182	205	22
1854141	9606.ENSP00000354532	196	5
1855328	9606.ENSP00000359719	360	21
1853081	9606.ENSP00000346671	10.8	1
1844227	9606.ENSP00000253413	234	5
1845286	9606.ENSP00000263097	200	5
1846509	9606.ENSP00000276651	6.86	1
1849982	9606.ENSP00000317780	126	2
1860955	9606.ENSP00000412189	124	6
1846224	9606.ENSP00000272102	140	5
1862712	9606.ENSP00000450635	168	15
1846379	9606.ENSP00000274364	2.51	1
1850737	9606.ENSP00000325425	83.5	2
1853251	9606.ENSP00000348050	194	2
1848368	9606.ENSP00000302088	193	1
1847228	9606.ENSP00000290378	1985	240
1862935	9606.ENSP00000455047	22.3	1
1858199	9606.ENSP00000377958	19.2	1
1851760	9606.ENSP00000334801	28.4	1
1848863	9606.ENSP00000306606	8269	258
1844266	9606.ENSP00000254043	15.0	5
1848830	9606.ENSP00000306330	3352	94
1847770	9606.ENSP00000296658	267	6
1849465	9606.ENSP00000311825	14.5	2
1845697	9606.ENSP00000265132	346	7
1844550	9606.ENSP00000257901	3.4	1
1849591	9606.ENSP00000313007	24.0	2
1854803	9606.ENSP00000357452	43.2	1
1855113	9606.ENSP00000358851	8.01	1
1851432	9606.ENSP00000332124	11.0	2
1849608	9606.ENSP00000313199	832	13
1845556	9606.ENSP00000264474	470	3
1845799	9606.ENSP00000265734	2.15	1
1843444	9606.ENSP00000236957	86.0	1
1859106	9606.ENSP00000386156	103	1
1847130	9606.ENSP00000288532	62.3	2
1854824	9606.ENSP00000357564	193	11
1843191	9606.ENSP00000229270	1815	39
1857239	9606.ENSP00000369897	29.5	2
1843534	9606.ENSP00000239730	205	2
1843498	9606.ENSP00000238721	178	3
1845095	9606.ENSP00000262219	12.8	1
1848279	9606.ENSP00000301329	773	14
1862703	9606.ENSP00000450436	736	20
1849130	9606.ENSP00000308938	102	5
1857170	9606.ENSP00000369538	507	25
1844833	9606.ENSP00000260956	61.3	2
1847933	9606.ENSP00000298159	626	18
1854760	9606.ENSP00000357189	38.5	1
1862158	9606.ENSP00000440698	1556	11
1851299	9606.ENSP00000330945	46.7	1
1849428	9606.ENSP00000311489	3.22	1
1851030	9606.ENSP00000328358	13.3	6
1857779	9606.ENSP00000373627	15.6	1
1848251	9606.ENSP00000301149	8355	223
1848060	9606.ENSP00000299421	603	18
1845639	9606.ENSP00000264896	94.9	3
1844078	9606.ENSP00000251646	4.74	3
1851044	9606.ENSP00000328484	36.6	2
1860745	9606.ENSP00000408910	34.0	1
1843033	9606.ENSP00000225573	73.9	1
1854720	9606.ENSP00000357048	10.1	1
1849069	9606.ENSP00000308430	133	1
1855196	9606.ENSP00000359225	130	4
1852428	9606.ENSP00000341208	66.3	8
1850011	9606.ENSP00000318089	160	4
1844287	9606.ENSP00000254322	44.6	1
1846244	9606.ENSP00000272317	691	30
1862638	9606.ENSP00000449770	63.8	1
1848306	9606.ENSP00000301522	4861	66
1846959	9606.ENSP00000285381	284	6
1857765	9606.ENSP00000373487	2.84	2
1847629	9606.ENSP00000295834	169	2
1855018	9606.ENSP00000358423	52.8	2
1856920	9606.ENSP00000367991	89.7	3
1847389	9606.ENSP00000293190	18.9	7
1857347	9606.ENSP00000370588	769	4
1852296	9606.ENSP00000340200	683	14
1852636	9606.ENSP00000342886	14.0	2
1848589	9606.ENSP00000303992	59.1	2
1845575	9606.ENSP00000264613	394	19
1862289	9606.ENSP00000445175	1734	50
1860530	9606.ENSP00000405455	2208	48
1846560	9606.ENSP00000278353	318	5
1857048	9606.ENSP00000368831	125	4
1846948	9606.ENSP00000285093	2396	39
1847431	9606.ENSP00000293745	2.05	3
1861034	9606.ENSP00000413697	40.9	1
1845538	9606.ENSP00000264389	138	4
1859201	9606.ENSP00000386764	2.61	1
1852905	9606.ENSP00000345179	3619	48
1851914	9606.ENSP00000336725	25.9	3
1861483	9606.ENSP00000420443	1811	1
1844379	9606.ENSP00000255448	26.9	1
1859711	9606.ENSP00000393316	206	3
1846715	9606.ENSP00000281187	97.9	2
1847981	9606.ENSP00000298687	451	7
1846176	9606.ENSP00000270792	191	1
1851141	9606.ENSP00000329374	25.1	1
1844559	9606.ENSP00000257974	25.3	2
1852732	9606.ENSP00000343701	40.8	1
1853902	9606.ENSP00000352834	201	14
1856650	9606.ENSP00000366482	57.6	1
1846710	9606.ENSP00000281154	48.5	6
1863973	9606.ENSP00000467024	486	9
1862700	9606.ENSP00000450399	20.7	1
1855955	9606.ENSP00000362744	128	3
1859389	9606.ENSP00000388996	39.7	2
1842504	9606.ENSP00000215770	323	7
1853445	9606.ENSP00000349467	166	4
1849067	9606.ENSP00000308405	7.3	1
1853204	9606.ENSP00000347717	89.7	1
1857956	9606.ENSP00000375736	14.0	2
1856711	9606.ENSP00000366819	217	3
1844978	9606.ENSP00000261733	1196	46
1851135	9606.ENSP00000329312	173	4
1851596	9606.ENSP00000333551	134	3
1844122	9606.ENSP00000252455	1157	22
1860677	9606.ENSP00000407685	45.7	2
1844328	9606.ENSP00000254816	20.3	1
1859015	9606.ENSP00000385083	47.6	1
1846410	9606.ENSP00000274764	13.7	2
1847746	9606.ENSP00000296511	3058	86
1856757	9606.ENSP00000367034	37.2	4
1842987	9606.ENSP00000223641	383	2
1842580	9606.ENSP00000216286	61.5	5
1859399	9606.ENSP00000389087	122	3
1850128	9606.ENSP00000319240	35.2	1
1843031	9606.ENSP00000225550	2.9	2
1859548	9606.ENSP00000391249	42.2	2
1846047	9606.ENSP00000268835	23.6	1
1852771	9606.ENSP00000344106	72.4	5
1859182	9606.ENSP00000386541	80.6	1
1844837	9606.ENSP00000260985	1859	42
1847679	9606.ENSP00000296122	163	4
1851667	9606.ENSP00000334051	28.4	7
1853084	9606.ENSP00000346694	533	12
1857838	9606.ENSP00000374265	43.2	2
1864888	9606.ENSP00000472998	40.3	1
1850089	9606.ENSP00000318883	51.9	1
1862152	9606.ENSP00000440485	237	4
1849590	9606.ENSP00000312999	779	35
1843029	9606.ENSP00000225525	241	1
1850202	9606.ENSP00000320043	85.8	1
1847267	9606.ENSP00000290942	171	3
1856022	9606.ENSP00000363071	1688	190
1842630	9606.ENSP00000216951	214	8
1855627	9606.ENSP00000361207	126	2
1842964	9606.ENSP00000223136	121	1
1848318	9606.ENSP00000301656	185	34
1862706	9606.ENSP00000450554	78.5	1
1854740	9606.ENSP00000357113	7.61	1
1842173	9606.ENSP00000012443	99.3	3
1852097	9606.ENSP00000338343	36.7	1
1859291	9606.ENSP00000387654	1078	27
1854701	9606.ENSP00000356969	5131	22
1861548	9606.ENSP00000421922	119	3
1849079	9606.ENSP00000308540	41.9	3
1844407	9606.ENSP00000256104	13658	135
1842349	9606.ENSP00000185206	7.56	1
1843834	9606.ENSP00000246792	449	8
1861460	9606.ENSP00000420168	97.4	3
1849942	9606.ENSP00000317257	150	3
1852758	9606.ENSP00000343943	66.1	2
1849180	9606.ENSP00000309477	303	14
1857724	9606.ENSP00000373153	66.7	1
1844877	9606.ENSP00000261267	307	3
1843473	9606.ENSP00000237858	1207	6
1848680	9606.ENSP00000304858	186	1
1859034	9606.ENSP00000385432	184	3
1855120	9606.ENSP00000358866	1104	168
1847885	9606.ENSP00000297564	221	1
1857369	9606.ENSP00000370750	171	3
1842623	9606.ENSP00000216802	255	5
1843621	9606.ENSP00000242285	473	3
1845104	9606.ENSP00000262288	48.2	1
1861396	9606.ENSP00000419088	115	1
1852751	9606.ENSP00000343885	209	5
1845287	9606.ENSP00000263100	496	10
1858577	9606.ENSP00000381216	31.2	1
1846139	9606.ENSP00000270225	74.2	2
1859883	9606.ENSP00000395650	36.5	2
1857150	9606.ENSP00000369424	27.3	1
1842816	9606.ENSP00000221166	80.9	34
1845501	9606.ENSP00000264202	829	19
1843948	9606.ENSP00000249066	269	5
1845951	9606.ENSP00000267512	111	10
1845923	9606.ENSP00000267119	2.34	3
1847379	9606.ENSP00000292807	141	5
1858117	9606.ENSP00000377303	35.0	1
1850447	9606.ENSP00000322421	35203	556
1855133	9606.ENSP00000358921	113	3
1852830	9606.ENSP00000344547	701	4
1854982	9606.ENSP00000358224	95.2	7
1843797	9606.ENSP00000246069	294	6
1848653	9606.ENSP00000304592	268	43
1848182	9606.ENSP00000300441	54.4	2
1857282	9606.ENSP00000370129	1004	40
1852861	9606.ENSP00000344818	101	30
1852262	9606.ENSP00000339835	9.98	1
1858217	9606.ENSP00000378161	152	1
1843624	9606.ENSP00000242338	78.7	1
1842472	9606.ENSP00000211998	2016	169
1857088	9606.ENSP00000369071	1185	57
1862204	9606.ENSP00000442050	44.0	1
1844096	9606.ENSP00000252029	254	7
1844542	9606.ENSP00000257857	500	4
1845819	9606.ENSP00000265866	221	3
1850087	9606.ENSP00000318868	49.2	2
1861855	9606.ENSP00000431049	353	7
1845390	9606.ENSP00000263672	59.4	1
1845324	9606.ENSP00000263273	99.3	4
1858656	9606.ENSP00000381785	271	9
1851050	9606.ENSP00000328521	48.2	1
1848128	9606.ENSP00000300060	75.3	5
1858950	9606.ENSP00000384515	73.8	2
1853302	9606.ENSP00000348461	339	10
1855634	9606.ENSP00000361254	1327	24
1844113	9606.ENSP00000252245	3.87	4
1847013	9606.ENSP00000286428	53.7	1
1845250	9606.ENSP00000262948	144	5
1846651	9606.ENSP00000280097	494	8
1844893	9606.ENSP00000261366	25.9	5
1843345	9606.ENSP00000233242	49.8	16
1849962	9606.ENSP00000317468	64.5	1
1843553	9606.ENSP00000240185	65.5	1
1850070	9606.ENSP00000318687	5.87	1
1852628	9606.ENSP00000342830	327	29
1855223	9606.ENSP00000359356	6.7	1
1843176	9606.ENSP00000228945	278	5
1845646	9606.ENSP00000264932	141	6
1859328	9606.ENSP00000388169	141	3
1845800	9606.ENSP00000265741	1.65	1
1843081	9606.ENSP00000226253	1311	33
1843051	9606.ENSP00000225777	440	4
1857242	9606.ENSP00000369915	46.6	1
1842503	9606.ENSP00000215754	568	3
1843211	9606.ENSP00000229563	1042	5
1852441	9606.ENSP00000341289	519	63
1845366	9606.ENSP00000263559	410	9
1846102	9606.ENSP00000269576	4028	165
1851595	9606.ENSP00000333547	354	14
1856690	9606.ENSP00000366679	36.6	2
1850411	9606.ENSP00000322061	17.6	1
1853490	9606.ENSP00000349748	38.6	1
1858470	9606.ENSP00000380378	366	8
1850918	9606.ENSP00000327431	99.6	10
1843208	9606.ENSP00000229416	36.3	2
1851909	9606.ENSP00000336702	215	4
1848535	9606.ENSP00000303476	208	38
1856528	9606.ENSP00000365807	12.6	1
1853629	9606.ENSP00000350757	208	4
1859243	9606.ENSP00000387123	220	7
1864009	9606.ENSP00000468367	50.3	3
1848614	9606.ENSP00000304229	725	3
1856133	9606.ENSP00000363641	887	9
1861716	9606.ENSP00000427687	464	14
1849017	9606.ENSP00000307889	110	1
1848522	9606.ENSP00000303366	107	3
1851357	9606.ENSP00000331544	137	6
1846765	9606.ENSP00000282050	1605	52
1847757	9606.ENSP00000296577	64.6	3
1843552	9606.ENSP00000240139	20.8	2
1851932	9606.ENSP00000336829	994	30
1860567	9606.ENSP00000405965	279	3
1857292	9606.ENSP00000370223	76.6	2
1844085	9606.ENSP00000251810	41.7	1
1848244	9606.ENSP00000301071	451	46
1857440	9606.ENSP00000371236	14.1	1
1854595	9606.ENSP00000356425	81.8	2
1851365	9606.ENSP00000331602	24.4	1
1857377	9606.ENSP00000370808	246	20
1846607	9606.ENSP00000278968	2385	50
1844152	9606.ENSP00000252699	295	33
1857426	9606.ENSP00000371152	233	9
1844999	9606.ENSP00000261813	261	2
1857119	9606.ENSP00000369274	3.25	1
1845847	9606.ENSP00000266041	179	8
1843403	9606.ENSP00000234454	47.0	1
1842994	9606.ENSP00000224181	48.2	1
1861189	9606.ENSP00000415941	188	37
1853210	9606.ENSP00000347744	182	5
1843915	9606.ENSP00000248553	2041	28
1843728	9606.ENSP00000244601	23.6	3
1848526	9606.ENSP00000303408	14.0	2
1857766	9606.ENSP00000373509	83.8	1
1844185	9606.ENSP00000253004	771	17
1861362	9606.ENSP00000418529	215	6
1853389	9606.ENSP00000349078	287	6
1854561	9606.ENSP00000356257	113	3
1849314	9606.ENSP00000310573	156	30
1849021	9606.ENSP00000307940	550	33
1858027	9606.ENSP00000376410	53.1	3
1852305	9606.ENSP00000340278	4315	39
1844543	9606.ENSP00000257860	816	99
1844187	9606.ENSP00000253023	156	3
1843478	9606.ENSP00000238081	1158	52
1844440	9606.ENSP00000256460	70.7	2
1850893	9606.ENSP00000327116	124	18
1842140	9606.ENSP00000006101	81.2	1
1851730	9606.ENSP00000334499	38.0	2
1844184	9606.ENSP00000253003	113	1
1858903	9606.ENSP00000384144	36.2	3
1853980	9606.ENSP00000353444	28.5	2
1861952	9606.ENSP00000433821	338	7
1847164	9606.ENSP00000289352	37.2	4
1858102	9606.ENSP00000377083	12.9	1
1850179	9606.ENSP00000319756	38.5	8
1857842	9606.ENSP00000374292	4.95	1
1861440	9606.ENSP00000419782	1.98	1
1864285	9606.ENSP00000470004	435	6
1858520	9606.ENSP00000380869	91.0	4
1850719	9606.ENSP00000325240	87.0	2
1842218	9606.ENSP00000052754	3052	65
1855084	9606.ENSP00000358727	837	13
1844948	9606.ENSP00000261601	210	6
1854665	9606.ENSP00000356791	116	1
1844034	9606.ENSP00000251047	57.0	1
1842774	9606.ENSP00000219905	1.7	1
1845725	9606.ENSP00000265333	359	7
1844952	9606.ENSP00000261623	178	1
1845231	9606.ENSP00000262878	22.5	1
1858594	9606.ENSP00000381339	33.8	8
1862080	9606.ENSP00000438144	5801	81
1855119	9606.ENSP00000358865	124	34
1856225	9606.ENSP00000364188	103	3
1842561	9606.ENSP00000216190	58.7	2
1856523	9606.ENSP00000365773	100	3
1851218	9606.ENSP00000330101	16.1	8
1842124	9606.ENSP00000004982	2545	23
1844427	9606.ENSP00000256383	162	5
1842640	9606.ENSP00000217131	72.9	1
1853107	9606.ENSP00000346921	603	11
1845337	9606.ENSP00000263354	352	10
1856856	9606.ENSP00000367615	296	5
1842233	9606.ENSP00000058691	1006	15
1842925	9606.ENSP00000222553	46.9	3
1854446	9606.ENSP00000355739	36.1	1
1853796	9606.ENSP00000352071	12.7	1
1847732	9606.ENSP00000296456	89.5	3
1854318	9606.ENSP00000355180	284	17
1849396	9606.ENSP00000311245	781	3
1845635	9606.ENSP00000264870	468	22
1842180	9606.ENSP00000014930	877	11
1842813	9606.ENSP00000221130	220	5
1843587	9606.ENSP00000241052	764	29
1853820	9606.ENSP00000352252	18.0	1
1854469	9606.ENSP00000355877	150	5
1843190	9606.ENSP00000229268	57.9	3
1851241	9606.ENSP00000330307	36.6	2
1858990	9606.ENSP00000384880	361	10
1843430	9606.ENSP00000235835	555	9
1852162	9606.ENSP00000339001	401	55
1853226	9606.ENSP00000347872	2191	38
1848074	9606.ENSP00000299518	505	13
1862492	9606.ENSP00000448220	35.2	6
1843233	9606.ENSP00000230048	525	4
1850819	9606.ENSP00000326305	97.9	2
1842429	9606.ENSP00000205402	594	16
1856921	9606.ENSP00000367992	724	10
1844071	9606.ENSP00000251595	35203	556
1862789	9606.ENSP00000452120	211	10
1862793	9606.ENSP00000452237	13.8	3
1861270	9606.ENSP00000417175	331	5
1853642	9606.ENSP00000350876	5.32	1
1854124	9606.ENSP00000354468	2150	32
1854432	9606.ENSP00000355656	11.7	1
1851933	9606.ENSP00000336831	25.6	2
1842682	9606.ENSP00000217971	698	7
1853550	9606.ENSP00000350159	37.2	4
1847010	9606.ENSP00000286371	64.1	1
1844112	9606.ENSP00000252244	4304	255
1853368	9606.ENSP00000348901	39.0	1
1843157	9606.ENSP00000228740	85.7	3
1854135	9606.ENSP00000354511	59.4	1
1849950	9606.ENSP00000317332	59.6	1
1848086	9606.ENSP00000299633	68.8	1
1858318	9606.ENSP00000379042	101	3
1843307	9606.ENSP00000232003	98.1	2
1853523	9606.ENSP00000349960	4739	322
1855602	9606.ENSP00000361087	2061	17
1847471	9606.ENSP00000294189	304	1
1864297	9606.ENSP00000470059	37.5	2
1857012	9606.ENSP00000368646	321	10
1856531	9606.ENSP00000365817	21.1	2
1855200	9606.ENSP00000359240	4.9	1
1846573	9606.ENSP00000278568	8.26	1
1847845	9606.ENSP00000297268	11.8	1
1847220	9606.ENSP00000290299	421	10
1862168	9606.ENSP00000441000	15.0	3
1847062	9606.ENSP00000287295	209	9
1858100	9606.ENSP00000377078	268	3
1844020	9606.ENSP00000250784	38.8	2
1853343	9606.ENSP00000348762	175	10
1848327	9606.ENSP00000301729	424	6
1861355	9606.ENSP00000418397	129	4
1856162	9606.ENSP00000363807	243	1
1844968	9606.ENSP00000261700	77.4	2
1843953	9606.ENSP00000249269	168	5
1861608	9606.ENSP00000423822	68.4	1
1857999	9606.ENSP00000376176	641	9
1856519	9606.ENSP00000365745	20.9	1
1844920	9606.ENSP00000261479	48.7	1
1857219	9606.ENSP00000369784	17.5	6
1848717	9606.ENSP00000305260	407	17
1847558	9606.ENSP00000295266	62.2	2
1855109	9606.ENSP00000358814	72.8	4
1861183	9606.ENSP00000415840	343	12
1843868	9606.ENSP00000247461	279	10
1852991	9606.ENSP00000345957	298	2
1843991	9606.ENSP00000250101	79.5	1
1859260	9606.ENSP00000387286	406	16
1855769	9606.ENSP00000361927	145	4
1850879	9606.ENSP00000326888	84.4	4
1858016	9606.ENSP00000376309	126	3
1845906	9606.ENSP00000266970	1.78	1
1842339	9606.ENSP00000181839	0.659	1
1852430	9606.ENSP00000341214	208	12
1846087	9606.ENSP00000269373	68.9	1
1842512	9606.ENSP00000215832	267	11
1849670	9606.ENSP00000313967	403	6
1855537	9606.ENSP00000360782	24.5	1
1842460	9606.ENSP00000210313	20.8	1
1859290	9606.ENSP00000387641	4.53	1
1842159	9606.ENSP00000009180	327	1
1847035	9606.ENSP00000286788	123	6
1858485	9606.ENSP00000380514	89.6	2
1849666	9606.ENSP00000313921	45.6	1
1847225	9606.ENSP00000290354	581	16
1850365	9606.ENSP00000321584	38.4	1
1857270	9606.ENSP00000370074	261	8
1843060	9606.ENSP00000225899	5.16	3
1848516	9606.ENSP00000303279	173	10
1843228	9606.ENSP00000229922	10.5	1
1854689	9606.ENSP00000356918	385	6
1861358	9606.ENSP00000418447	156	7
1851922	9606.ENSP00000336762	114	1
1861450	9606.ENSP00000419970	147	6
1847344	9606.ENSP00000292327	106	3
1849549	9606.ENSP00000312606	695	19
1844568	9606.ENSP00000258091	91.7	4
1857064	9606.ENSP00000368952	55.2	3
1858461	9606.ENSP00000380318	170	4
1858457	9606.ENSP00000380308	72.8	2
1842901	9606.ENSP00000222271	23.4	2
1846927	9606.ENSP00000284811	525	4
1849526	9606.ENSP00000312370	194	5
1844076	9606.ENSP00000251643	5.09	2
1858776	9606.ENSP00000382840	25.6	3
1846240	9606.ENSP00000272238	10.2	1
1848840	9606.ENSP00000306397	220	4
1846714	9606.ENSP00000281182	28.1	1
1853800	9606.ENSP00000352119	36.6	2
1850747	9606.ENSP00000325548	368	11
1851808	9606.ENSP00000335084	38.9	1
1851658	9606.ENSP00000333994	44810	912
1844472	9606.ENSP00000256861	110	6
1842638	9606.ENSP00000217121	143	3
1853349	9606.ENSP00000348786	549	16
1856155	9606.ENSP00000363768	361	7
1844225	9606.ENSP00000253408	272	51
1859870	9606.ENSP00000395473	15.6	1
1853269	9606.ENSP00000348170	1523	49
1851149	9606.ENSP00000329452	47.2	1
1849553	9606.ENSP00000312625	38.5	1
1852545	9606.ENSP00000342056	1196	32
1857138	9606.ENSP00000369374	6.22	1
1861409	9606.ENSP00000419325	337	13
1853297	9606.ENSP00000348442	30.7	1
1849908	9606.ENSP00000316842	29.4	2
1850394	9606.ENSP00000321845	24.2	1
1844777	9606.ENSP00000260324	72.8	3
1854721	9606.ENSP00000357051	85.2	1
1844404	9606.ENSP00000256078	125	6
1843708	9606.ENSP00000244289	853	61
1862138	9606.ENSP00000440045	12.7	1
1850657	9606.ENSP00000324573	12.1	1
1855862	9606.ENSP00000362335	442	6
1859839	9606.ENSP00000394936	1244	33
1858423	9606.ENSP00000380033	79.0	7
1862692	9606.ENSP00000450353	340	11
1852076	9606.ENSP00000338160	98.8	4
1845744	9606.ENSP00000265395	568	7
1858250	9606.ENSP00000378394	68.8	3
1846291	9606.ENSP00000273047	93.5	3
1857430	9606.ENSP00000371193	168	4
1863029	9606.ENSP00000456200	65.4	1
1842209	9606.ENSP00000040663	119	3
1858116	9606.ENSP00000377298	44.9	6
1853077	9606.ENSP00000346635	15.2	1
1859056	9606.ENSP00000385638	1312	23
1854590	9606.ENSP00000356399	141	14
1844509	9606.ENSP00000257497	8641	179
1858582	9606.ENSP00000381250	68.8	1
1854474	9606.ENSP00000355895	156	3
1847046	9606.ENSP00000287022	798	7
1858151	9606.ENSP00000377570	3.72	1
1854360	9606.ENSP00000355361	165	2
1842572	9606.ENSP00000216254	441	21
1852542	9606.ENSP00000342026	3131	67
1846727	9606.ENSP00000281455	1479	77
1861631	9606.ENSP00000424595	46.9	2
1843494	9606.ENSP00000238651	592	40
1856327	9606.ENSP00000364699	69.4	1
1846441	9606.ENSP00000275364	15.9	1
1861691	9606.ENSP00000426909	561	11
1848755	9606.ENSP00000305653	57.3	1
1854212	9606.ENSP00000354769	46.5	1
1849707	9606.ENSP00000314458	10.9	1
1855309	9606.ENSP00000359645	118	3
1848930	9606.ENSP00000307199	170	1
1854968	9606.ENSP00000358160	18.0	1
1844470	9606.ENSP00000256854	62.4	1
1848791	9606.ENSP00000305958	222	8
1852166	9606.ENSP00000339027	61.9	1
1847816	9606.ENSP00000297029	17.5	1
1848495	9606.ENSP00000303147	115	2
1846086	9606.ENSP00000269349	61.8	4
1860081	9606.ENSP00000398495	113	2
1853296	9606.ENSP00000348429	46.3	4
1855800	9606.ENSP00000362092	45.5	2
1846891	9606.ENSP00000284240	297	3
1861989	9606.ENSP00000435096	550	4
1848221	9606.ENSP00000300900	57.3	1
1845737	9606.ENSP00000265371	23.1	1
1847300	9606.ENSP00000291577	70.6	2
1854837	9606.ENSP00000357624	393	5
1850229	9606.ENSP00000320295	157	40
1854887	9606.ENSP00000357799	7976	20
1842566	9606.ENSP00000216218	937	13
1847626	9606.ENSP00000295802	317	13
1858646	9606.ENSP00000381717	143	1
1854385	9606.ENSP00000355467	291	5
1853177	9606.ENSP00000347495	275	6
1850194	9606.ENSP00000319977	448	6
1848799	9606.ENSP00000305995	386	20
1855566	9606.ENSP00000360939	96.8	2
1848637	9606.ENSP00000304408	32.4	3
1856212	9606.ENSP00000364114	63.0	1
1853036	9606.ENSP00000346294	2558	16
1855843	9606.ENSP00000362268	57.0	1
1844051	9606.ENSP00000251312	33.6	1
1854565	9606.ENSP00000356278	61.6	1
1850084	9606.ENSP00000318852	213	6
1843234	9606.ENSP00000230050	101	1
1852975	9606.ENSP00000345774	93.0	5
1844740	9606.ENSP00000259951	23.7	2
1858792	9606.ENSP00000382982	232	34
1849585	9606.ENSP00000312946	6.78	1
1847597	9606.ENSP00000295640	127	6
1851531	9606.ENSP00000332886	5.79	1
1844235	9606.ENSP00000253496	22.5	1
1843556	9606.ENSP00000240304	10.3	1
1854120	9606.ENSP00000354451	4.99	2
1852189	9606.ENSP00000339221	36.1	4
1848998	9606.ENSP00000307786	642	4
1861377	9606.ENSP00000418744	244	5
1863592	9606.ENSP00000461295	16.9	1
1851289	9606.ENSP00000330836	65.9	2
1842361	9606.ENSP00000194118	15.1	1
1845293	9606.ENSP00000263126	1207	61
1851568	9606.ENSP00000333277	18.0	1
1859549	9606.ENSP00000391266	279	3
1860583	9606.ENSP00000406162	64.6	2
1861311	9606.ENSP00000417653	240	6
1853781	9606.ENSP00000351926	29.6	2
1849440	9606.ENSP00000311572	575	11
1853078	9606.ENSP00000346643	6.38	1
1847726	9606.ENSP00000296424	154	2
1860210	9606.ENSP00000400175	489	7
1842981	9606.ENSP00000223369	47.4	1
1849749	9606.ENSP00000315013	15.9	1
1861242	9606.ENSP00000416706	394	78
1855919	9606.ENSP00000362592	35.9	1
1853439	9606.ENSP00000349430	23.6	3
1842224	9606.ENSP00000054666	82.8	1
1842879	9606.ENSP00000222005	173	3
1843040	9606.ENSP00000225655	2258	27
1846243	9606.ENSP00000272298	166	4
1858211	9606.ENSP00000378130	29.3	1
1852230	9606.ENSP00000339566	676	21
1849071	9606.ENSP00000308452	16.8	5
1850028	9606.ENSP00000318197	192	26
1851713	9606.ENSP00000334373	65.4	2
1844452	9606.ENSP00000256593	48.6	4
1847239	9606.ENSP00000290541	63.5	1
1864786	9606.ENSP00000472469	318	2
1851878	9606.ENSP00000335620	39.6	2
1854504	9606.ENSP00000356022	2495	30
1851496	9606.ENSP00000332646	38.2	1
1844678	9606.ENSP00000259253	10.1	1
1853847	9606.ENSP00000352438	176	8
1843348	9606.ENSP00000233379	296	6
1856378	9606.ENSP00000364943	1521	26
1843052	9606.ENSP00000225792	59.8	5
1850888	9606.ENSP00000327070	1097	32
1847683	9606.ENSP00000296130	273	4
1842165	9606.ENSP00000011473	1237	8
1850277	9606.ENSP00000320709	470	4
1847586	9606.ENSP00000295550	67.6	17
1851636	9606.ENSP00000333837	44.3	1
1853003	9606.ENSP00000346022	70.3	1
1843274	9606.ENSP00000231061	68.4	1
1849595	9606.ENSP00000313050	91.8	2
1856426	9606.ENSP00000365227	317	2
1861467	9606.ENSP00000420213	112	28
1845770	9606.ENSP00000265563	147	6
1847295	9606.ENSP00000291565	1234	25
1849369	9606.ENSP00000310978	41.5	1
1862118	9606.ENSP00000439146	95.2	7
1854817	9606.ENSP00000357516	881	41
1855881	9606.ENSP00000362409	29.4	1
1853378	9606.ENSP00000348965	4.95	2
1845836	9606.ENSP00000265983	1302	37
1851450	9606.ENSP00000332256	11.8	4
1852883	9606.ENSP00000345008	334	6
1856351	9606.ENSP00000364802	183	23
1860874	9606.ENSP00000410833	750	32
1852273	9606.ENSP00000339933	41.3	4
1849952	9606.ENSP00000317334	53.5	2
1844396	9606.ENSP00000255945	174	3
1843087	9606.ENSP00000226355	88.1	4
1852543	9606.ENSP00000342032	337	4
1842963	9606.ENSP00000223129	88.9	1
1855447	9606.ENSP00000360305	155	4
1847604	9606.ENSP00000295685	365	9
1842489	9606.ENSP00000215567	59.8	1
1847111	9606.ENSP00000288111	283	7
1845326	9606.ENSP00000263277	2944	134
1853009	9606.ENSP00000346050	43.4	1
1862300	9606.ENSP00000445831	21.4	3
1849915	9606.ENSP00000316905	96.9	2
1848718	9606.ENSP00000305263	134	32
1849655	9606.ENSP00000313829	150	2
1848476	9606.ENSP00000302961	76.1	5
1843544	9606.ENSP00000239940	142	1
1844813	9606.ENSP00000260665	34.0	4
1856742	9606.ENSP00000366962	23.6	3
1853014	9606.ENSP00000346088	377	2
1843978	9606.ENSP00000249842	122	2
1852083	9606.ENSP00000338191	211	9
1846686	9606.ENSP00000280706	72.6	7
1851245	9606.ENSP00000330343	166	2
1842377	9606.ENSP00000198765	88.2	3
1846084	9606.ENSP00000269321	1808	14
1855840	9606.ENSP00000362249	638	10
1842635	9606.ENSP00000217073	10.7	1
1862262	9606.ENSP00000443989	95.2	7
1854742	9606.ENSP00000357122	9.17	1
1851758	9606.ENSP00000334798	124	27
1852633	9606.ENSP00000342850	219	5
1843050	9606.ENSP00000225740	6.28	2
1846238	9606.ENSP00000272227	489	9
1842781	9606.ENSP00000220325	106	11
1842463	9606.ENSP00000211076	1177	7
1849521	9606.ENSP00000312326	1093	54
1862721	9606.ENSP00000450731	54.9	1
1850913	9606.ENSP00000327336	269	14
1844162	9606.ENSP00000252804	25.9	2
1843138	9606.ENSP00000228318	620	14
1843739	9606.ENSP00000244763	79.8	1
1845162	9606.ENSP00000262507	162	4
1859833	9606.ENSP00000394863	178	2
1859026	9606.ENSP00000385269	123	3
1853623	9606.ENSP00000350708	620	13
1848311	9606.ENSP00000301587	63.3	1
1845462	9606.ENSP00000264028	85.5	3
1844420	9606.ENSP00000256324	25.4	1
1842995	9606.ENSP00000224237	33890	1420
1859339	9606.ENSP00000388293	234	2
1850407	9606.ENSP00000321988	220	7
1844114	9606.ENSP00000252250	50.8	17
1861248	9606.ENSP00000416892	24.4	1
1846416	9606.ENSP00000274813	21.6	1
1851559	9606.ENSP00000333203	86.8	2
1858137	9606.ENSP00000377470	155	4
1851941	9606.ENSP00000336888	22.8	1
1843064	9606.ENSP00000225964	34.7	4
1843237	9606.ENSP00000230085	703	10
1844334	9606.ENSP00000254878	247	2
1858236	9606.ENSP00000378323	21.6	2
1853478	9606.ENSP00000349687	113	1
1854883	9606.ENSP00000357791	31.5	2
1850715	9606.ENSP00000325146	18.9	4
1852962	9606.ENSP00000345689	403	8
1846513	9606.ENSP00000276692	34.1	1
1849174	9606.ENSP00000309431	81.0	25
1850255	9606.ENSP00000320516	383	29
1850153	9606.ENSP00000319501	73.1	3
1853012	9606.ENSP00000346067	496	10
1843861	9606.ENSP00000247207	120	14
1854966	9606.ENSP00000358158	36.6	2
1842864	9606.ENSP00000221855	61.9	1
1853645	9606.ENSP00000350894	187	6
1854045	9606.ENSP00000353864	17.9	2
1848946	9606.ENSP00000307292	1324	22
1842337	9606.ENSP00000181383	42.4	1
1857763	9606.ENSP00000373477	545	5
1851214	9606.ENSP00000330074	334	3
1843491	9606.ENSP00000238618	125	1
1856483	9606.ENSP00000365522	38.0	1
1854257	9606.ENSP00000354923	3.3	1
1850366	9606.ENSP00000321606	50.3	5
1851078	9606.ENSP00000328808	115	28
1860659	9606.ENSP00000407375	172	5
1846848	9606.ENSP00000283290	88.9	1
1851519	9606.ENSP00000332790	16.4	1
1850027	9606.ENSP00000318195	30.9	1
1851443	9606.ENSP00000332194	36.6	2
1853877	9606.ENSP00000352627	36.6	2
1856460	9606.ENSP00000365402	77.5	5
1852892	9606.ENSP00000345079	650	8
1856899	9606.ENSP00000367869	835	20
1842800	9606.ENSP00000220764	728	15
1860701	9606.ENSP00000408005	73.3	2
1855784	9606.ENSP00000362014	5.4	1
1850432	9606.ENSP00000322273	29.7	1
1853940	9606.ENSP00000353089	154	2
1853005	9606.ENSP00000346032	14353	381
1851736	9606.ENSP00000334563	1.62	1
1855378	9606.ENSP00000359991	396	13
1862817	9606.ENSP00000452780	685	5
1851723	9606.ENSP00000334448	613	4
1844889	9606.ENSP00000261336	41.6	8
1856453	9606.ENSP00000365370	36.7	2
1843846	9606.ENSP00000246957	40.5	2
1844961	9606.ENSP00000261667	16.2	1
1859071	9606.ENSP00000385834	4757	286
1861836	9606.ENSP00000430344	87.4	4
1853276	9606.ENSP00000348258	37.2	4
1853946	9606.ENSP00000353114	2.6	1
1848121	9606.ENSP00000300026	3140	37
1843820	9606.ENSP00000246533	481	5
1858162	9606.ENSP00000377696	284	6
1855208	9606.ENSP00000359297	36.7	1
1853610	9606.ENSP00000350580	14.0	2
1846542	9606.ENSP00000277865	97.9	7
1844633	9606.ENSP00000258761	36.9	1
1843949	9606.ENSP00000249071	129	6
1849206	9606.ENSP00000309629	1179	25
1853612	9606.ENSP00000350616	10.9	1
1861418	9606.ENSP00000419425	1790	27
1843463	9606.ENSP00000237530	28.3	1
1862192	9606.ENSP00000441828	337	17
1848744	9606.ENSP00000305556	839	20
1850420	9606.ENSP00000322175	53.6	1
1847870	9606.ENSP00000297440	17.4	1
1843084	9606.ENSP00000226299	260	10
1862767	9606.ENSP00000451560	127	40
1852481	9606.ENSP00000341625	1917	16
1852680	9606.ENSP00000343282	37.2	4
1855442	9606.ENSP00000360281	126	4
1846356	9606.ENSP00000274031	93.2	2
1855278	9606.ENSP00000359539	234	7
1849423	9606.ENSP00000311449	148	5
1845921	9606.ENSP00000267113	82.2	5
1842370	9606.ENSP00000196371	563	16
1845396	9606.ENSP00000263697	82.6	1
1862296	9606.ENSP00000445677	13.3	3
1842240	9606.ENSP00000071281	1978	38
1852149	9606.ENSP00000338838	31.6	1
1850212	9606.ENSP00000320171	651	32
1843945	9606.ENSP00000249042	527	10
1849274	9606.ENSP00000310226	253	13
1849373	9606.ENSP00000311028	154	1
1861221	9606.ENSP00000416330	642	23
1862025	9606.ENSP00000436318	76.2	1
1856744	9606.ENSP00000366974	37.2	4
1846811	9606.ENSP00000282633	5.08	1
1842904	9606.ENSP00000222286	13.0	1
1855782	9606.ENSP00000362010	496	15
1859957	9606.ENSP00000396688	196	38
1857254	9606.ENSP00000369981	64.1	2
1847955	9606.ENSP00000298351	26.8	1
1845311	9606.ENSP00000263238	231	6
1846469	9606.ENSP00000276062	86.3	1
1843106	9606.ENSP00000227251	3290	42
1852173	9606.ENSP00000339095	67.6	1
1854470	9606.ENSP00000355880	36.3	1
1858232	9606.ENSP00000378306	18.8	2
1847485	9606.ENSP00000294435	1295	6
1857124	9606.ENSP00000369317	50.8	17
1847605	9606.ENSP00000295688	95.9	4
1846716	9606.ENSP00000281243	654	9
1842128	9606.ENSP00000005257	401	5
1856784	9606.ENSP00000367196	400	3
1850623	9606.ENSP00000324204	155	1
1851821	9606.ENSP00000335203	97.1	1
1852250	9606.ENSP00000339787	139	8
1852923	9606.ENSP00000345341	91.6	3
1843314	9606.ENSP00000232461	28.2	7
1842600	9606.ENSP00000216465	70.2	1
1855844	9606.ENSP00000362273	139	2
1848520	9606.ENSP00000303351	427	19
1850494	9606.ENSP00000322909	41.3	1
1852412	9606.ENSP00000341094	36.6	2
1854225	9606.ENSP00000354826	69.3	3
1849897	9606.ENSP00000316729	11.0	1
1851661	9606.ENSP00000334008	909	19
1859040	9606.ENSP00000385479	18.0	1
1848662	9606.ENSP00000304697	312	30
1860871	9606.ENSP00000410815	69.3	12
1844326	9606.ENSP00000254806	83.3	1
1853976	9606.ENSP00000353408	1233	64
1850309	9606.ENSP00000321070	23.5	1
1845920	9606.ENSP00000267103	110	3
1860446	9606.ENSP00000404011	112	43
1844408	9606.ENSP00000256119	6728	102
1854454	9606.ENSP00000355778	18.0	1
1842433	9606.ENSP00000205948	1413	25
1842316	9606.ENSP00000171887	360	30
1857846	9606.ENSP00000374332	100	2
1849551	9606.ENSP00000312618	87.9	4
1861468	9606.ENSP00000420227	9.95	1
1860649	9606.ENSP00000407182	19.5	1
1853912	9606.ENSP00000352918	442	4
1854433	9606.ENSP00000355657	18.0	1
1844188	9606.ENSP00000253024	50.2	1
1842645	9606.ENSP00000217182	1602	90
1853891	9606.ENSP00000352706	697	20
1844350	9606.ENSP00000255040	775	10
1855489	9606.ENSP00000360525	37.3	1
1843038	9606.ENSP00000225614	47.6	1
1846264	9606.ENSP00000272519	204	3
1858384	9606.ENSP00000379616	1.68	1
1844979	9606.ENSP00000261735	514	8
1846653	9606.ENSP00000280154	33.7	1
1854262	9606.ENSP00000354947	716	12
1854092	9606.ENSP00000354219	1641	51
1848411	9606.ENSP00000302486	256	6
1852993	9606.ENSP00000345968	120	2
1842988	9606.ENSP00000223642	19.4	2
1855399	9606.ENSP00000360124	1107	46
1846322	9606.ENSP00000273398	24.8	1
1854963	9606.ENSP00000358153	37.2	4
1843826	9606.ENSP00000246554	314	3
1848936	9606.ENSP00000307241	399	10
1854562	9606.ENSP00000356263	105	3
1847231	9606.ENSP00000290401	33.1	1
1851686	9606.ENSP00000334153	100	3
1852546	9606.ENSP00000342070	106	2
1849624	9606.ENSP00000313432	656	11
1860122	9606.ENSP00000398880	0.812	1
1847279	9606.ENSP00000291295	166	4
1858506	9606.ENSP00000380702	183	2
1854818	9606.ENSP00000357535	1261	23
1856352	9606.ENSP00000364805	75.8	14
1854861	9606.ENSP00000357727	543	7
1842461	9606.ENSP00000210444	144	2
1858078	9606.ENSP00000376889	619	28
1842551	9606.ENSP00000216129	39.5	2
1849571	9606.ENSP00000312734	91.5	10
1858807	9606.ENSP00000383168	142	7
1848062	9606.ENSP00000299427	212	5
1856677	9606.ENSP00000366620	87.8	5
1857438	9606.ENSP00000371230	614	15
1846317	9606.ENSP00000273359	37.7	1
1846554	9606.ENSP00000278222	825	7
1847386	9606.ENSP00000292896	106	10
1855757	9606.ENSP00000361878	485	14
1846175	9606.ENSP00000270776	1386	38
1849480	9606.ENSP00000311984	87.7	2
1856324	9606.ENSP00000364691	4.6	2
1844842	9606.ENSP00000261023	12.3	1
1846622	9606.ENSP00000279227	8.7	2
1844253	9606.ENSP00000253799	236	20
1862129	9606.ENSP00000439493	18.0	1
1844713	9606.ENSP00000259667	433	6
1854437	9606.ENSP00000355689	113	2
1850713	9606.ENSP00000325136	425	16
1847783	9606.ENSP00000296754	83.8	5
1856578	9606.ENSP00000366124	370	3
1848910	9606.ENSP00000307077	15.0	1
1862027	9606.ENSP00000436337	4.52	1
1842838	9606.ENSP00000221466	263	3
1851969	9606.ENSP00000337168	6.11	1
1848758	9606.ENSP00000305675	1704	37
1853762	9606.ENSP00000351740	67.4	2
1843563	9606.ENSP00000240343	270	3
1843365	9606.ENSP00000233714	235	6
1846277	9606.ENSP00000272748	89.8	2
1848923	9606.ENSP00000307156	218	25
1847163	9606.ENSP00000289316	23.6	3
1846627	9606.ENSP00000279263	99.3	1
1853766	9606.ENSP00000351777	24.2	2
1845208	9606.ENSP00000262746	3103	66
1850599	9606.ENSP00000323929	386	43
1858179	9606.ENSP00000377833	710	19
1853848	9606.ENSP00000352442	23.6	3
1863115	9606.ENSP00000457330	24.2	1
1848986	9606.ENSP00000307705	503	20
1853541	9606.ENSP00000350052	213	93
1860845	9606.ENSP00000410403	10.9	3
1855402	9606.ENSP00000360141	241	15
1854996	9606.ENSP00000358307	27.9	1
1849186	9606.ENSP00000309515	103	2
1843394	9606.ENSP00000234310	80.6	1
1850897	9606.ENSP00000327145	26.5	14
1845343	9606.ENSP00000263373	5.32	2
1856793	9606.ENSP00000367220	465	8
1859774	9606.ENSP00000394107	205	6
1855744	9606.ENSP00000361824	312	61
1861867	9606.ENSP00000431254	4915	59
1850962	9606.ENSP00000327801	994	43
1843726	9606.ENSP00000244573	315	12
1847627	9606.ENSP00000295822	159	2
1849330	9606.ENSP00000310670	19.8	1
1849425	9606.ENSP00000311469	9.2	1
1844285	9606.ENSP00000254301	2528	28
1861841	9606.ENSP00000430505	255	7
1857220	9606.ENSP00000369785	43.9	1
1852107	9606.ENSP00000338413	125	6
1854402	9606.ENSP00000355537	22.0	4
1847404	9606.ENSP00000293308	144	51
1846984	9606.ENSP00000285930	255	8
1857244	9606.ENSP00000369927	2717	91
1842562	9606.ENSP00000216194	34.9	1
1856733	9606.ENSP00000366927	61.0	5
1858135	9606.ENSP00000377446	847	14
1842679	9606.ENSP00000217958	71.9	1
1848071	9606.ENSP00000299498	13.7	1
1853509	9606.ENSP00000349887	157	3
1844190	9606.ENSP00000253039	82.1	2
1854153	9606.ENSP00000354573	0.824	1
1854329	9606.ENSP00000355217	142	4
1852793	9606.ENSP00000344259	172	2
1844558	9606.ENSP00000257951	41.1	26
1858193	9606.ENSP00000377941	243	27
1845277	9606.ENSP00000263080	41.3	1
1862194	9606.ENSP00000441875	67.6	2
1847801	9606.ENSP00000296869	67.8	8
1850707	9606.ENSP00000325074	76.5	2
1846140	9606.ENSP00000270233	22.8	1
1854763	9606.ENSP00000357204	33.9	1
1848835	9606.ENSP00000306361	1028	46
1855943	9606.ENSP00000362688	28.8	1
1845170	9606.ENSP00000262551	1537	36
1844406	9606.ENSP00000256103	4333	55
1847426	9606.ENSP00000293670	13.2	3
1850072	9606.ENSP00000318697	197	31
1858997	9606.ENSP00000384900	23.1	1
1843794	9606.ENSP00000246024	111	2
1848334	9606.ENSP00000301764	13.0	1
1855950	9606.ENSP00000362718	37.4	1
1847903	9606.ENSP00000297785	639	29
1845397	9606.ENSP00000263702	221	4
1842655	9606.ENSP00000217289	9.53	2
1850118	9606.ENSP00000319141	97.4	1
1848102	9606.ENSP00000299767	570	35
1853437	9606.ENSP00000349415	44.6	1
1849976	9606.ENSP00000317674	78.1	2
1857133	9606.ENSP00000369349	14.4	3
1850568	9606.ENSP00000323678	59.7	1
1848178	9606.ENSP00000300408	44.3	1
1853048	9606.ENSP00000346402	497	13
1843827	9606.ENSP00000246635	108	9
1856105	9606.ENSP00000363500	447	9
1842913	9606.ENSP00000222381	137	3
1850618	9606.ENSP00000324173	866	31
1852130	9606.ENSP00000338703	560	19
1842558	9606.ENSP00000216181	1.67	1
1848400	9606.ENSP00000302393	51.8	5
1855121	9606.ENSP00000358867	295	23
1844229	9606.ENSP00000253452	223	3
1850450	9606.ENSP00000322439	525	21
1857240	9606.ENSP00000369899	48.9	2
1854111	9606.ENSP00000354376	14.1	1
1859634	9606.ENSP00000392330	521	10
1857206	9606.ENSP00000369703	361	49
1862335	9606.ENSP00000446743	17.9	1
1853397	9606.ENSP00000349142	204	4
1843148	9606.ENSP00000228510	46.2	1
1843860	9606.ENSP00000247194	155	4
1850940	9606.ENSP00000327589	99.6	7
1847021	9606.ENSP00000286621	271	7
1853373	9606.ENSP00000348924	23.6	3
1848430	9606.ENSP00000302621	502	11
1853110	9606.ENSP00000346954	264	2
1861995	9606.ENSP00000435289	128	1
1860459	9606.ENSP00000404121	18.7	1
1842957	9606.ENSP00000223061	45.3	1
1861761	9606.ENSP00000428845	50.7	1
1846235	9606.ENSP00000272217	52.9	2
1846123	9606.ENSP00000269980	71.0	4
1852164	9606.ENSP00000339007	51.9	1
1854681	9606.ENSP00000356859	160	1
1852912	9606.ENSP00000345230	1303	47
1852102	9606.ENSP00000338358	335	11
1861300	9606.ENSP00000417517	14.8	2
1846311	9606.ENSP00000273308	26.5	1
1858092	9606.ENSP00000377015	24.4	1
1848317	9606.ENSP00000301653	95.5	32
1858595	9606.ENSP00000381340	226	7
1860439	9606.ENSP00000403936	110	3
1844885	9606.ENSP00000261313	3563	34
1856156	9606.ENSP00000363773	88.7	1
1842174	9606.ENSP00000013034	1256	25
1850182	9606.ENSP00000319788	1731	25
1849018	9606.ENSP00000307900	275	3
1853015	9606.ENSP00000346103	612	10
1854589	9606.ENSP00000356395	49.2	2
1853681	9606.ENSP00000351190	249	15
1851624	9606.ENSP00000333769	1108	13
1847208	9606.ENSP00000290158	179	8
1842591	9606.ENSP00000216392	742	51
1854011	9606.ENSP00000353654	30.7	3
1853630	9606.ENSP00000350767	37.2	4
1845225	9606.ENSP00000262850	43.5	2
1845265	9606.ENSP00000263025	340	11
1847132	9606.ENSP00000288666	10.6	1
1847961	9606.ENSP00000298428	25.7	1
1843192	9606.ENSP00000229277	178	8
1863147	9606.ENSP00000457733	115	4
1849903	9606.ENSP00000316779	55.9	1
1853556	9606.ENSP00000350199	25.0	3
1846685	9606.ENSP00000280704	20.7	2
1854278	9606.ENSP00000355011	77.5	2
1857091	9606.ENSP00000369081	676	15
1858108	9606.ENSP00000377192	151	7
1847266	9606.ENSP00000290921	143	5
1856272	9606.ENSP00000364448	21.1	2
1857098	9606.ENSP00000369134	272	10
1861507	9606.ENSP00000420914	122	6
1858630	9606.ENSP00000381607	1296	15
1856938	9606.ENSP00000368124	20.4	1
1858389	9606.ENSP00000379678	19.3	1
1845675	9606.ENSP00000265052	791	15
1860287	9606.ENSP00000401508	64.5	2
1854964	9606.ENSP00000358154	18.0	1
1843540	9606.ENSP00000239891	56.7	1
1842535	9606.ENSP00000216038	134	5
1845791	9606.ENSP00000265717	625	16
1846470	9606.ENSP00000276066	18.4	3
1852520	9606.ENSP00000341911	146	4
1847574	9606.ENSP00000295448	68.4	2
1859522	9606.ENSP00000390849	164	4
1845596	9606.ENSP00000264690	69.5	4
1844115	9606.ENSP00000252252	323	42
1852038	9606.ENSP00000337773	222	4
1846798	9606.ENSP00000282486	89.4	1
1850938	9606.ENSP00000327583	172	2
1843188	9606.ENSP00000229264	104	8
1845149	9606.ENSP00000262455	119	4
1850611	9606.ENSP00000324101	277	3
1858257	9606.ENSP00000378430	5903	12
1861356	9606.ENSP00000418401	118	2
1859791	9606.ENSP00000394316	202	6
1844155	9606.ENSP00000252725	39.7	1
1857313	9606.ENSP00000370376	73.3	1
1851612	9606.ENSP00000333667	22.0	1
1846222	9606.ENSP00000272065	145	2
1852022	9606.ENSP00000337632	73.9	1
1852220	9606.ENSP00000339467	67.1	2
1844939	9606.ENSP00000261574	11.7	1
1848580	9606.ENSP00000303908	54.9	2
1853267	9606.ENSP00000348163	236	17
1859418	9606.ENSP00000389289	28.6	2
1843934	9606.ENSP00000248935	110	2
1849313	9606.ENSP00000310572	36.1	1
1853404	9606.ENSP00000349168	206	6
1842723	9606.ENSP00000219150	265	6
1860352	9606.ENSP00000402551	339	5
1858818	9606.ENSP00000383234	4.77	1
1845043	9606.ENSP00000262030	2502	78
1853777	9606.ENSP00000351885	138	2
1847518	9606.ENSP00000295006	195	8
1845947	9606.ENSP00000267484	82.3	4
1854978	9606.ENSP00000358211	259	14
1852244	9606.ENSP00000339730	19.1	2
1843147	9606.ENSP00000228506	51.2	1
1849038	9606.ENSP00000308165	2596	46
1850146	9606.ENSP00000319412	47.7	1
1849358	9606.ENSP00000310861	1433	102
1856177	9606.ENSP00000363899	79.7	2
1858145	9606.ENSP00000377527	150	12
1843696	9606.ENSP00000244043	148	5
1861223	9606.ENSP00000416387	36.5	1
1849694	9606.ENSP00000314299	205	5
1852066	9606.ENSP00000338034	101	2
1843974	9606.ENSP00000249750	14.8	4
1858336	9606.ENSP00000379157	28.2	1
1852957	9606.ENSP00000345656	243	3
1856019	9606.ENSP00000363054	363	5
1850680	9606.ENSP00000324804	252	12
1852389	9606.ENSP00000340944	73.0	4
1857513	9606.ENSP00000371798	406	13
1844001	9606.ENSP00000250244	14.3	1
1858077	9606.ENSP00000376886	979	25
1861022	9606.ENSP00000413479	11.2	6
1851649	9606.ENSP00000333946	48.8	1
1844327	9606.ENSP00000254810	18.0	1
1848527	9606.ENSP00000303423	110	2
1854773	9606.ENSP00000357283	2892	160
1856926	9606.ENSP00000368025	3.92	1
1854649	9606.ENSP00000356671	912	24
1844876	9606.ENSP00000261263	88.3	2
1849035	9606.ENSP00000308117	41.4	1
1846664	9606.ENSP00000280326	20.2	1
1848031	9606.ENSP00000299198	501	10
1847443	9606.ENSP00000293831	663	22
1842583	9606.ENSP00000216330	47.5	1
1843445	9606.ENSP00000236959	51.9	3
1850617	9606.ENSP00000324172	16.7	4
1860849	9606.ENSP00000410452	43.2	1
1845677	9606.ENSP00000265062	408	9
1842482	9606.ENSP00000215375	191	1
1847722	9606.ENSP00000296412	636	15
1854306	9606.ENSP00000355136	280	19
1862287	9606.ENSP00000445077	28.6	1
1848555	9606.ENSP00000303585	1.67	1
1842672	9606.ENSP00000217515	472	6
1856806	9606.ENSP00000367309	449	18
1857747	9606.ENSP00000373340	11.2	1
1845983	9606.ENSP00000267996	1067	40
1860749	9606.ENSP00000408979	11.4	3
1855678	9606.ENSP00000361508	32.2	1
1846443	9606.ENSP00000275428	112	2
1846500	9606.ENSP00000276569	54.3	1
1842546	9606.ENSP00000216117	48.1	1
1857286	9606.ENSP00000370194	39.1	1
1854859	9606.ENSP00000357721	782	6
1845524	9606.ENSP00000264335	5090	137
1847245	9606.ENSP00000290597	784	26
1858735	9606.ENSP00000382476	7.41	1
1854965	9606.ENSP00000358155	36.6	2
1845822	9606.ENSP00000265881	39.4	1
1862334	9606.ENSP00000446714	213	5
1856376	9606.ENSP00000364934	701	15
1845466	9606.ENSP00000264036	709	30
1854304	9606.ENSP00000355124	51.0	6
1846206	9606.ENSP00000271638	2648	20
1845315	9606.ENSP00000263246	31.6	1
1850612	9606.ENSP00000324105	178	8
1843197	9606.ENSP00000229319	3769	73
1849692	9606.ENSP00000314214	110	1
1853039	9606.ENSP00000346316	37.2	4
1848191	9606.ENSP00000300574	75.8	2
1844221	9606.ENSP00000253382	265	8
1845046	9606.ENSP00000262033	65.3	1
1842109	9606.ENSP00000000233	99.3	3
1843766	9606.ENSP00000245551	37.3	1
1857560	9606.ENSP00000372155	247	5
1850396	9606.ENSP00000321853	214	6
1855320	9606.ENSP00000359685	52.5	1
1852298	9606.ENSP00000340211	45.4	1
1856910	9606.ENSP00000367923	383	14
1859246	9606.ENSP00000387176	173	70
1860870	9606.ENSP00000410769	42.4	1
1844699	9606.ENSP00000259469	342	1
1843380	9606.ENSP00000234038	241	7
1849827	9606.ENSP00000315931	43.0	3
1843003	9606.ENSP00000224784	1940	229
1847158	9606.ENSP00000289228	42.0	2
1853228	9606.ENSP00000347890	5.2	1
1851211	9606.ENSP00000330054	3035	117
1855488	9606.ENSP00000360519	1266	17
1843828	9606.ENSP00000246646	6.86	3
1845353	9606.ENSP00000263408	212	7
1842300	9606.ENSP00000167586	151	34
1850346	9606.ENSP00000321389	11.7	1
1855016	9606.ENSP00000358417	378	12
1853652	9606.ENSP00000350941	10.1	1
1846132	9606.ENSP00000270142	1899	13
1852523	9606.ENSP00000341940	291	5
1849235	9606.ENSP00000309845	103	6
1861539	9606.ENSP00000421725	1709	50
1860141	9606.ENSP00000399168	82.8	5
1845602	9606.ENSP00000264710	165	11
1850384	9606.ENSP00000321744	23.6	3
1842830	9606.ENSP00000221418	870	18
1844453	9606.ENSP00000256594	121	6
1855683	9606.ENSP00000361536	108	1
1860696	9606.ENSP00000407952	49.0	3
1842615	9606.ENSP00000216714	141	3
1846836	9606.ENSP00000283179	207	9
1853938	9606.ENSP00000353074	23.6	3
1848075	9606.ENSP00000299529	24.8	1
1854219	9606.ENSP00000354791	12.3	1
1844727	9606.ENSP00000259818	295	47
1852398	9606.ENSP00000340989	735	45
1846923	9606.ENSP00000284719	207	6
1843405	9606.ENSP00000234590	3318	87
1856126	9606.ENSP00000363614	219	5
1845159	9606.ENSP00000262493	111	14
1855039	9606.ENSP00000358510	544	5
1858515	9606.ENSP00000380795	129	2
1857423	9606.ENSP00000371138	1698	8
1852510	9606.ENSP00000341826	272	9
1845102	9606.ENSP00000262269	1.61	1
1842226	9606.ENSP00000054950	61.1	1
1854764	9606.ENSP00000357206	21.8	2
1852064	9606.ENSP00000338020	38.6	3
1863869	9606.ENSP00000464265	50.3	6
1856045	9606.ENSP00000363216	14.0	2
1845966	9606.ENSP00000267814	34.0	1
1861337	9606.ENSP00000417970	8.1	2
1851610	9606.ENSP00000333664	265	4
1843108	9606.ENSP00000227266	28.3	1
1850048	9606.ENSP00000318415	25.8	1
1846793	9606.ENSP00000282412	40.4	1
1854122	9606.ENSP00000354458	20.3	1
1854014	9606.ENSP00000353660	925	9
1845899	9606.ENSP00000266732	45.8	2
