#id: 430
#name: H.sapiens - Plasma, Non alkylated, SC (Qian,MCP,2005)
#score: 0.04
#weight: 100%
#description: abundance based on Spectral counting, non alkylated, from<a href="http://www.ncbi.nlm.nih.gov/pmc/articles/PMC1829297/" target="_blank">Qian,MCP,2005</a><br/><b>Interaction consistency score</b>: 0.04&nbsp<b>Coverage</b>: 3
#organ: PLASMA
#integrated: false
#coverage: 3
#publication_year: 2005
#filename: 9606-human3_non-alkylatedPlasma_PRIDE.txt
#
#internal_id	string_external_id	abundance	raw_spectral_count
1852739	9606.ENSP00000343764	0.206	4
1863965	9606.ENSP00000466775	8792	380
1845635	9606.ENSP00000264870	56.4	22
1848922	9606.ENSP00000307155	32.8	28
1848886	9606.ENSP00000306864	11.1	4
1864897	9606.ENSP00000473036	3.54	2
1854401	9606.ENSP00000355536	3.25	4
1859255	9606.ENSP00000387262	3.88	2
1845214	9606.ENSP00000262776	86.3	40
1856840	9606.ENSP00000367476	1.7	2
1855250	9606.ENSP00000359446	249	106
1853440	9606.ENSP00000349436	3.31	2
1847456	9606.ENSP00000293925	2.83	2
1861208	9606.ENSP00000416126	44.1	2
1855907	9606.ENSP00000362551	6.63	2
1856164	9606.ENSP00000363822	6.97	4
1848560	9606.ENSP00000303706	9.32	2
1851932	9606.ENSP00000336829	15077	8032
1851357	9606.ENSP00000331544	37.6	18
1853469	9606.ENSP00000349629	1.37	2
1860204	9606.ENSP00000400113	8.11	2
1842627	9606.ENSP00000216862	2.76	2
1844247	9606.ENSP00000253754	6.99	2
1857377	9606.ENSP00000370808	1.65	2
1845583	9606.ENSP00000264651	22.0	24
1859035	9606.ENSP00000385450	1.15	2
1849326	9606.ENSP00000310649	5.07	2
1845847	9606.ENSP00000266041	5808	3228
1859614	9606.ENSP00000392028	1.58	4
1851354	9606.ENSP00000331514	35.3	38
1849806	9606.ENSP00000315662	1.47	2
1861233	9606.ENSP00000416561	2330	1774
1842994	9606.ENSP00000224181	555	134
1857197	9606.ENSP00000369654	1826	1088
1861189	9606.ENSP00000415941	3733	6306
1855488	9606.ENSP00000360519	213	60
1855169	9606.ENSP00000359085	4.24	2
1843728	9606.ENSP00000244601	3.73	6
1858150	9606.ENSP00000377566	5.08	2
1842567	9606.ENSP00000216223	5.01	2
1856537	9606.ENSP00000365851	10.7	2
1844755	9606.ENSP00000260118	8.06	2
1856405	9606.ENSP00000365081	118	18
1849314	9606.ENSP00000310573	65.0	130
1854585	9606.ENSP00000356382	13.2	14
1849657	9606.ENSP00000313851	1.72	2
1854032	9606.ENSP00000353769	16.1	12
1851431	9606.ENSP00000332123	7.56	2
1857224	9606.ENSP00000369816	129	22
1855516	9606.ENSP00000360671	1.69	2
1845551	9606.ENSP00000264447	3.4	2
1845897	9606.ENSP00000266718	573	158
1859926	9606.ENSP00000396301	7.35	2
1853148	9606.ENSP00000347232	1.76	2
1852116	9606.ENSP00000338556	2.52	2
1853814	9606.ENSP00000352208	1.54	4
1850557	9606.ENSP00000323584	2.54	2
1861655	9606.ENSP00000425446	23.0	6
1847542	9606.ENSP00000295137	24.7	40
1842404	9606.ENSP00000202677	0.989	2
1847601	9606.ENSP00000295666	13.9	2
1853055	9606.ENSP00000346453	1.46	2
1853237	9606.ENSP00000347933	7.12	2
1849840	9606.ENSP00000316042	6.63	2
1857775	9606.ENSP00000373586	19.8	4
1863161	9606.ENSP00000457868	1.08	2
1846563	9606.ENSP00000278407	2069	698
1843864	9606.ENSP00000247226	7.59	8
1858086	9606.ENSP00000376946	14.6	8
1844779	9606.ENSP00000260356	1.76	2
1848242	9606.ENSP00000301067	0.874	2
1849394	9606.ENSP00000311221	15.5	2
1849258	9606.ENSP00000310111	9.73	2
1849594	9606.ENSP00000313046	2.25	2
1850731	9606.ENSP00000325377	2.23	2
1848824	9606.ENSP00000306261	0.167	2
1849051	9606.ENSP00000308292	6.33	2
1856749	9606.ENSP00000366995	1.19	2
1847119	9606.ENSP00000288228	13.9	2
1854428	9606.ENSP00000355645	24.2	40
1847507	9606.ENSP00000294800	4.39	2
1843806	9606.ENSP00000246115	15.9	2
1845374	9606.ENSP00000263598	65.3	2
1854507	9606.ENSP00000356037	408	200
1855161	9606.ENSP00000359045	4.27	2
1855039	9606.ENSP00000358510	22.5	2
1857379	9606.ENSP00000370826	2.56	2
1843701	9606.ENSP00000244137	10.5	2
1842498	9606.ENSP00000215727	1249	378
1845869	9606.ENSP00000266397	37.3	2
1843442	9606.ENSP00000236850	60741	14494
1860583	9606.ENSP00000406162	3.68	2
1845063	9606.ENSP00000262102	2.63	6
1845244	9606.ENSP00000262919	29.1	32
1852870	9606.ENSP00000344871	10.6	6
1854695	9606.ENSP00000356946	9.2	2
1842172	9606.ENSP00000012134	0.977	2
1856602	9606.ENSP00000366249	6.0	2
1847997	9606.ENSP00000298841	156	48
1851002	9606.ENSP00000328173	463	278
1843791	9606.ENSP00000246006	6.46	2
1856668	9606.ENSP00000366563	2.72	2
1845671	9606.ENSP00000265029	129	24
1844997	9606.ENSP00000261800	0.411	2
1854148	9606.ENSP00000354560	5.99	2
1844071	9606.ENSP00000251595	752	184
1846837	9606.ENSP00000283195	0.901	2
1853798	9606.ENSP00000352101	2.4	2
1862107	9606.ENSP00000438833	2.19	2
1856884	9606.ENSP00000367787	2.67	2
1845575	9606.ENSP00000264613	8428	5106
1853794	9606.ENSP00000352047	13.8	4
1848931	9606.ENSP00000307208	0.926	2
1843003	9606.ENSP00000224784	24.2	40
1854538	9606.ENSP00000356155	1.95	2
1849560	9606.ENSP00000312671	1.75	2
1843307	9606.ENSP00000232003	3071	738
1856916	9606.ENSP00000367959	18.1	2
1844475	9606.ENSP00000256925	7.91	2
1861517	9606.ENSP00000421191	1.51	2
1858051	9606.ENSP00000376615	9.28	2
1844317	9606.ENSP00000254722	709	230
1843714	9606.ENSP00000244364	0.702	2
1854629	9606.ENSP00000356574	12.3	8
1845212	9606.ENSP00000262765	1.32	2
1842663	9606.ENSP00000217407	164	34
1853333	9606.ENSP00000348706	3.73	6
1857556	9606.ENSP00000372124	33.7	28
1854213	9606.ENSP00000354772	48.9	6
1857596	9606.ENSP00000372484	33.7	28
1856452	9606.ENSP00000365362	42.9	2
1852071	9606.ENSP00000338082	1109	928
1855677	9606.ENSP00000361502	29.6	10
1858874	9606.ENSP00000383851	3.4	2
1844089	9606.ENSP00000251900	3.34	4
1855821	9606.ENSP00000362153	3.74	2
1845038	9606.ENSP00000261994	51.6	12
1856298	9606.ENSP00000364589	6.92	10
1853068	9606.ENSP00000346576	26.4	10
1848526	9606.ENSP00000303408	3.73	6
1844904	9606.ENSP00000261405	34.1	54
1851335	9606.ENSP00000331363	3.81	2
1858233	9606.ENSP00000378307	1.45	2
1851139	9606.ENSP00000329360	23.5	2
1853841	9606.ENSP00000352413	3.43	2
1857484	9606.ENSP00000371548	14.8	4
1849999	9606.ENSP00000317985	7.05	4
1844368	9606.ENSP00000255266	2.11	2
1844023	9606.ENSP00000250831	32.8	28
1847195	9606.ENSP00000289932	5.22	2
1848020	9606.ENSP00000299140	44.9	10
1855990	9606.ENSP00000362924	3178	1222
1853372	9606.ENSP00000348918	1579	260
1842671	9606.ENSP00000217456	3.01	2
1853595	9606.ENSP00000350425	8946	2876
1861424	9606.ENSP00000419485	29.4	2
1855583	9606.ENSP00000361009	1.67	2
1853523	9606.ENSP00000349960	35.3	38
1849670	9606.ENSP00000313967	2084	612
1856401	9606.ENSP00000365063	20.4	2
1849071	9606.ENSP00000308452	418	198
1856639	9606.ENSP00000366404	2.83	2
1848798	9606.ENSP00000305988	9.74	2
1854139	9606.ENSP00000354525	31.5	2
1843027	9606.ENSP00000225512	10.6	2
1855436	9606.ENSP00000360266	8.55	2
1850687	9606.ENSP00000324856	3.96	2
1843448	9606.ENSP00000237014	16065	1348
1851898	9606.ENSP00000336606	3.36	2
1852755	9606.ENSP00000343924	10.7	2
1859839	9606.ENSP00000394936	1662	436
1851419	9606.ENSP00000331983	1.69	2
1844267	9606.ENSP00000254051	2.78	2
1844129	9606.ENSP00000252491	116563	646
1848874	9606.ENSP00000306688	37.2	2
1849689	9606.ENSP00000314173	11.4	2
1845306	9606.ENSP00000263208	6.34	2
1849315	9606.ENSP00000310585	21.7	4
1853328	9606.ENSP00000348648	28.9	4
1846240	9606.ENSP00000272238	9.81	2
1850119	9606.ENSP00000319166	1.04	2
1845201	9606.ENSP00000262717	1.28	2
1858893	9606.ENSP00000384018	0.904	2
1851658	9606.ENSP00000333994	8088	1742
1857571	9606.ENSP00000372224	99.0	24
1849124	9606.ENSP00000308908	32.8	4
1852626	9606.ENSP00000342818	113	16
1854558	9606.ENSP00000356247	4.65	4
1853269	9606.ENSP00000348170	16672	5520
1849805	9606.ENSP00000315659	2.56	4
1850148	9606.ENSP00000319464	165	58
1843110	9606.ENSP00000227348	12.8	2
1857465	9606.ENSP00000371419	2.63	4
1846114	9606.ENSP00000269848	153	60
1853416	9606.ENSP00000349274	6.36	4
1843260	9606.ENSP00000230588	5.57	2
1856676	9606.ENSP00000366618	3.73	6
1849884	9606.ENSP00000316596	12.5	2
1852488	9606.ENSP00000341674	2.5	2
1846728	9606.ENSP00000281456	1.59	2
1863927	9606.ENSP00000465845	16.3	2
1862130	9606.ENSP00000439551	2.53	2
1858715	9606.ENSP00000382269	0.713	2
1844849	9606.ENSP00000261167	7.82	2
1852981	9606.ENSP00000345824	1.6	2
1856545	9606.ENSP00000365906	10.0	2
1861272	9606.ENSP00000417182	3.55	2
1845957	9606.ENSP00000267584	5.18	4
1847922	9606.ENSP00000298047	1.53	4
1845329	9606.ENSP00000263314	6.36	2
1859592	9606.ENSP00000391751	26.8	2
1848935	9606.ENSP00000307240	0.326	2
1843322	9606.ENSP00000232744	11.4	2
1862799	9606.ENSP00000452347	289	56
1862231	9606.ENSP00000442736	2.72	2
1849838	9606.ENSP00000316030	4.9	2
1859939	9606.ENSP00000396505	13575	970
1854561	9606.ENSP00000356257	13.5	2
1862300	9606.ENSP00000445831	3.71	6
1858337	9606.ENSP00000379168	1.63	2
1854590	9606.ENSP00000356399	973	834
1851384	9606.ENSP00000331734	19.5	2
1851434	9606.ENSP00000332139	97.4	20
1848015	9606.ENSP00000299045	5.05	2
1860621	9606.ENSP00000406751	3.2	2
1859481	9606.ENSP00000390158	1.39	4
1859567	9606.ENSP00000391488	3.06	2
1848001	9606.ENSP00000298875	3.5	2
1860678	9606.ENSP00000407724	8.98	2
1859769	9606.ENSP00000394051	13.7	6
1849631	9606.ENSP00000313506	8.45	2
1860441	9606.ENSP00000403954	2.71	4
1845878	9606.ENSP00000266542	240	96
1856691	9606.ENSP00000366682	8.44	2
1848071	9606.ENSP00000299498	17.4	2
1849424	9606.ENSP00000311453	8.2	4
1861768	9606.ENSP00000428982	26.3	2
1844112	9606.ENSP00000252244	3529	1198
1850464	9606.ENSP00000322579	7.93	2
1853093	9606.ENSP00000346805	15.9	4
1850445	9606.ENSP00000322396	7.46	2
1853454	9606.ENSP00000349508	3.65	2
1854268	9606.ENSP00000354961	37.1	2
1855588	9606.ENSP00000361027	3.11	2
1855223	9606.ENSP00000359356	3.83	2
1854096	9606.ENSP00000354251	5.45	2
1861886	9606.ENSP00000431759	0.84	2
1858063	9606.ENSP00000376793	4016	1470
1845675	9606.ENSP00000265052	8.51	2
1843077	9606.ENSP00000226218	2054	776
1842421	9606.ENSP00000204679	31.0	4
1842160	9606.ENSP00000009530	19.4	2
1858765	9606.ENSP00000382717	5.02	2
1848217	9606.ENSP00000300850	1.63	2
1859174	9606.ENSP00000386488	18.2	2
1860430	9606.ENSP00000403712	28.2	4
1853741	9606.ENSP00000351618	3.34	2
1858903	9606.ENSP00000384144	2.79	2
1845668	9606.ENSP00000265023	1286	558
1860102	9606.ENSP00000398688	4.44	2
1861835	9606.ENSP00000430338	1.56	2
1862817	9606.ENSP00000452780	136	18
1845739	9606.ENSP00000265379	0.87	2
1860571	9606.ENSP00000406022	2.6	2
1849461	9606.ENSP00000311766	6.44	2
1850213	9606.ENSP00000320176	13.1	2
1845779	9606.ENSP00000265627	7.86	6
1846926	9606.ENSP00000284776	3.99	2
1843779	9606.ENSP00000245838	1.76	2
1858028	9606.ENSP00000376417	1.9	2
1856185	9606.ENSP00000363965	9.77	2
1845772	9606.ENSP00000265565	27.6	22
1849153	9606.ENSP00000309166	23.0	6
1854424	9606.ENSP00000355627	683	306
1852949	9606.ENSP00000345555	3.6	2
1849492	9606.ENSP00000312081	3.07	2
1847865	9606.ENSP00000297423	4.47	2
1849989	9606.ENSP00000317891	3.69	2
1845889	9606.ENSP00000266646	6.0	2
1851275	9606.ENSP00000330658	1.95	2
1848617	9606.ENSP00000304236	200	34
1856909	9606.ENSP00000367913	4.62	2
1848911	9606.ENSP00000307078	1.2	2
1853752	9606.ENSP00000351682	69.3	42
1849199	9606.ENSP00000309572	2.77	2
1861242	9606.ENSP00000416706	6.35	14
1854817	9606.ENSP00000357516	11.0	4
1862707	9606.ENSP00000450560	4.16	2
1856155	9606.ENSP00000363768	635	112
1856512	9606.ENSP00000365693	36.1	2
1854106	9606.ENSP00000354341	9.09	2
1858211	9606.ENSP00000378130	454	196
1853136	9606.ENSP00000347169	6.57	2
1852335	9606.ENSP00000340510	2.96	6
1860551	9606.ENSP00000405718	3.18	2
1855886	9606.ENSP00000362441	15.8	22
1843942	9606.ENSP00000249014	17.6	2
1845454	9606.ENSP00000264005	73.2	22
1858543	9606.ENSP00000381008	0.431	2
1845456	9606.ENSP00000264010	3.77	2
1860409	9606.ENSP00000403459	5.55	2
1847702	9606.ENSP00000296266	3.64	2
1851323	9606.ENSP00000331258	16.4	2
1847683	9606.ENSP00000296130	113	16
1859041	9606.ENSP00000385481	22.0	2
1855720	9606.ENSP00000361699	5.7	2
1845836	9606.ENSP00000265983	9594	3714
1850277	9606.ENSP00000320709	12.6	4
1856715	9606.ENSP00000366829	3.8	2
1843830	9606.ENSP00000246662	5401	994
1850384	9606.ENSP00000321744	3.73	6
1844086	9606.ENSP00000251849	1.14	2
1850046	9606.ENSP00000318406	12.0	10
1857259	9606.ENSP00000370007	3872	2
1842901	9606.ENSP00000222271	14.5	6
1844927	9606.ENSP00000261507	31.9	2
1844158	9606.ENSP00000252771	2.85	2
1856387	9606.ENSP00000364986	23.6	2
1860599	9606.ENSP00000406381	26.3	2
1859948	9606.ENSP00000396620	23.4	2
1855597	9606.ENSP00000361066	4.37	4
1856599	9606.ENSP00000366244	0.707	2
1854621	9606.ENSP00000356545	1.44	6
1842963	9606.ENSP00000223129	28.9	2
1851030	9606.ENSP00000328358	4.07	20
1853434	9606.ENSP00000349393	2.94	2
1859263	9606.ENSP00000387303	1.52	2
1848848	9606.ENSP00000306477	60.4	18
1846412	9606.ENSP00000274773	117	46
1843296	9606.ENSP00000231524	9.75	2
1848718	9606.ENSP00000305263	61.4	132
1854661	9606.ENSP00000356771	19.0	32
1862121	9606.ENSP00000439189	1.22	8
1849882	9606.ENSP00000316589	10.3	2
1854549	9606.ENSP00000356213	10.4	2
1856742	9606.ENSP00000366962	3.73	6
1854005	9606.ENSP00000353622	2.35	2
1842766	9606.ENSP00000219689	1.71	2
1843594	9606.ENSP00000241312	1.19	2
1857789	9606.ENSP00000373700	2.87	2
1847243	9606.ENSP00000290575	217	136
1843486	9606.ENSP00000238508	4.6	2
1852618	9606.ENSP00000342710	210	236
1860176	9606.ENSP00000399679	58.3	30
1851758	9606.ENSP00000334798	41.8	120
1852633	9606.ENSP00000342850	285	100
1850865	9606.ENSP00000326759	4.69	2
1858824	9606.ENSP00000383295	1.32	2
1860974	9606.ENSP00000412436	24.4	2
1854778	9606.ENSP00000357304	3.91	2
1845141	9606.ENSP00000262429	3.28	2
1846309	9606.ENSP00000273283	4200	1986
1849228	9606.ENSP00000309794	2.67	2
1849090	9606.ENSP00000308597	1.18	2
1853213	9606.ENSP00000347755	6.57	2
1844127	9606.ENSP00000252486	1808	784
1846543	9606.ENSP00000277903	123	32
1860739	9606.ENSP00000408730	87.0	4
1862492	9606.ENSP00000448220	8.03	24
1850335	9606.ENSP00000321334	0.446	2
1857201	9606.ENSP00000369682	146	8
1843665	9606.ENSP00000243344	3.99	2
1851837	9606.ENSP00000335325	9.5	14
1860365	9606.ENSP00000402703	7.88	6
1858516	9606.ENSP00000380824	5.95	2
1857237	9606.ENSP00000369889	1.83	2
1848833	9606.ENSP00000306351	151	14
1846666	9606.ENSP00000280346	2.57	2
1852783	9606.ENSP00000344218	29.3	2
1844114	9606.ENSP00000252250	18.5	62
1861338	9606.ENSP00000417980	1.58	2
1856591	9606.ENSP00000366221	1.4	2
1847903	9606.ENSP00000297785	9.82	6
1847829	9606.ENSP00000297156	17.1	2
1845355	9606.ENSP00000263413	587	246
1856412	9606.ENSP00000365131	67.8	26
1856743	9606.ENSP00000366970	22.5	2
1849141	9606.ENSP00000309096	13.5	2
1853628	9606.ENSP00000350734	6.77	2
1846180	9606.ENSP00000270879	121	36
1854883	9606.ENSP00000357791	205	218
1844465	9606.ENSP00000256733	504	120
1857956	9606.ENSP00000375736	3.73	6
1846179	9606.ENSP00000270861	2.32	2
1845497	9606.ENSP00000264187	2.19	2
1848906	9606.ENSP00000307014	3.29	4
1846861	9606.ENSP00000283628	5.56	2
1864001	9606.ENSP00000468236	26.3	2
1864741	9606.ENSP00000472249	87.0	4
1858004	9606.ENSP00000376213	2.75	6
1851001	9606.ENSP00000328169	4.1	2
1846205	9606.ENSP00000271636	3.86	2
1845370	9606.ENSP00000263577	2.33	2
1861724	9606.ENSP00000427900	1.52	2
1845872	9606.ENSP00000266497	1.6	2
1842337	9606.ENSP00000181383	58.8	26
1846043	9606.ENSP00000268766	4.49	4
1857763	9606.ENSP00000373477	199	40
1857143	9606.ENSP00000369399	3.18	2
1858458	9606.ENSP00000380310	17.5	2
1843569	9606.ENSP00000240587	3.77	6
1856134	9606.ENSP00000363642	2.58	2
1859341	9606.ENSP00000388311	15.5	4
1853973	9606.ENSP00000353393	1.19	2
1850918	9606.ENSP00000327431	1109	928
1851671	9606.ENSP00000334072	30.1	4
1859755	9606.ENSP00000393887	5179	1186
1857866	9606.ENSP00000374507	8.51	8
1853139	9606.ENSP00000347184	1.36	2
1861278	9606.ENSP00000417235	7.25	20
1857442	9606.ENSP00000371271	24.4	2
1851912	9606.ENSP00000336721	2.92	2
1851181	9606.ENSP00000329748	4.15	2
1858215	9606.ENSP00000378152	12.7	2
1862144	9606.ENSP00000440223	3.06	2
1855159	9606.ENSP00000359035	1.17	2
1854882	9606.ENSP00000357789	0.75	2
1858667	9606.ENSP00000381857	10.0	8
1851218	9606.ENSP00000330101	5.55	26
1845505	9606.ENSP00000264229	1.66	2
1846865	9606.ENSP00000283646	4.46	2
1842195	9606.ENSP00000025008	2.71	2
1845698	9606.ENSP00000265136	1.76	2
1849761	9606.ENSP00000315130	3221	968
1844889	9606.ENSP00000261336	382	752
1858364	9606.ENSP00000379394	1.57	2
1843314	9606.ENSP00000232461	4.42	2
1859071	9606.ENSP00000385834	21770	12060
1862269	9606.ENSP00000444293	2.26	2
1855645	9606.ENSP00000361306	7.82	2
1842719	9606.ENSP00000219070	4.53	2
1850470	9606.ENSP00000322628	10.7	2
1850609	9606.ENSP00000324064	3.88	2
1858441	9606.ENSP00000380177	3.73	6
1858171	9606.ENSP00000377783	229	134
1843232	9606.ENSP00000230036	25.4	30
1855208	9606.ENSP00000359297	14.4	2
1853610	9606.ENSP00000350580	3.73	6
1855862	9606.ENSP00000362335	26.3	2
1844111	9606.ENSP00000252242	23.3	46
1858582	9606.ENSP00000381250	80.0	24
1843651	9606.ENSP00000243052	11.4	6
1849599	9606.ENSP00000313088	5.32	2
1862192	9606.ENSP00000441828	3020	1992
1850542	9606.ENSP00000323377	2.65	2
1852669	9606.ENSP00000343199	24.3	8
1845173	9606.ENSP00000262577	3.74	4
1843124	9606.ENSP00000227667	5019	738
1846611	9606.ENSP00000279027	42.3	6
1855442	9606.ENSP00000360281	911	300
1845516	9606.ENSP00000264260	3.84	2
1855400	9606.ENSP00000360129	2.48	2
1847582	9606.ENSP00000295491	19.1	2
1856604	9606.ENSP00000366271	1.9	2
1845825	9606.ENSP00000265922	3.43	2
1850208	9606.ENSP00000320089	13.4	2
1847409	9606.ENSP00000293371	1806	54
1843781	9606.ENSP00000245907	18869	20220
1847007	9606.ENSP00000286353	8.39	2
1844063	9606.ENSP00000251496	3.71	2
1842229	9606.ENSP00000055682	2.61	2
1843087	9606.ENSP00000226355	281	86
1848808	9606.ENSP00000306105	13.8	6
1849837	9606.ENSP00000316029	2.55	2
1847350	9606.ENSP00000292401	2041	252
1859957	9606.ENSP00000396688	3457	5986
1861878	9606.ENSP00000431482	5.71	2
1850856	9606.ENSP00000326649	2.67	2
1858570	9606.ENSP00000381167	0.649	2
1859369	9606.ENSP00000388731	1.64	2
1851158	9606.ENSP00000329522	16.3	2
1847485	9606.ENSP00000294435	59.5	2
1857124	9606.ENSP00000369317	18.5	62
1845684	9606.ENSP00000265077	1.57	2
1854099	9606.ENSP00000354280	4.59	2
1861173	9606.ENSP00000415769	381	232
1848681	9606.ENSP00000304891	23.6	2
1851967	9606.ENSP00000337146	5.74	4
1845049	9606.ENSP00000262043	5.69	4
1856148	9606.ENSP00000363727	2.63	2
1842155	9606.ENSP00000008527	3.02	2
1848055	9606.ENSP00000299367	76.7	108
1861509	9606.ENSP00000420939	120	26
1857250	9606.ENSP00000369965	54.4	4
1860969	9606.ENSP00000412361	7.16	6
1860871	9606.ENSP00000410815	1027	1864
1844350	9606.ENSP00000255040	1287	296
1846261	9606.ENSP00000272444	6.4	2
1847637	9606.ENSP00000295897	78947	37520
1845025	9606.ENSP00000261908	2.23	2
1844690	9606.ENSP00000259396	4364	1544
1851263	9606.ENSP00000330488	8.65	2
1853805	9606.ENSP00000352162	11.4	2
1860446	9606.ENSP00000404011	0.44	2
1854804	9606.ENSP00000357453	17.8	8
1842433	9606.ENSP00000205948	217	90
1854998	9606.ENSP00000358310	4.09	2
1862784	9606.ENSP00000451998	2.44	2
1847606	9606.ENSP00000295694	14.0	2
1854140	9606.ENSP00000354526	62.7	32
1854008	9606.ENSP00000353646	3.41	4
1844594	9606.ENSP00000258390	0.218	2
1847965	9606.ENSP00000298510	12.9	6
1848563	9606.ENSP00000303712	33.7	28
1850764	9606.ENSP00000325690	6.62	2
1847494	9606.ENSP00000294618	1.36	2
1846598	9606.ENSP00000278886	3.13	2
1845645	9606.ENSP00000264930	4.96	2
1850811	9606.ENSP00000326247	2.02	2
1849949	9606.ENSP00000317331	15.9	2
1850299	9606.ENSP00000320949	0.812	2
1843671	9606.ENSP00000243457	17.0	4
1847835	9606.ENSP00000297186	2.52	2
1854092	9606.ENSP00000354219	11.2	4
1852722	9606.ENSP00000343636	6.92	2
1858099	9606.ENSP00000377075	11.7	8
1845130	9606.ENSP00000262384	4.0	2
1843762	9606.ENSP00000245539	12.1	2
1847516	9606.ENSP00000294964	11.5	2
1854962	9606.ENSP00000358151	3.73	6
1854905	9606.ENSP00000357879	20.6	2
1851742	9606.ENSP00000334642	4.42	2
1860374	9606.ENSP00000402914	2010	54
1846692	9606.ENSP00000280871	4.6	2
1852837	9606.ENSP00000344577	6.63	4
1848230	9606.ENSP00000301015	1.81	2
1852906	9606.ENSP00000345193	2.63	4
1851153	9606.ENSP00000329468	6.66	2
1854861	9606.ENSP00000357727	41.6	8
1851075	9606.ENSP00000328777	13.1	2
1848835	9606.ENSP00000306361	24954	14690
1846554	9606.ENSP00000278222	1086	242
1864873	9606.ENSP00000472929	4.37	2
1846797	9606.ENSP00000282478	6.84	2
1848823	9606.ENSP00000306253	1.21	2
1848322	9606.ENSP00000301678	9.53	2
1849380	9606.ENSP00000311113	3.57	2
1857071	9606.ENSP00000368982	5.27	2
1844584	9606.ENSP00000258281	11.4	6
1848944	9606.ENSP00000307280	58.6	6
1854552	9606.ENSP00000356224	0.626	4
1861154	9606.ENSP00000415430	5.22	2
1845609	9606.ENSP00000264720	3.66	2
1851127	9606.ENSP00000329243	0.343	2
1844324	9606.ENSP00000254801	655	238
1847163	9606.ENSP00000289316	3.73	6
1853098	9606.ENSP00000346839	1148	1430
1847058	9606.ENSP00000287202	15.2	2
1860321	9606.ENSP00000402060	19.5	4
1853848	9606.ENSP00000352442	3.73	6
1860615	9606.ENSP00000406598	22.8	2
1853541	9606.ENSP00000350052	1.23	8
1854606	9606.ENSP00000356468	7.22	2
1845696	9606.ENSP00000265131	2.1	2
1846363	9606.ENSP00000274140	3.44	2
1845343	9606.ENSP00000263373	0.623	2
1844115	9606.ENSP00000252252	23.8	68
1842648	9606.ENSP00000217195	11.6	2
1861867	9606.ENSP00000431254	328013	114934
1850396	9606.ENSP00000321853	1349	334
1843345	9606.ENSP00000233242	606	2408
1848999	9606.ENSP00000307798	76.4	16
1844235	9606.ENSP00000253496	122	40
1862120	9606.ENSP00000439182	5.17	8
1856658	9606.ENSP00000366519	7.09	2
1843913	9606.ENSP00000248444	2.54	2
1853932	9606.ENSP00000353030	2.96	4
1847404	9606.ENSP00000293308	7.59	20
1861944	9606.ENSP00000433681	34.7	30
1846759	9606.ENSP00000282018	15.0	2
1854600	9606.ENSP00000356436	11.4	10
1861119	9606.ENSP00000414906	6.45	2
1858989	9606.ENSP00000384876	3.7	2
1844558	9606.ENSP00000257951	0.139	2
1846014	9606.ENSP00000268379	9.12	2
1862093	9606.ENSP00000438378	1.93	2
1842458	9606.ENSP00000210060	5.23	2
1847228	9606.ENSP00000290378	24.2	40
1857753	9606.ENSP00000373370	1.77	2
1845866	9606.ENSP00000266376	3.24	6
1848512	9606.ENSP00000303246	92.3	42
1854130	9606.ENSP00000354497	3.02	2
1853344	9606.ENSP00000348769	4.06	2
1854571	9606.ENSP00000356319	19.0	22
1850790	9606.ENSP00000326018	3.83	2
1845697	9606.ENSP00000265132	209	92
1857235	9606.ENSP00000369871	8.7	6
1845534	9606.ENSP00000264380	1.28	2
1849591	9606.ENSP00000313007	7.51	2
1849976	9606.ENSP00000317674	1242	290
1849647	9606.ENSP00000313740	6.13	2
1849080	9606.ENSP00000308541	1038	692
1848831	9606.ENSP00000306335	4.38	2
1842911	9606.ENSP00000222345	2.27	2
1843827	9606.ENSP00000246635	28.1	24
1842913	9606.ENSP00000222381	5042	852
1850618	9606.ENSP00000324173	3.86	2
1852320	9606.ENSP00000340402	4.33	2
1858886	9606.ENSP00000383939	49.3	32
1842692	9606.ENSP00000218099	98.5	38
1848834	9606.ENSP00000306356	4.42	2
1853626	9606.ENSP00000350719	0.333	2
1858251	9606.ENSP00000378400	1.95	2
1852993	9606.ENSP00000345968	849	278
1849130	9606.ENSP00000308938	994	524
1855953	9606.ENSP00000362734	1.41	2
1854813	9606.ENSP00000357494	2.79	4
1849428	9606.ENSP00000311489	1.21	2
1845281	9606.ENSP00000263088	6.52	2
1850516	9606.ENSP00000323099	3.29	2
1853373	9606.ENSP00000348924	3.73	6
1848430	9606.ENSP00000302621	4032	588
1857553	9606.ENSP00000372105	33.7	28
1848429	9606.ENSP00000302620	4.56	2
1859287	9606.ENSP00000387593	2.7	8
1855031	9606.ENSP00000358478	1.38	2
1852912	9606.ENSP00000345230	14.2	4
1850024	9606.ENSP00000318177	4.6	2
1843303	9606.ENSP00000231751	7.36	6
1859807	9606.ENSP00000394510	9.85	8
1861827	9606.ENSP00000430242	45.9	18
1855027	9606.ENSP00000358464	7.2	2
1859220	9606.ENSP00000386911	3.04	2
1848317	9606.ENSP00000301653	29.3	120
1854873	9606.ENSP00000357762	8.87	2
1861448	9606.ENSP00000419945	16.1	2
1846526	9606.ENSP00000277225	4.57	8
1856156	9606.ENSP00000363773	18.1	4
1850826	9606.ENSP00000326371	5.21	2
1843382	9606.ENSP00000234071	38.7	16
1848331	9606.ENSP00000301740	3.63	8
1847730	9606.ENSP00000296449	7.46	2
1853681	9606.ENSP00000351190	4004	2918
1854586	9606.ENSP00000356385	29.8	16
1850341	9606.ENSP00000321348	6.34	8
1847431	9606.ENSP00000293745	0.153	2
1846075	9606.ENSP00000269214	4.79	4
1846039	9606.ENSP00000268712	0.913	2
1864386	9606.ENSP00000470430	9.99	2
1853938	9606.ENSP00000353074	3.73	6
1842988	9606.ENSP00000223642	384	394
1852829	9606.ENSP00000344546	1.08	2
1846385	9606.ENSP00000274457	7.55	2
1857818	9606.ENSP00000374013	32.5	4
1847156	9606.ENSP00000289153	1.35	2
1850447	9606.ENSP00000322421	752	184
1852525	9606.ENSP00000341944	7.23	2
1846495	9606.ENSP00000276440	3.27	6
1848653	9606.ENSP00000304592	1.11	4
1857790	9606.ENSP00000373702	8.1	6
1851212	9606.ENSP00000330060	7.9	8
1857331	9606.ENSP00000370473	29.6	10
1849597	9606.ENSP00000313070	5.57	6
1852905	9606.ENSP00000345179	712	98
1845577	9606.ENSP00000264637	17.4	2
1845596	9606.ENSP00000264690	390	204
1852038	9606.ENSP00000337773	9.38	2
1846715	9606.ENSP00000281187	7.06	2
1851141	9606.ENSP00000329374	301	100
1845146	9606.ENSP00000262442	1.34	2
1856887	9606.ENSP00000367797	6.45	2
1862294	9606.ENSP00000445508	4.79	2
1850077	9606.ENSP00000318799	11.3	2
1855750	9606.ENSP00000361855	8.24	4
1842561	9606.ENSP00000216190	8.48	2
1855853	9606.ENSP00000362304	1.57	2
1848710	9606.ENSP00000305200	4.86	4
1848236	9606.ENSP00000301039	9.87	2
1851135	9606.ENSP00000329312	71.5	54
1850515	9606.ENSP00000323096	2.99	2
1848910	9606.ENSP00000307077	5.23	6
1846410	9606.ENSP00000274764	3.72	6
1860161	9606.ENSP00000399518	4.22	2
1854630	9606.ENSP00000356579	1.64	2
1845961	9606.ENSP00000267731	5.74	2
1842794	9606.ENSP00000220616	2.13	2
1845535	9606.ENSP00000264381	27.6	10
1855566	9606.ENSP00000360939	7.65	2
1851641	9606.ENSP00000333900	3.81	2
1842644	9606.ENSP00000217173	7.21	2
1844354	9606.ENSP00000255087	24.5	2
1847109	9606.ENSP00000288087	5.48	2
1848264	9606.ENSP00000301246	10.2	2
1860020	9606.ENSP00000397644	3.06	2
1852147	9606.ENSP00000338814	4.05	2
1848038	9606.ENSP00000299267	7.71	2
1847657	9606.ENSP00000295984	176	72
1858889	9606.ENSP00000383986	4.96	2
1849358	9606.ENSP00000310861	913	538
1853153	9606.ENSP00000347294	4.42	2
1844174	9606.ENSP00000252939	15.4	2
1847157	9606.ENSP00000289166	10.6	2
1849694	9606.ENSP00000314299	164	108
1847288	9606.ENSP00000291532	8.17	2
1845023	9606.ENSP00000261893	2.75	2
1847991	9606.ENSP00000298767	3.15	2
1845044	9606.ENSP00000262031	8.5	2
1849102	9606.ENSP00000308720	19.5	6
1848318	9606.ENSP00000301656	79.6	152
1861022	9606.ENSP00000413479	0.26	2
1844275	9606.ENSP00000254166	15.7	2
1843046	9606.ENSP00000225726	12.2	2
1847814	9606.ENSP00000297001	8.45	2
1854649	9606.ENSP00000356671	11019	2364
1859616	9606.ENSP00000392066	3.1	4
1843293	9606.ENSP00000231498	0.829	2
1854701	9606.ENSP00000356969	13980	1412
1847586	9606.ENSP00000295550	0.734	2
1853853	9606.ENSP00000352458	7.12	2
1844947	9606.ENSP00000261600	3.97	2
1861240	9606.ENSP00000416683	103	58
1858353	9606.ENSP00000379330	8.04	6
1842459	9606.ENSP00000210187	12.7	2
1845983	9606.ENSP00000267996	13.6	4
1844877	9606.ENSP00000261267	21.3	2
1859020	9606.ENSP00000385158	49.9	24
1855678	9606.ENSP00000361508	28.1	14
1851559	9606.ENSP00000333203	77.0	30
1854582	9606.ENSP00000356370	2.92	2
1849936	9606.ENSP00000317175	6.99	2
1851640	9606.ENSP00000333896	2.92	2
1845287	9606.ENSP00000263100	12968	2508
1847113	9606.ENSP00000288139	0.537	2
1855203	9606.ENSP00000359283	3.18	2
1853978	9606.ENSP00000353422	3.0	4
1845923	9606.ENSP00000267119	0.165	2
1842228	9606.ENSP00000055335	7.9	2
1849029	9606.ENSP00000308024	3.85	2
1842109	9606.ENSP00000000233	9.67	2
1855165	9606.ENSP00000359055	8.34	6
1854333	9606.ENSP00000355241	7.19	2
1846102	9606.ENSP00000269576	1971	732
1861753	9606.ENSP00000428612	29.7	8
1855493	9606.ENSP00000360540	8.65	2
1853747	9606.ENSP00000351650	19.2	2
1854589	9606.ENSP00000356395	141	74
1846912	9606.ENSP00000284523	8.72	2
1856725	9606.ENSP00000366898	7.29	2
1850599	9606.ENSP00000323929	19118	22604
1846077	9606.ENSP00000269221	4.84	2
1852702	9606.ENSP00000343479	7.38	2
1845353	9606.ENSP00000263408	964	402
1842300	9606.ENSP00000167586	245	320
1847131	9606.ENSP00000288602	0.838	2
1843851	9606.ENSP00000247026	10.6	2
1857588	9606.ENSP00000372394	25.3	2
1847839	9606.ENSP00000297229	4.82	2
1854634	9606.ENSP00000356590	3.87	2
1862804	9606.ENSP00000452521	13.3	2
1861539	9606.ENSP00000421725	2739	810
1844076	9606.ENSP00000251643	40.9	14
1844113	9606.ENSP00000252245	5.11	18
1848806	9606.ENSP00000306099	15032	9738
1858900	9606.ENSP00000384109	6.24	10
1853254	9606.ENSP00000348068	26317	8948
1855362	9606.ENSP00000359892	5.25	2
1859639	9606.ENSP00000392395	5.15	2
1858197	9606.ENSP00000377948	245	48
1851939	9606.ENSP00000336868	22.7	2
1846961	9606.ENSP00000285398	2.77	2
1855377	9606.ENSP00000359990	8.06	4
1860498	9606.ENSP00000404923	4.15	2
1847386	9606.ENSP00000292896	1255	928
1861073	9606.ENSP00000414287	17.5	14
1843081	9606.ENSP00000226253	5.92	2
1856905	9606.ENSP00000367893	7.14	2
1861441	9606.ENSP00000419786	2.11	2
1849093	9606.ENSP00000308620	18.4	2
1847214	9606.ENSP00000290231	14.3	2
1844348	9606.ENSP00000255030	372	26
1847543	9606.ENSP00000295148	3.71	2
1855303	9606.ENSP00000359629	7.09	2
1861728	9606.ENSP00000427975	1.78	2
1852772	9606.ENSP00000344115	2.33	2
1843222	9606.ENSP00000229794	17.0	10
1854940	9606.ENSP00000358045	199	88
1851709	9606.ENSP00000334319	0.723	2
1850411	9606.ENSP00000322061	47.2	34
1854077	9606.ENSP00000354109	3.11	2
1858994	9606.ENSP00000384889	19.2	2
1854122	9606.ENSP00000354458	299	132
1848113	9606.ENSP00000299927	1.38	2
1844891	9606.ENSP00000261349	1.43	2
1850462	9606.ENSP00000322568	8.29	2
1853799	9606.ENSP00000352111	5.74	2
1861964	9606.ENSP00000434241	12.3	2
1855609	9606.ENSP00000361120	4.55	2
1850249	9606.ENSP00000320485	7.77	8
