#id: 57
#name: H.sapiens - Urine, SC (Peptideatlas,Jun,2010)
#score: 7.49
#weight: 100%
#description: abundance based on Spectral counting, from<a href="http://www.peptideatlas.org/builds/human/urine/index.php" target="_blank">Peptideatlas,Jun,2010</a><br/><b>Interaction consistency score</b>: 7.49&nbsp<b>Coverage</b>: 6
#organ: URINE
#integrated: false
#coverage: 6
#publication_year: 2010
#filename: 9606-human_urine_atalas_201006.txt
#
#internal_id	string_external_id	abundance	raw_spectral_count
1863965	9606.ENSP00000466775	884	13
1858156	9606.ENSP00000377616	30.3	14
1848245	9606.ENSP00000301072	120	30
1845214	9606.ENSP00000262776	1420	116
1851610	9606.ENSP00000333664	32.2	2
1844030	9606.ENSP00000250971	298	2
1852518	9606.ENSP00000341885	65.0	2
1856125	9606.ENSP00000363603	183	10
1861620	9606.ENSP00000424183	130	3
1857559	9606.ENSP00000372136	302	26
1850586	9606.ENSP00000323856	15.2	9
1860613	9606.ENSP00000406577	48.6	3
1860535	9606.ENSP00000405573	169	9
1846003	9606.ENSP00000268182	270	40
1850207	9606.ENSP00000320084	83.8	4
1845339	9606.ENSP00000263368	1010	19
1845583	9606.ENSP00000264651	26.6	11
1848614	9606.ENSP00000304229	439	5
1856747	9606.ENSP00000366984	5.52	1
1848072	9606.ENSP00000299502	17.4	1
1848008	9606.ENSP00000298942	36.9	1
1851354	9606.ENSP00000331514	2118	289
1861233	9606.ENSP00000416561	296	44
1858204	9606.ENSP00000377995	18.9	1
1858619	9606.ENSP00000381565	28.7	3
1851571	9606.ENSP00000333298	12.1	1
1852297	9606.ENSP00000340210	8506	274
1842522	9606.ENSP00000215912	1205	44
1852308	9606.ENSP00000340292	171	5
1860937	9606.ENSP00000411825	180	13
1852221	9606.ENSP00000339479	16.9	1
1844701	9606.ENSP00000259477	375	4
1851096	9606.ENSP00000328973	159	2
1843722	9606.ENSP00000244534	371	17
1843731	9606.ENSP00000244661	1164	24
1855516	9606.ENSP00000360671	38.3	3
1855600	9606.ENSP00000361083	553	4
1845897	9606.ENSP00000266718	104	4
1847484	9606.ENSP00000294413	5.4	1
1862814	9606.ENSP00000452762	53.4	2
1859392	9606.ENSP00000389026	202	5
1856904	9606.ENSP00000367891	983	27
1842266	9606.ENSP00000157600	20.0	1
1855858	9606.ENSP00000362329	176	7
1861487	9606.ENSP00000420487	202	17
1847542	9606.ENSP00000295137	228	103
1860790	9606.ENSP00000409382	0.942	1
1846344	9606.ENSP00000273920	35.6	1
1844077	9606.ENSP00000251645	360	42
1861438	9606.ENSP00000419751	16.6	2
1852440	9606.ENSP00000341285	31.9	3
1858066	9606.ENSP00000376800	267	3
1857486	9606.ENSP00000371554	452	13
1844779	9606.ENSP00000260356	51.2	9
1846625	9606.ENSP00000279247	115	9
1848824	9606.ENSP00000306261	545	71
1849502	9606.ENSP00000312158	6.38	1
1853243	9606.ENSP00000347988	137	1
1854428	9606.ENSP00000355645	226	107
1857384	9606.ENSP00000370867	68.3	6
1856799	9606.ENSP00000367263	104	60
1860021	9606.ENSP00000397679	50.7	2
1854507	9606.ENSP00000356037	53.2	4
1843632	9606.ENSP00000242577	511	5
1843441	9606.ENSP00000236826	17.8	1
1853884	9606.ENSP00000352671	100	5
1857166	9606.ENSP00000369518	75.8	1
1850671	9606.ENSP00000324740	33.8	1
1843112	9606.ENSP00000227378	330	39
1843701	9606.ENSP00000244137	204	6
1848151	9606.ENSP00000300161	534	19
1847841	9606.ENSP00000297258	4817	46
1843442	9606.ENSP00000236850	6418	193
1847236	9606.ENSP00000290472	17.3	2
1849409	9606.ENSP00000311344	18.0	3
1856105	9606.ENSP00000363500	90.2	2
1845244	9606.ENSP00000262919	18.0	3
1855521	9606.ENSP00000360687	20034	449
1857211	9606.ENSP00000369736	661	2
1848801	9606.ENSP00000306010	14.1	1
1847997	9606.ENSP00000298841	44.8	2
1862885	9606.ENSP00000454437	23.2	2
1857794	9606.ENSP00000373730	228	44
1862638	9606.ENSP00000449770	45.3	3
1845020	9606.ENSP00000261890	33.6	2
1856800	9606.ENSP00000367265	43.2	2
1844410	9606.ENSP00000256178	58.0	2
1847044	9606.ENSP00000287008	12.0	1
1844217	9606.ENSP00000253354	44.0	2
1845616	9606.ENSP00000264758	12.3	2
1857377	9606.ENSP00000370808	32.8	3
1845575	9606.ENSP00000264613	1157	157
1857297	9606.ENSP00000370254	15.3	1
1844723	9606.ENSP00000259791	209	41
1844460	9606.ENSP00000256682	43.0	4
1842437	9606.ENSP00000206380	32.6	1
1853766	9606.ENSP00000351777	336	25
1848855	9606.ENSP00000306524	13.7	1
1844317	9606.ENSP00000254722	237	11
1861242	9606.ENSP00000416706	144	50
1856891	9606.ENSP00000367817	7.52	1
1854629	9606.ENSP00000356574	85.1	8
1860733	9606.ENSP00000408632	1394	39
1850573	9606.ENSP00000323714	18.5	2
1845784	9606.ENSP00000265686	1.46	1
1853333	9606.ENSP00000348706	407	51
1858520	9606.ENSP00000380869	13.9	1
1849633	9606.ENSP00000313571	983	27
1852071	9606.ENSP00000338082	450	62
1856940	9606.ENSP00000368135	197	12
1860321	9606.ENSP00000402060	65.6	3
1842620	9606.ENSP00000216780	13.9	1
1843490	9606.ENSP00000238616	15.0	1
1847654	9606.ENSP00000295971	16.9	1
1848526	9606.ENSP00000303408	371	45
1856405	9606.ENSP00000365081	136	2
1856491	9606.ENSP00000365569	9.34	1
1846563	9606.ENSP00000278407	1294	62
1862126	9606.ENSP00000439444	12.3	1
1848689	9606.ENSP00000304945	256	21
1848254	9606.ENSP00000301178	145	18
1856500	9606.ENSP00000365630	0.818	1
1855990	9606.ENSP00000362924	1817	118
1854695	9606.ENSP00000356946	177	10
1858211	9606.ENSP00000378130	29.3	2
1853595	9606.ENSP00000350425	1557	69
1846175	9606.ENSP00000270776	534	28
1846635	9606.ENSP00000279477	24.7	5
1845743	9606.ENSP00000265394	59.0	4
1843439	9606.ENSP00000236671	378	41
1853835	9606.ENSP00000352319	137	10
1857748	9606.ENSP00000373343	1.14	1
1849183	9606.ENSP00000309503	1957	56
1845812	9606.ENSP00000265838	37.9	2
1846868	9606.ENSP00000283752	1269	77
1850394	9606.ENSP00000321845	38.3	5
1851713	9606.ENSP00000334373	43.0	2
1842521	9606.ENSP00000215909	134	2
1848265	9606.ENSP00000301258	317	4
1846291	9606.ENSP00000273047	6.57	1
1855488	9606.ENSP00000360519	1061	36
1846951	9606.ENSP00000285208	2.83	1
1843830	9606.ENSP00000246662	4322	161
1850792	9606.ENSP00000326031	22.4	3
1858681	9606.ENSP00000381992	29.2	1
1848044	9606.ENSP00000299300	33.1	3
1863592	9606.ENSP00000461295	7.06	1
1851568	9606.ENSP00000333277	1223	11
1861716	9606.ENSP00000427687	76.2	5
1844144	9606.ENSP00000252603	770	20
1845851	9606.ENSP00000266069	44.9	1
1844749	9606.ENSP00000260049	43.0	3
1847723	9606.ENSP00000296417	329	20
1862194	9606.ENSP00000441875	139	5
1857299	9606.ENSP00000370258	6.95	1
1848987	9606.ENSP00000307706	18.9	1
1852653	9606.ENSP00000343040	78.6	2
1854006	9606.ENSP00000353624	531	52
1846114	9606.ENSP00000269848	37.7	3
1856676	9606.ENSP00000366618	407	51
1842881	9606.ENSP00000222032	109	1
1846728	9606.ENSP00000281456	23.2	2
1850327	9606.ENSP00000321259	230	8
1861891	9606.ENSP00000431872	501	5
1846064	9606.ENSP00000269122	93.3	20
1842957	9606.ENSP00000223061	90.4	5
1854869	9606.ENSP00000357753	464	30
1850467	9606.ENSP00000322594	3.71	1
1853944	9606.ENSP00000353099	16.0	1
1852923	9606.ENSP00000345341	21.2	1
1855221	9606.ENSP00000359345	35.2	1
1850288	9606.ENSP00000320866	553	21
1842698	9606.ENSP00000218230	581	20
1849206	9606.ENSP00000309629	1185	22
1848846	9606.ENSP00000306461	238	3
1854636	9606.ENSP00000356599	91.0	5
1845757	9606.ENSP00000265462	394	13
1850828	9606.ENSP00000326381	27.9	5
1842214	9606.ENSP00000044462	23.0	1
1862799	9606.ENSP00000452347	28.0	2
1849314	9606.ENSP00000310573	19.5	10
1844015	9606.ENSP00000250559	38.3	2
1842741	9606.ENSP00000219313	57.8	2
1845647	9606.ENSP00000264933	27.7	1
1855864	9606.ENSP00000362352	2.14	3
1842715	9606.ENSP00000219022	284	19
1861219	9606.ENSP00000416293	47.9	4
1848179	9606.ENSP00000300413	97.1	1
1843937	9606.ENSP00000248975	14.9	5
1843224	9606.ENSP00000229824	3.31	1
1849046	9606.ENSP00000308252	249	5
1845878	9606.ENSP00000266542	206	12
1857335	9606.ENSP00000370517	16.3	1
1853135	9606.ENSP00000347168	531	52
1844558	9606.ENSP00000257951	10.4	12
1846796	9606.ENSP00000282470	50.7	4
1849498	9606.ENSP00000312134	41.9	2
1858179	9606.ENSP00000377833	26.5	1
1853445	9606.ENSP00000349467	338	15
1854017	9606.ENSP00000353679	558	40
1853504	9606.ENSP00000349873	228	44
1842905	9606.ENSP00000222304	1716	8
1856131	9606.ENSP00000363638	245	4
1843062	9606.ENSP00000225927	799	70
1853109	9606.ENSP00000346931	207	3
1847208	9606.ENSP00000290158	12.3	2
1843077	9606.ENSP00000226218	1181	88
1843162	9606.ENSP00000228825	235	4
1853197	9606.ENSP00000347665	124	14
1845140	9606.ENSP00000262428	101	1
1842455	9606.ENSP00000209875	52.3	1
1851031	9606.ENSP00000328359	302	26
1845096	9606.ENSP00000262225	70.3	1
1845258	9606.ENSP00000262968	5.89	1
1851449	9606.ENSP00000332247	1.2	1
1858149	9606.ENSP00000377558	229	25
1849273	9606.ENSP00000310219	73.7	18
1851254	9606.ENSP00000330408	327	4
1861575	9606.ENSP00000422846	42.6	3
1853802	9606.ENSP00000352138	10.4	1
1842399	9606.ENSP00000201647	94.5	8
1855382	9606.ENSP00000360021	526	4
1851406	9606.ENSP00000331897	19.5	1
1849627	9606.ENSP00000313454	34.0	3
1851117	9606.ENSP00000329165	34.0	9
1855241	9606.ENSP00000359403	196	10
1857560	9606.ENSP00000372155	67.2	2
1859246	9606.ENSP00000387176	39.6	49
1842632	9606.ENSP00000216968	670	24
1843185	9606.ENSP00000229239	3396	91
1843779	9606.ENSP00000245838	5.15	1
1844986	9606.ENSP00000261755	77.2	4
1844245	9606.ENSP00000253719	777	26
1857811	9606.ENSP00000373918	32.4	2
1847733	9606.ENSP00000296464	8.92	1
1854424	9606.ENSP00000355627	595	23
1847772	9606.ENSP00000296674	95.1	2
1853366	9606.ENSP00000348888	1253	121
1845767	9606.ENSP00000265537	9.72	1
1846609	9606.ENSP00000279022	39.7	2
1843008	9606.ENSP00000225174	105	1
1848617	9606.ENSP00000304236	2239	95
1848129	9606.ENSP00000300061	10.2	1
1859600	9606.ENSP00000391826	49.4	2
1852103	9606.ENSP00000338369	21.8	2
1842650	9606.ENSP00000217244	55.6	2
1842303	9606.ENSP00000168216	56.3	2
1843340	9606.ENSP00000233143	2179	3
1852037	9606.ENSP00000337761	2.36	1
1849232	9606.ENSP00000309830	811	2
1842708	9606.ENSP00000218516	150	6
1848511	9606.ENSP00000303242	8.39	1
1862707	9606.ENSP00000450560	13.3	1
1842726	9606.ENSP00000219169	1611	36
1857263	9606.ENSP00000370023	20.8	2
1855026	9606.ENSP00000358460	13.6	1
1846097	9606.ENSP00000269491	388	22
1842831	9606.ENSP00000221419	8.86	1
1849816	9606.ENSP00000315757	81.7	5
1852335	9606.ENSP00000340510	673	88
1848951	9606.ENSP00000307340	25.1	1
1846076	9606.ENSP00000269216	36.9	1
1844004	9606.ENSP00000250351	45.1	2
1856191	9606.ENSP00000363988	1101	36
1852251	9606.ENSP00000339795	87.4	1
1853058	9606.ENSP00000346483	26.7	1
1855605	9606.ENSP00000361097	39.5	6
1852736	9606.ENSP00000343742	132	4
1860651	9606.ENSP00000407193	162	11
1842587	9606.ENSP00000216361	39.2	1
1842332	9606.ENSP00000178638	51.1	1
1848906	9606.ENSP00000307014	276	75
1842584	9606.ENSP00000216336	463	13
1845429	9606.ENSP00000263867	33.2	2
1842152	9606.ENSP00000007735	184	24
1843786	9606.ENSP00000245934	11.3	1
1857558	9606.ENSP00000372126	302	26
1843407	9606.ENSP00000234677	34.2	2
1852160	9606.ENSP00000338989	11.2	2
1859907	9606.ENSP00000396045	14.8	3
1861595	9606.ENSP00000423563	291	12
1845228	9606.ENSP00000262865	73.6	4
1861848	9606.ENSP00000430706	171	7
1857259	9606.ENSP00000370007	80545	35
1858170	9606.ENSP00000377778	139	3
1842901	9606.ENSP00000222271	104	5
1852864	9606.ENSP00000344829	994	49
1858193	9606.ENSP00000377941	28.6	9
1849263	9606.ENSP00000310129	4.26	1
1847973	9606.ENSP00000298556	133	2
1846239	9606.ENSP00000272233	9.55	1
1845475	9606.ENSP00000264071	147	28
1847228	9606.ENSP00000290378	242	112
1858928	9606.ENSP00000384296	351	21
1849403	9606.ENSP00000311313	533	10
1856350	9606.ENSP00000364801	40.2	15
1844341	9606.ENSP00000254950	5.06	1
1847805	9606.ENSP00000296877	793	7
1848445	9606.ENSP00000302728	158	8
1857753	9606.ENSP00000373370	19.9	4
1855892	9606.ENSP00000362463	202	4
1859861	9606.ENSP00000395359	92.5	4
1856670	9606.ENSP00000366581	531	52
1847848	9606.ENSP00000297283	35.0	3
1842398	9606.ENSP00000201586	69.3	4
1842641	9606.ENSP00000217133	0.853	1
1843319	9606.ENSP00000232564	7.91	2
1847243	9606.ENSP00000290575	8.44	1
1856118	9606.ENSP00000363559	474	10
1851814	9606.ENSP00000335153	93.0	14
1842645	9606.ENSP00000217182	149	15
1848926	9606.ENSP00000307181	60.3	1
1856371	9606.ENSP00000364898	34.5	2
1858222	9606.ENSP00000378191	13.8	1
1842607	9606.ENSP00000216492	10.1	1
1849852	9606.ENSP00000316176	54.6	1
1849179	9606.ENSP00000309474	25.4	2
1846309	9606.ENSP00000273283	57.6	8
1854004	9606.ENSP00000353608	36.2	4
1844127	9606.ENSP00000252486	1083	45
1848823	9606.ENSP00000306253	19.2	5
1853186	9606.ENSP00000347560	4.25	1
1850234	9606.ENSP00000320324	176	13
1852326	9606.ENSP00000340463	744	9
1851351	9606.ENSP00000331487	14.5	2
1853952	9606.ENSP00000353157	18.5	1
1846320	9606.ENSP00000273375	22.8	1
1855325	9606.ENSP00000359698	10.1	1
1851030	9606.ENSP00000328358	119	72
1850745	9606.ENSP00000325527	26.2	13
1853254	9606.ENSP00000348068	5966	318
1854502	9606.ENSP00000356015	60.5	2
1845705	9606.ENSP00000265171	639	102
1842537	9606.ENSP00000216044	2.39	1
1845668	9606.ENSP00000265023	4594	358
1842876	9606.ENSP00000221992	13.5	2
1852636	9606.ENSP00000342886	371	45
1846118	9606.ENSP00000269886	160	2
1844126	9606.ENSP00000252483	42.8	3
1855966	9606.ENSP00000362778	121	8
1844465	9606.ENSP00000256733	181	2
1857956	9606.ENSP00000375736	371	45
1854230	9606.ENSP00000354841	1043	16
1845497	9606.ENSP00000264187	457	51
1842281	9606.ENSP00000161559	21.8	1
1847869	9606.ENSP00000297439	2500	26
1850793	9606.ENSP00000326042	50.6	17
1852056	9606.ENSP00000337950	838	16
1858246	9606.ENSP00000378360	48.2	3
1859086	9606.ENSP00000386043	6.79	3
1859666	9606.ENSP00000392718	44.7	60
1848354	9606.ENSP00000301939	1119	16
1855506	9606.ENSP00000360613	147	2
1853667	9606.ENSP00000351075	13.8	1
1842144	9606.ENSP00000006724	29.3	1
1847285	9606.ENSP00000291495	19.2	1
1855094	9606.ENSP00000358770	10.7	1
1852180	9606.ENSP00000339157	14.6	1
1853189	9606.ENSP00000347596	506	36
1854882	9606.ENSP00000357789	103	29
1850918	9606.ENSP00000327431	450	62
1849386	9606.ENSP00000311165	81.9	3
1842282	9606.ENSP00000161863	4.32	1
1842799	9606.ENSP00000220763	79.8	6
1859755	9606.ENSP00000393887	4497	156
1862281	9606.ENSP00000444823	1164	24
1855068	9606.ENSP00000358635	24.8	1
1857197	9606.ENSP00000369654	8953	421
1849080	9606.ENSP00000308541	1816	156
1864341	9606.ENSP00000470240	15.2	1
1854857	9606.ENSP00000357708	1347	9
1858190	9606.ENSP00000377910	95.6	2
1862121	9606.ENSP00000439189	283	142
1853006	9606.ENSP00000346037	134	2
1847296	9606.ENSP00000291568	4556	37
1857851	9606.ENSP00000374372	49.1	11
1845993	9606.ENSP00000268122	223	7
1849761	9606.ENSP00000315130	2758	140
1850120	9606.ENSP00000319169	23.6	1
1858839	9606.ENSP00000383411	66.9	4
1858412	9606.ENSP00000379888	55.2	1
1844491	9606.ENSP00000257192	210	21
1842640	9606.ENSP00000217131	73.8	3
1845081	9606.ENSP00000262177	15.0	2
1854538	9606.ENSP00000356155	2.61	1
1842891	9606.ENSP00000222214	51.0	2
1849141	9606.ENSP00000309096	512	14
1848050	9606.ENSP00000299335	106	4
1858441	9606.ENSP00000380177	407	51
1855121	9606.ENSP00000358867	40.4	2
1851928	9606.ENSP00000336799	127	31
1845681	9606.ENSP00000265071	10.4	1
1851407	9606.ENSP00000331901	43.8	4
1851832	9606.ENSP00000335304	20.2	1
1848034	9606.ENSP00000299218	6.19	1
1844111	9606.ENSP00000252242	2268	250
1843367	9606.ENSP00000233809	183	9
1843651	9606.ENSP00000243052	138	11
1857017	9606.ENSP00000368678	12.0	3
1842925	9606.ENSP00000222553	202	16
1844155	9606.ENSP00000252725	16.6	1
1860940	9606.ENSP00000411904	0.998	1
1858125	9606.ENSP00000377381	5.44	1
1843124	9606.ENSP00000227667	2225	33
1859365	9606.ENSP00000388666	131	5
1851910	9606.ENSP00000336712	21.3	2
1854091	9606.ENSP00000354218	18.0	1
1854001	9606.ENSP00000353581	1164	24
1861311	9606.ENSP00000417653	99.1	4
1855706	9606.ENSP00000361635	302	14
1850027	9606.ENSP00000318195	12.3	1
1847409	9606.ENSP00000293371	1107	4
1843781	9606.ENSP00000245907	940	195
1848523	9606.ENSP00000303373	209	41
1858097	9606.ENSP00000377055	83.2	5
1862740	9606.ENSP00000451112	217	8
1843087	9606.ENSP00000226355	11.2	1
1849837	9606.ENSP00000316029	2.91	1
1847350	9606.ENSP00000292401	12164	417
1844763	9606.ENSP00000260197	2.27	1
1855114	9606.ENSP00000358853	63.7	1
1854969	9606.ENSP00000358162	531	52
1848170	9606.ENSP00000300289	270	13
1847742	9606.ENSP00000296503	158	3
1860923	9606.ENSP00000411532	3.79	1
1853012	9606.ENSP00000346067	46.5	1
1852618	9606.ENSP00000342710	179	23
1844443	9606.ENSP00000256496	44.4	1
1849841	9606.ENSP00000316053	18.7	2
1854318	9606.ENSP00000355180	397	49
1861160	9606.ENSP00000415481	7.21	1
1850081	9606.ENSP00000318822	24.4	1
1846108	9606.ENSP00000269703	39.2	2
1850780	9606.ENSP00000325875	153	19
1854860	9606.ENSP00000357726	369	2
1848055	9606.ENSP00000299367	4.33	1
1851758	9606.ENSP00000334798	8.77	7
1858943	9606.ENSP00000384432	261	10
1848424	9606.ENSP00000302579	149	8
1860969	9606.ENSP00000412361	42.2	3
1854925	9606.ENSP00000357927	82.6	2
1848658	9606.ENSP00000304669	78.6	5
1847637	9606.ENSP00000295897	43504	3215
1844690	9606.ENSP00000259396	9211	246
1861168	9606.ENSP00000415635	12.3	2
1847286	9606.ENSP00000291526	1605	35
1851945	9606.ENSP00000336927	434	20
1858372	9606.ENSP00000379475	14.7	2
1842631	9606.ENSP00000216962	44.5	5
1842411	9606.ENSP00000203407	11.9	1
1853363	9606.ENSP00000348849	468	4
1846459	9606.ENSP00000275815	11.6	1
1853089	9606.ENSP00000346762	4.03	1
1847624	9606.ENSP00000295777	43.8	2
1843728	9606.ENSP00000244601	407	51
1853942	9606.ENSP00000353094	199	6
1846984	9606.ENSP00000285930	188	4
1861013	9606.ENSP00000413234	5.94	1
1861274	9606.ENSP00000417185	332	19
1854167	9606.ENSP00000354608	36.8	1
1842933	9606.ENSP00000222673	10.6	1
1850893	9606.ENSP00000327116	15.5	1
1848806	9606.ENSP00000306099	3335	183
1856751	9606.ENSP00000366999	1164	24
1856276	9606.ENSP00000364475	131	6
1855083	9606.ENSP00000358719	63.8	3
1846014	9606.ENSP00000268379	27.0	1
1850446	9606.ENSP00000322419	637	7
1845265	9606.ENSP00000263025	23.5	1
1852043	9606.ENSP00000337838	11.4	1
1847700	9606.ENSP00000296255	19.7	1
1842498	9606.ENSP00000215727	131	11
1842508	9606.ENSP00000215793	7.44	1
1859146	9606.ENSP00000386284	25.6	1
1843639	9606.ENSP00000242776	13.2	2
1850459	9606.ENSP00000322542	8.09	1
1853931	9606.ENSP00000353025	34.8	1
1847326	9606.ENSP00000292079	1022	11
1858287	9606.ENSP00000378720	13.6	1
1857239	9606.ENSP00000369897	13.4	1
1853733	9606.ENSP00000351589	228	44
1849433	9606.ENSP00000311502	8.4	1
1845154	9606.ENSP00000262464	2.64	1
1857277	9606.ENSP00000370115	704	27
1845561	9606.ENSP00000264501	3.68	3
1842222	9606.ENSP00000053867	609	33
1848826	9606.ENSP00000306279	29791	2183
1853438	9606.ENSP00000349428	35.1	2
1852914	9606.ENSP00000345259	38.3	2
1858293	9606.ENSP00000378782	90.4	4
1844453	9606.ENSP00000256594	218	6
1856467	9606.ENSP00000365439	192	8
1842815	9606.ENSP00000221138	54.2	3
1844176	9606.ENSP00000252951	118	13
1855881	9606.ENSP00000362409	284	19
1855148	9606.ENSP00000358994	5.51	1
1848430	9606.ENSP00000302621	3012	133
1855883	9606.ENSP00000362413	740	26
1862475	9606.ENSP00000448035	31.9	3
1852226	9606.ENSP00000339521	80.4	2
1843016	9606.ENSP00000225371	28.6	6
1858992	9606.ENSP00000384886	187	4
1855312	9606.ENSP00000359664	93.7	6
1849997	9606.ENSP00000317955	8.38	1
1855691	9606.ENSP00000361562	356	14
1859324	9606.ENSP00000388107	298	12
1853962	9606.ENSP00000353259	63.5	2
1850869	9606.ENSP00000326813	29.5	1
1856252	9606.ENSP00000364310	180	41
1857531	9606.ENSP00000371886	11.4	3
1851127	9606.ENSP00000329243	372	39
1863939	9606.ENSP00000466104	1119	16
1853098	9606.ENSP00000346839	202	49
1851261	9606.ENSP00000330484	601	187
1857752	9606.ENSP00000373363	110	5
1853064	9606.ENSP00000346550	10.3	1
1858026	9606.ENSP00000376403	68.5	4
1853925	9606.ENSP00000352980	531	52
1856326	9606.ENSP00000364697	502	17
1851070	9606.ENSP00000328729	26.4	1
1842871	9606.ENSP00000221957	46.4	2
1849113	9606.ENSP00000308782	23.8	1
1845296	9606.ENSP00000263168	40.0	2
1845016	9606.ENSP00000261881	49.2	2
1848006	9606.ENSP00000298912	12.9	1
1855258	9606.ENSP00000359485	401	22
1862361	9606.ENSP00000447001	235	2
1844929	9606.ENSP00000261517	2.63	1
1852156	9606.ENSP00000338934	378	19
1857348	9606.ENSP00000370589	11.2	1
1846880	9606.ENSP00000284031	46.0	1
1846633	9606.ENSP00000279441	18.3	1
1851002	9606.ENSP00000328173	58.0	4
1842611	9606.ENSP00000216554	30.2	1
1854141	9606.ENSP00000354532	316	13
1855491	9606.ENSP00000360532	19.4	3
1847568	9606.ENSP00000295367	2317	36
1852328	9606.ENSP00000340466	40.9	4
1848521	9606.ENSP00000303356	217	6
1860955	9606.ENSP00000412189	30.3	3
1846224	9606.ENSP00000272102	43.0	4
1851574	9606.ENSP00000333326	56.3	17
1853583	9606.ENSP00000350364	99.8	3
1850303	9606.ENSP00000321005	271	11
1857503	9606.ENSP00000371715	694	20
1845373	9606.ENSP00000263593	278	9
1845192	9606.ENSP00000262646	68.5	5
1844950	9606.ENSP00000261615	488	25
1842317	9606.ENSP00000172229	18.7	1
1844266	9606.ENSP00000254043	1330	245
1848830	9606.ENSP00000306330	498	14
1861659	9606.ENSP00000425561	16.9	2
1845697	9606.ENSP00000265132	14988	887
1844550	9606.ENSP00000257901	297	31
1849591	9606.ENSP00000313007	18.1	2
1852082	9606.ENSP00000338190	12.6	1
1854873	9606.ENSP00000357762	152	5
1849608	9606.ENSP00000313199	52.5	1
1856760	9606.ENSP00000367064	232	71
1852558	9606.ENSP00000342137	316	5
1843297	9606.ENSP00000231572	13.1	1
1843191	9606.ENSP00000229270	872	40
1854747	9606.ENSP00000357130	40.9	11
1845788	9606.ENSP00000265709	38.6	8
1843498	9606.ENSP00000238721	41.9	1
1852284	9606.ENSP00000340019	32.2	3
1842692	9606.ENSP00000218099	5.12	1
1852993	9606.ENSP00000345968	723	44
1849130	9606.ENSP00000308938	500	48
1857170	9606.ENSP00000369538	479	36
1852781	9606.ENSP00000344193	5216	77
1847933	9606.ENSP00000298159	65.1	3
1852374	9606.ENSP00000340836	55.8	1
1849428	9606.ENSP00000311489	6.2	1
1851260	9606.ENSP00000330475	70.6	3
1848402	9606.ENSP00000302400	1096	14
1850680	9606.ENSP00000324804	243	17
1845639	9606.ENSP00000264896	18.7	1
1851044	9606.ENSP00000328484	228	44
1861484	9606.ENSP00000420449	7.77	6
1861827	9606.ENSP00000430242	28.5	2
1854720	9606.ENSP00000357048	32.0	2
1848476	9606.ENSP00000302961	60.5	4
1852845	9606.ENSP00000344666	10.8	5
1844287	9606.ENSP00000254322	59.4	2
1846244	9606.ENSP00000272317	161	12
1851033	9606.ENSP00000328397	1545	42
1848306	9606.ENSP00000301522	2398	34
1857765	9606.ENSP00000373487	428	27
1849411	9606.ENSP00000311364	3149	4
1855012	9606.ENSP00000358400	4.81	4
1857347	9606.ENSP00000370588	1799	33
1846039	9606.ENSP00000268712	31.4	7
1842267	9606.ENSP00000157812	43.7	2
1853928	9606.ENSP00000353007	469	52
1857971	9606.ENSP00000375863	14.2	1
1862289	9606.ENSP00000445175	743	29
1860530	9606.ENSP00000405455	227	14
1845260	9606.ENSP00000262982	47.6	4
1861034	9606.ENSP00000413697	57.4	4
1850987	9606.ENSP00000328062	11.0	1
1856022	9606.ENSP00000363071	11.9	2
1852905	9606.ENSP00000345179	9960	270
1848150	9606.ENSP00000300151	67.2	2
1842746	9606.ENSP00000219345	12.3	1
1850177	9606.ENSP00000319730	51.8	2
1852063	9606.ENSP00000338019	14.4	2
1849700	9606.ENSP00000314380	815	11
1842846	9606.ENSP00000221515	33.8	1
1855196	9606.ENSP00000359225	28.4	1
1847981	9606.ENSP00000298687	78.2	3
1846176	9606.ENSP00000270792	6043	39
1851141	9606.ENSP00000329374	293	15
1844559	9606.ENSP00000257974	53.0	12
1843873	9606.ENSP00000247668	16.3	1
1853902	9606.ENSP00000352834	7.84	1
1855614	9606.ENSP00000361151	78.9	5
1863973	9606.ENSP00000467024	64.1	1
1843003	9606.ENSP00000224784	229	103
1858180	9606.ENSP00000377836	33.6	2
1849067	9606.ENSP00000308405	329	20
1850666	9606.ENSP00000324672	36.3	3
1852435	9606.ENSP00000341267	296	1
1851135	9606.ENSP00000329312	141	7
1860677	9606.ENSP00000407685	16.9	1
1846410	9606.ENSP00000274764	62.1	10
1847746	9606.ENSP00000296511	119	4
1856757	9606.ENSP00000367034	531	52
1849628	9606.ENSP00000313490	4.05	1
1862158	9606.ENSP00000440698	439	2
1859399	9606.ENSP00000389087	19.1	1
1843031	9606.ENSP00000225550	6.96	4
1860016	9606.ENSP00000397582	1089	199
1859548	9606.ENSP00000391249	13.2	2
1845582	9606.ENSP00000264649	1.47	1
1846047	9606.ENSP00000268835	15.9	1
1848355	9606.ENSP00000301945	55.5	2
1844837	9606.ENSP00000260985	37.9	2
1842779	9606.ENSP00000220166	140	3
1851667	9606.ENSP00000334051	12.2	1
1853084	9606.ENSP00000346694	94.4	4
1857012	9606.ENSP00000368646	14.5	2
1844898	9606.ENSP00000261381	103	8
1844865	9606.ENSP00000261208	18.0	1
1849590	9606.ENSP00000312999	20.3	1
1850202	9606.ENSP00000320043	49.3	2
1852818	9606.ENSP00000344456	196	18
1842630	9606.ENSP00000216951	44.6	2
1857091	9606.ENSP00000369081	9.52	1
1848318	9606.ENSP00000301656	212	51
1854525	9606.ENSP00000356110	41.5	1
1853398	9606.ENSP00000349143	6.88	1
1847845	9606.ENSP00000297268	9.06	2
1855095	9606.ENSP00000358777	19.7	1
1852230	9606.ENSP00000339566	1527	25
1854701	9606.ENSP00000356969	4787	95
1846470	9606.ENSP00000276066	2.12	1
1849079	9606.ENSP00000308540	83.8	5
1858867	9606.ENSP00000383690	2043	191
1862162	9606.ENSP00000440847	149	10
1854790	9606.ENSP00000357380	15.7	1
1853787	9606.ENSP00000351967	138	1
1844877	9606.ENSP00000261267	602	8
1843473	9606.ENSP00000237858	141	1
1842549	9606.ENSP00000216124	473	17
1854582	9606.ENSP00000356370	28.2	3
1853860	9606.ENSP00000352522	20.8	1
1848062	9606.ENSP00000299427	1107	53
1855120	9606.ENSP00000358866	34.6	11
1848258	9606.ENSP00000301202	128	10
1857087	9606.ENSP00000369055	227	10
1842623	9606.ENSP00000216802	172	4
1845104	9606.ENSP00000262288	20.5	2
1853877	9606.ENSP00000352627	228	44
1845287	9606.ENSP00000263100	3384	184
1858577	9606.ENSP00000381216	58.9	3
1843846	9606.ENSP00000246957	23.6	2
1859555	9606.ENSP00000391397	18.9	1
1856083	9606.ENSP00000363395	24.7	3
1859243	9606.ENSP00000387123	43.6	1
1845501	9606.ENSP00000264202	229	6
1855774	9606.ENSP00000361949	17.0	2
1849274	9606.ENSP00000310226	20.2	1
1843767	9606.ENSP00000245552	76.6	2
1845923	9606.ENSP00000267119	123	50
1848019	9606.ENSP00000299138	12.1	1
1846327	9606.ENSP00000273550	134	3
1855133	9606.ENSP00000358921	94.6	4
1849990	9606.ENSP00000317895	24.6	2
1852830	9606.ENSP00000344547	697	5
1853450	9606.ENSP00000349493	612	7
1843797	9606.ENSP00000246069	91.5	2
1857282	9606.ENSP00000370129	15.0	1
1852861	9606.ENSP00000344818	36.3	12
1849535	9606.ENSP00000312435	15.4	2
1852262	9606.ENSP00000339835	33.1	5
1847279	9606.ENSP00000291295	338	15
1842472	9606.ENSP00000211998	11.6	1
1845702	9606.ENSP00000265162	15.7	2
1853096	9606.ENSP00000346827	12.5	1
1845675	9606.ENSP00000265052	20.7	1
1845324	9606.ENSP00000263273	17.0	1
1844765	9606.ENSP00000260227	33.1	1
1846066	9606.ENSP00000269141	240	12
1851050	9606.ENSP00000328521	101	1
1848128	9606.ENSP00000300060	791	84
1853302	9606.ENSP00000348461	46.9	1
1862771	9606.ENSP00000451605	17.1	1
1853277	9606.ENSP00000348278	27.1	2
1844113	9606.ENSP00000252245	448	118
1849192	9606.ENSP00000309542	429	17
1843345	9606.ENSP00000233242	55.5	28
1852107	9606.ENSP00000338413	262	32
1852628	9606.ENSP00000342830	49.6	9
1858892	9606.ENSP00000384015	6.02	1
1849892	9606.ENSP00000316670	54.3	2
1848892	9606.ENSP00000306888	86.2	4
1843176	9606.ENSP00000228945	603	8
1864149	9606.ENSP00000469421	34.6	2
1843448	9606.ENSP00000237014	2431	56
1846836	9606.ENSP00000283179	92.7	5
1843081	9606.ENSP00000226253	107	6
1853077	9606.ENSP00000346635	8.17	1
1857242	9606.ENSP00000369915	25.8	1
1853526	9606.ENSP00000349971	33.3	2
1852441	9606.ENSP00000341289	179	35
1855303	9606.ENSP00000359629	16.7	2
1846102	9606.ENSP00000269576	7508	461
1854273	9606.ENSP00000354972	21.5	1
1851595	9606.ENSP00000333547	38.2	2
1856690	9606.ENSP00000366679	228	44
1850411	9606.ENSP00000322061	9.28	1
1842673	9606.ENSP00000217652	56.3	3
1846132	9606.ENSP00000270142	892	6
1849863	9606.ENSP00000316333	401	17
1851909	9606.ENSP00000336702	160	7
1844933	9606.ENSP00000261531	66.5	2
1847679	9606.ENSP00000296122	52.4	4
1855296	9606.ENSP00000359594	49.7	6
1864009	9606.ENSP00000468367	4.7	1
1848886	9606.ENSP00000306864	2761	138
1846449	9606.ENSP00000275603	75.8	4
1856133	9606.ENSP00000363641	261	5
1842546	9606.ENSP00000216117	156	5
1848229	9606.ENSP00000301012	28.6	1
1842974	9606.ENSP00000223321	25.3	2
1848522	9606.ENSP00000303366	2218	105
1848163	9606.ENSP00000300215	33.9	4
1863209	9606.ENSP00000458307	170	5
1846765	9606.ENSP00000282050	166	8
1842112	9606.ENSP00000001008	80.0	4
1851932	9606.ENSP00000336829	1245	94
1848244	9606.ENSP00000301071	107	27
1857440	9606.ENSP00000371236	4.53	1
1846216	9606.ENSP00000271835	6892	252
1843983	9606.ENSP00000249923	11.2	1
1854743	9606.ENSP00000357123	70.4	2
1843476	9606.ENSP00000238018	19.0	1
1844152	9606.ENSP00000252699	393	38
1853568	9606.ENSP00000350275	1164	24
1857426	9606.ENSP00000371152	614	26
1850929	9606.ENSP00000327513	133	11
1845847	9606.ENSP00000266041	2550	248
1850424	9606.ENSP00000322192	429	17
1844920	9606.ENSP00000261479	23.4	1
1857102	9606.ENSP00000369146	16.6	1
1855181	9606.ENSP00000359151	13.3	1
1843563	9606.ENSP00000240343	67.9	1
1848581	9606.ENSP00000303909	4.68	1
1861189	9606.ENSP00000415941	384	93
1846005	9606.ENSP00000268206	17.2	3
1843915	9606.ENSP00000248553	3720	84
1854169	9606.ENSP00000354610	656	179
1862229	9606.ENSP00000442656	63.2	5
1844185	9606.ENSP00000253004	88.7	4
1852488	9606.ENSP00000341674	53.0	4
1844755	9606.ENSP00000260118	1589	35
1848223	9606.ENSP00000300935	39.8	1
1849021	9606.ENSP00000307940	370	26
1852305	9606.ENSP00000340278	58.1	1
1844543	9606.ENSP00000257860	7.65	1
1843478	9606.ENSP00000238081	723	18
1859091	9606.ENSP00000386104	159	6
1853980	9606.ENSP00000353444	6.57	1
1861952	9606.ENSP00000433821	52.2	2
1842165	9606.ENSP00000011473	91.7	4
1858102	9606.ENSP00000377083	5.42	1
1846710	9606.ENSP00000281154	5.92	1
1844856	9606.ENSP00000261182	27.9	1
1851443	9606.ENSP00000332194	882	46
1853657	9606.ENSP00000350990	9.47	2
1861240	9606.ENSP00000416683	19.0	1
1845980	9606.ENSP00000267973	25.0	1
1844815	9606.ENSP00000260702	2.13	1
1854665	9606.ENSP00000356791	113	3
1854902	9606.ENSP00000357861	34.8	3
1857775	9606.ENSP00000373586	31.7	2
1845725	9606.ENSP00000265333	484	26
1845231	9606.ENSP00000262878	22.8	2
1862080	9606.ENSP00000438144	116	3
1845043	9606.ENSP00000262030	165	11
1846084	9606.ENSP00000269321	959	9
1856225	9606.ENSP00000364188	84.8	2
1845419	9606.ENSP00000263816	128	66
1864409	9606.ENSP00000470555	23.0	1
1856899	9606.ENSP00000367869	93.7	6
1842858	9606.ENSP00000221740	244	5
1844427	9606.ENSP00000256383	37.2	1
1844670	9606.ENSP00000259206	333	8
1851102	9606.ENSP00000329008	53.8	2
1843749	9606.ENSP00000245185	18.9	1
1845337	9606.ENSP00000263354	8.03	1
1856856	9606.ENSP00000367615	100	3
1842233	9606.ENSP00000058691	71.4	2
1854962	9606.ENSP00000358151	371	45
1850133	9606.ENSP00000319281	523	9
1847507	9606.ENSP00000294800	223	10
1855063	9606.ENSP00000358596	91.8	2
1845374	9606.ENSP00000263598	60.7	1
1862405	9606.ENSP00000447378	23.6	10
1847205	9606.ENSP00000290122	19.6	2
1847953	9606.ENSP00000298316	166	3
1846958	9606.ENSP00000285379	525	16
1855748	9606.ENSP00000361850	383	23
1842180	9606.ENSP00000014930	128	4
1842813	9606.ENSP00000221130	34.5	2
1843587	9606.ENSP00000241052	565	30
1853820	9606.ENSP00000352252	1164	24
1862133	9606.ENSP00000439660	1164	24
1845728	9606.ENSP00000265339	140	2
1842301	9606.ENSP00000167588	38.9	22
1851241	9606.ENSP00000330307	228	44
1843430	9606.ENSP00000235835	25.0	1
1844482	9606.ENSP00000256997	314	16
1852162	9606.ENSP00000339001	213	36
1853372	9606.ENSP00000348918	148	2
1853226	9606.ENSP00000347872	106	5
1846901	9606.ENSP00000284320	8.64	1
1862492	9606.ENSP00000448220	16296	723
1856669	9606.ENSP00000366565	122	2
1862935	9606.ENSP00000455047	8.34	1
1856921	9606.ENSP00000367992	150	5
1844071	9606.ENSP00000251595	43521	1627
1862793	9606.ENSP00000452237	98.6	26
1862604	9606.ENSP00000449428	18.8	1
1853798	9606.ENSP00000352101	50.2	4
1844060	9606.ENSP00000251453	211	2
1854124	9606.ENSP00000354468	17.8	1
1854432	9606.ENSP00000355656	209	41
1853550	9606.ENSP00000350159	531	52
1861847	9606.ENSP00000430690	169	2
1846569	9606.ENSP00000278505	290	19
1853368	9606.ENSP00000348901	36.3	2
1843011	9606.ENSP00000225275	338	39
1843157	9606.ENSP00000228740	82.8	7
1844979	9606.ENSP00000261735	34.9	1
1854135	9606.ENSP00000354511	143	5
1854262	9606.ENSP00000354947	12.2	1
1858318	9606.ENSP00000379042	720	37
1843307	9606.ENSP00000232003	225	16
1848313	9606.ENSP00000301607	291	40
1864297	9606.ENSP00000470059	12.5	1
1853976	9606.ENSP00000353408	147	12
1846090	9606.ENSP00000269389	1699	40
1852665	9606.ENSP00000343164	45.3	3
1847729	9606.ENSP00000296444	1076	22
1847220	9606.ENSP00000290299	22.8	1
1852989	9606.ENSP00000345895	25.8	2
1855676	9606.ENSP00000361499	95.1	4
1859976	9606.ENSP00000396937	85.0	3
1846042	9606.ENSP00000268720	0.876	1
1845848	9606.ENSP00000266058	13.3	1
1859328	9606.ENSP00000388169	337	6
1848897	9606.ENSP00000306920	474	33
1857999	9606.ENSP00000376176	215	3
1856519	9606.ENSP00000365745	58.5	2
1844759	9606.ENSP00000260130	112	3
1855172	9606.ENSP00000359098	90.5	1
1851519	9606.ENSP00000332790	181	35
1848717	9606.ENSP00000305260	38.1	3
1849794	9606.ENSP00000315564	17.8	3
1846673	9606.ENSP00000280551	18.3	3
1859260	9606.ENSP00000387286	58.9	2
1862243	9606.ENSP00000443189	28.8	1
1853282	9606.ENSP00000348307	24.0	5
1858016	9606.ENSP00000376309	113	4
1843188	9606.ENSP00000229264	6.26	2
1854290	9606.ENSP00000355060	7.13	1
1852430	9606.ENSP00000341214	117	9
1853523	9606.ENSP00000349960	2136	290
1861358	9606.ENSP00000418447	54.2	3
1848848	9606.ENSP00000306477	114	7
1857945	9606.ENSP00000375622	468	30
1843820	9606.ENSP00000246533	252	8
1850365	9606.ENSP00000321584	47.0	1
1850053	9606.ENSP00000318472	23.8	2
1856128	9606.ENSP00000363621	35.1	1
1861957	9606.ENSP00000434034	28.8	2
1852496	9606.ENSP00000341730	146	1
1861450	9606.ENSP00000419970	22.2	1
1849549	9606.ENSP00000312606	362	11
1844568	9606.ENSP00000258091	88.7	4
1855399	9606.ENSP00000360124	9.9	1
1849772	9606.ENSP00000315263	421	7
1858776	9606.ENSP00000382840	121	6
1842227	9606.ENSP00000055077	32.7	3
1853800	9606.ENSP00000352119	228	44
1850747	9606.ENSP00000325548	117	7
1851808	9606.ENSP00000335084	24.3	3
1851658	9606.ENSP00000333994	46394	1264
1856824	9606.ENSP00000367406	23.7	3
1857571	9606.ENSP00000372224	9.6	1
1853349	9606.ENSP00000348786	38.5	2
1856155	9606.ENSP00000363768	18.7	1
1844225	9606.ENSP00000253408	65.3	15
1851897	9606.ENSP00000336591	20.0	3
1847239	9606.ENSP00000290541	46.6	1
1853269	9606.ENSP00000348170	8942	372
1847295	9606.ENSP00000291565	57.3	2
1852545	9606.ENSP00000342056	86.3	2
1850148	9606.ENSP00000319464	383	21
1853297	9606.ENSP00000348442	10.9	1
1851198	9606.ENSP00000329932	17.7	3
1844777	9606.ENSP00000260324	5.44	1
1855171	9606.ENSP00000359096	601	187
1850087	9606.ENSP00000318868	106	3
1849358	9606.ENSP00000310861	2122	248
1862138	9606.ENSP00000440045	14.3	2
1845247	9606.ENSP00000262942	92.2	4
1859839	9606.ENSP00000394936	4157	115
1858683	9606.ENSP00000382004	62.4	6
1843931	9606.ENSP00000248923	56.3	6
1844258	9606.ENSP00000253856	1.36	1
1850481	9606.ENSP00000322788	190	4
1858250	9606.ENSP00000378394	5985	305
1843956	9606.ENSP00000249330	219	13
1849555	9606.ENSP00000312634	16.9	1
1860192	9606.ENSP00000399970	19.8	3
1849775	9606.ENSP00000315299	631	9
1842666	9606.ENSP00000217426	85.0	4
1846556	9606.ENSP00000278282	359	8
1856129	9606.ENSP00000363624	408	5
1854590	9606.ENSP00000356399	177	25
1844509	9606.ENSP00000257497	4928	165
1851434	9606.ENSP00000332139	787	18
1858151	9606.ENSP00000377570	111	15
1844490	9606.ENSP00000257189	190	18
1842572	9606.ENSP00000216254	8.9	1
1863798	9606.ENSP00000463483	30.3	14
1848494	9606.ENSP00000303145	113	3
1854643	9606.ENSP00000356632	117	1
1861344	9606.ENSP00000418112	12.8	2
1854330	9606.ENSP00000355228	1148	2
1848744	9606.ENSP00000305556	100	4
1854968	9606.ENSP00000358160	1164	24
1844470	9606.ENSP00000256854	15.5	1
1852166	9606.ENSP00000339027	123	4
1849424	9606.ENSP00000311453	12.4	1
1848495	9606.ENSP00000303147	19.9	1
1844112	9606.ENSP00000252244	13120	756
1844066	9606.ENSP00000251535	235	18
1846873	9606.ENSP00000283916	33.2	2
1852662	9606.ENSP00000343129	46.6	2
1842767	9606.ENSP00000219700	61.6	3
1855598	9606.ENSP00000361072	39.8	1
1859771	9606.ENSP00000394071	110	14
1850229	9606.ENSP00000320295	48.3	13
1854887	9606.ENSP00000357799	900	7
1842566	9606.ENSP00000216218	55.3	1
1852503	9606.ENSP00000341787	11.2	1
1844629	9606.ENSP00000258739	136	3
1854209	9606.ENSP00000354739	44.2	1
1858934	9606.ENSP00000384363	45.2	2
1848799	9606.ENSP00000305995	10.3	1
1855566	9606.ENSP00000360939	232	6
1848637	9606.ENSP00000304408	280	43
1856212	9606.ENSP00000364114	15.0	1
1846972	9606.ENSP00000285735	37.2	2
1843461	9606.ENSP00000237500	56.3	3
1860096	9606.ENSP00000398632	241	31
1858792	9606.ENSP00000382982	50.6	17
1858474	9606.ENSP00000380427	4.43	1
1856474	9606.ENSP00000365473	53.8	1
1847597	9606.ENSP00000295640	9.53	1
1861392	9606.ENSP00000419027	98.7	10
1848465	9606.ENSP00000302886	30.4	4
1856793	9606.ENSP00000367220	407	12
1846473	9606.ENSP00000276079	15.3	1
1851289	9606.ENSP00000330836	38.5	1
1843485	9606.ENSP00000238497	211	8
1854773	9606.ENSP00000357283	240	9
1847224	9606.ENSP00000290349	143	5
1847651	9606.ENSP00000295959	139	2
1843738	9606.ENSP00000244751	0.931	1
1854025	9606.ENSP00000353731	72.0	5
1843872	9606.ENSP00000247665	322	5
1853781	9606.ENSP00000351926	5.82	1
1849440	9606.ENSP00000311572	93.1	5
1858230	9606.ENSP00000378292	99.0	17
1846322	9606.ENSP00000273398	30.4	1
1860210	9606.ENSP00000400175	206	4
1854649	9606.ENSP00000356671	332	18
1843817	9606.ENSP00000246515	1979	21
1849481	9606.ENSP00000311997	4.99	6
1853439	9606.ENSP00000349430	407	51
1855442	9606.ENSP00000360281	8.18	1
1843040	9606.ENSP00000225655	799	16
1846243	9606.ENSP00000272298	338	15
1842444	9606.ENSP00000206765	227	17
1849071	9606.ENSP00000308452	437	51
1850028	9606.ENSP00000318197	30.9	11
1846377	9606.ENSP00000274353	258	13
1852542	9606.ENSP00000342026	1141	29
1859870	9606.ENSP00000395473	10.3	2
1851878	9606.ENSP00000335620	170	5
1853847	9606.ENSP00000352438	49.2	2
1856378	9606.ENSP00000364943	505	14
1850888	9606.ENSP00000327070	108	4
1847683	9606.ENSP00000296130	309	12
1845602	9606.ENSP00000264710	63.3	2
1850277	9606.ENSP00000320709	29.0	1
1847717	9606.ENSP00000296370	75.6	1
1849303	9606.ENSP00000310491	90.1	5
1862118	9606.ENSP00000439146	11.0	1
1854817	9606.ENSP00000357516	76.6	3
1849469	9606.ENSP00000311847	84.9	1
1853378	9606.ENSP00000348965	3.67	2
1845836	9606.ENSP00000265983	2765	127
1854724	9606.ENSP00000357066	66.7	2
1850935	9606.ENSP00000327545	12.5	1
1847749	9606.ENSP00000296522	20.8	1
1858300	9606.ENSP00000378856	17.4	3
1852883	9606.ENSP00000345008	709	35
1861183	9606.ENSP00000415840	420	34
1856351	9606.ENSP00000364802	40.2	15
1849251	9606.ENSP00000310040	60.7	2
1852273	9606.ENSP00000339933	21.9	2
1852543	9606.ENSP00000342032	23.4	1
1861460	9606.ENSP00000420168	148	5
1855447	9606.ENSP00000360305	32.8	2
1847604	9606.ENSP00000295685	22.8	1
1842489	9606.ENSP00000215567	42.1	2
1848291	9606.ENSP00000301420	1548	35
1848966	9606.ENSP00000307519	70.2	2
1862300	9606.ENSP00000445831	392	51
1856345	9606.ENSP00000364782	83.9	5
1842482	9606.ENSP00000215375	141	1
1848718	9606.ENSP00000305263	21.8	13
1845755	9606.ENSP00000265447	69.4	2
1851162	9606.ENSP00000329554	1164	24
1847272	9606.ENSP00000291009	128	3
1842892	9606.ENSP00000222219	39.3	1
1852816	9606.ENSP00000344432	505	27
1852934	9606.ENSP00000345445	44.8	4
1856742	9606.ENSP00000366962	407	51
1859957	9606.ENSP00000396688	355	90
1843978	9606.ENSP00000249842	88.4	2
1849073	9606.ENSP00000308466	77.3	2
1842377	9606.ENSP00000198765	71.1	4
1842290	9606.ENSP00000164139	9.41	2
1857202	9606.ENSP00000369689	121	3
1855840	9606.ENSP00000362249	41.5	1
1860176	9606.ENSP00000399679	20.7	4
1862262	9606.ENSP00000443989	11.0	1
1861995	9606.ENSP00000435289	45.7	1
1843108	9606.ENSP00000227266	246	16
1846238	9606.ENSP00000272227	45.1	2
1844292	9606.ENSP00000254351	33.6	1
1859061	9606.ENSP00000385721	12.9	3
1848092	9606.ENSP00000299698	307	40
1845377	9606.ENSP00000263621	314	10
1850913	9606.ENSP00000327336	78.3	4
1861691	9606.ENSP00000426909	392	12
1845012	9606.ENSP00000261868	18.6	1
1858630	9606.ENSP00000381607	1854	40
1859833	9606.ENSP00000394863	52.9	2
1861536	9606.ENSP00000421655	25.0	9
1853623	9606.ENSP00000350708	55.3	1
1849317	9606.ENSP00000310593	8.37	1
1855509	9606.ENSP00000360635	260	14
1856769	9606.ENSP00000367123	83.2	5
1852173	9606.ENSP00000339095	236	3
1842995	9606.ENSP00000224237	64.0	6
1861414	9606.ENSP00000419378	402	10
1859339	9606.ENSP00000388293	605	2
1844114	9606.ENSP00000252250	3044	455
1848251	9606.ENSP00000301149	167	4
1844078	9606.ENSP00000251646	117	23
1846443	9606.ENSP00000275428	121	2
1843726	9606.ENSP00000244573	177	11
1843064	9606.ENSP00000225964	8.09	2
1853478	9606.ENSP00000349687	1381	26
1863181	9606.ENSP00000458149	126	2
1852962	9606.ENSP00000345689	6.57	1
1853048	9606.ENSP00000346402	418	23
1849174	9606.ENSP00000309431	24.4	9
1850255	9606.ENSP00000320516	15.6	1
1843861	9606.ENSP00000247207	75.7	18
1854966	9606.ENSP00000358158	882	46
1862013	9606.ENSP00000435777	97.6	1
1851404	9606.ENSP00000331871	5.92	1
1860664	9606.ENSP00000407487	13.2	1
1842337	9606.ENSP00000181383	69.6	5
1847391	9606.ENSP00000293217	15.5	1
1857763	9606.ENSP00000373477	229	5
1851357	9606.ENSP00000331544	150	11
1847778	9606.ENSP00000296695	585	5
1851078	9606.ENSP00000328808	33.4	11
1861531	9606.ENSP00000421566	21.8	2
1853005	9606.ENSP00000346032	2236	70
1843379	9606.ENSP00000233997	159	8
1851181	9606.ENSP00000329748	0.958	1
1849720	9606.ENSP00000314606	33.2	3
1856460	9606.ENSP00000365402	92.9	5
1851218	9606.ENSP00000330101	152	109
1862334	9606.ENSP00000446714	465	10
1861690	9606.ENSP00000426906	105	3
1844639	9606.ENSP00000258796	16.2	1
1853429	9606.ENSP00000349356	2.31	1
1855378	9606.ENSP00000359991	374	13
1862817	9606.ENSP00000452780	3792	70
1844889	9606.ENSP00000261336	41.4	15
1854099	9606.ENSP00000354280	62.0	2
1842429	9606.ENSP00000205402	23.7	1
1859071	9606.ENSP00000385834	4043	354
1861836	9606.ENSP00000430344	17.6	1
1853276	9606.ENSP00000348258	531	52
1847225	9606.ENSP00000290354	32.0	2
1858162	9606.ENSP00000377696	26.3	1
1849483	9606.ENSP00000312002	61.6	3
1856010	9606.ENSP00000363018	42.4	1
1855208	9606.ENSP00000359297	23.1	1
1853610	9606.ENSP00000350580	371	45
1846542	9606.ENSP00000277865	8.6	1
1853612	9606.ENSP00000350616	61.6	2
1861418	9606.ENSP00000419425	2539	44
1843463	9606.ENSP00000237530	40.9	2
1862192	9606.ENSP00000441828	1095	122
1842723	9606.ENSP00000219150	122	2
1854837	9606.ENSP00000357624	73.4	1
1848935	9606.ENSP00000307240	165	56
1862767	9606.ENSP00000451560	25.2	10
1852680	9606.ENSP00000343282	531	52
1847715	9606.ENSP00000296350	10.8	2
1858269	9606.ENSP00000378517	8182	335
1842156	9606.ENSP00000008938	2355	87
1855278	9606.ENSP00000359539	159	7
1849423	9606.ENSP00000311449	2.87	1
1849518	9606.ENSP00000312309	6.13	1
1862296	9606.ENSP00000445677	11.1	5
1850212	9606.ENSP00000320171	694	36
1856744	9606.ENSP00000366974	531	52
1842904	9606.ENSP00000222286	29.4	3
1855782	9606.ENSP00000362010	104	3
1853014	9606.ENSP00000346088	607	4
1845311	9606.ENSP00000263238	457	13
1856217	9606.ENSP00000364140	189	16
1858807	9606.ENSP00000383168	9.46	1
1856593	9606.ENSP00000366225	8.8	1
1845355	9606.ENSP00000263413	7.49	1
1857124	9606.ENSP00000369317	3895	501
1844362	9606.ENSP00000255192	19.2	2
1855900	9606.ENSP00000362524	24.6	1
1842128	9606.ENSP00000005257	19.5	1
1844574	9606.ENSP00000258145	345	17
1854982	9606.ENSP00000358224	11.0	1
1843106	9606.ENSP00000227251	1523	19
1848520	9606.ENSP00000303351	6.18	1
1852412	9606.ENSP00000341094	228	44
1845068	9606.ENSP00000262120	122	4
1858589	9606.ENSP00000381293	18.4	2
1845046	9606.ENSP00000262033	104	2
1848662	9606.ENSP00000304697	110	12
1860871	9606.ENSP00000410815	166	45
1848255	9606.ENSP00000301180	5.62	1
1856352	9606.ENSP00000364805	17.9	5
1844408	9606.ENSP00000256119	3261	99
1854804	9606.ENSP00000357453	93.4	9
1842433	9606.ENSP00000205948	2925	106
1843366	9606.ENSP00000233735	857	19
1849066	9606.ENSP00000308383	132	6
1853918	9606.ENSP00000352936	92.1	6
1857096	9606.ENSP00000369129	756	183
1853869	9606.ENSP00000352584	411	18
1854637	9606.ENSP00000356602	122	2
1854433	9606.ENSP00000355657	42.3	5
1844188	9606.ENSP00000253024	25.8	1
1846668	9606.ENSP00000280357	72.1	1
1851398	9606.ENSP00000331831	17.1	2
1844350	9606.ENSP00000255040	34.1	1
1846264	9606.ENSP00000272519	21.0	1
1858384	9606.ENSP00000379616	6.81	4
1850335	9606.ENSP00000321334	10.7	4
1850992	9606.ENSP00000328088	49.0	1
1854092	9606.ENSP00000354219	24.6	2
1842988	9606.ENSP00000223642	16.3	2
1854963	9606.ENSP00000358153	531	52
1858319	9606.ENSP00000379047	17.8	1
1852546	9606.ENSP00000342070	483	24
1847164	9606.ENSP00000289352	531	52
1849624	9606.ENSP00000313432	39.2	1
1842238	9606.ENSP00000064780	84.7	5
1854818	9606.ENSP00000357535	112	4
1860446	9606.ENSP00000404011	14.2	6
1854861	9606.ENSP00000357727	8087	104
1845845	9606.ENSP00000266031	16.6	1
1853630	9606.ENSP00000350767	531	52
1848588	9606.ENSP00000303987	127	4
1849486	9606.ENSP00000312027	281	5
1845137	9606.ENSP00000262419	12.3	1
1846554	9606.ENSP00000278222	232	6
1847386	9606.ENSP00000292896	336	56
1854454	9606.ENSP00000355778	2995	15
1851375	9606.ENSP00000331678	100	8
1844942	9606.ENSP00000261590	5.21	1
1845059	9606.ENSP00000262094	2.23	1
1849380	9606.ENSP00000311113	743	64
1862129	9606.ENSP00000439493	1164	24
1850940	9606.ENSP00000327589	8.32	1
1842496	9606.ENSP00000215637	19.3	1
1852109	9606.ENSP00000338477	26.0	1
1852633	9606.ENSP00000342850	348	14
1845087	9606.ENSP00000262193	27.2	1
1843365	9606.ENSP00000233714	48.2	2
1844324	9606.ENSP00000254801	650	13
1847163	9606.ENSP00000289316	407	51
1844988	9606.ENSP00000261769	675	41
1845208	9606.ENSP00000262746	878	18
1850599	9606.ENSP00000323929	669	139
1849107	9606.ENSP00000308753	145	3
1847255	9606.ENSP00000290776	1.27	1
1853848	9606.ENSP00000352442	407	51
1848986	9606.ENSP00000307705	2143	29
1853541	9606.ENSP00000350052	59.8	78
1860845	9606.ENSP00000410403	1.7	1
1855402	9606.ENSP00000360141	70.3	5
1854858	9606.ENSP00000357711	1316	15
1844115	9606.ENSP00000252252	3110	453
1859774	9606.ENSP00000394107	18.9	1
1855744	9606.ENSP00000361824	8.98	2
1861867	9606.ENSP00000431254	6618	248
1845353	9606.ENSP00000263408	129	7
1844836	9606.ENSP00000260983	6.44	1
1857570	9606.ENSP00000372221	104	6
1847627	9606.ENSP00000295822	66.3	4
1844285	9606.ENSP00000254301	252	3
1849891	9606.ENSP00000316664	85.6	8
1858390	9606.ENSP00000379680	122	6
1854730	9606.ENSP00000357075	390	9
1854402	9606.ENSP00000355537	11.3	4
1847404	9606.ENSP00000293308	302	72
1843912	9606.ENSP00000248437	84.2	20
1854754	9606.ENSP00000357156	64.8	3
1846489	9606.ENSP00000276390	42.3	5
1842912	9606.ENSP00000222374	85.0	4
1852847	9606.ENSP00000344674	67.1	2
1850707	9606.ENSP00000325074	20.3	3
1854763	9606.ENSP00000357204	1629	17
1848835	9606.ENSP00000306361	5127	416
1852536	9606.ENSP00000342011	14.6	1
1847426	9606.ENSP00000293670	89.4	21
1850072	9606.ENSP00000318697	53.3	11
1859186	9606.ENSP00000386609	9.96	3
1856869	9606.ENSP00000367697	129	5
1856558	9606.ENSP00000366005	44.6	3
1846086	9606.ENSP00000269349	39.8	5
1847903	9606.ENSP00000297785	43.6	2
1847621	9606.ENSP00000295759	3.43	1
1858518	9606.ENSP00000380855	22.6	1
1848102	9606.ENSP00000299767	45.0	3
1849976	9606.ENSP00000317674	201	10
1845628	9606.ENSP00000264832	23.9	2
1847420	9606.ENSP00000293525	98.6	26
1848178	9606.ENSP00000300408	39.1	1
1844704	9606.ENSP00000259526	68.5	4
1843827	9606.ENSP00000246635	30314	1648
1842913	9606.ENSP00000222381	138	5
1850618	9606.ENSP00000324173	205	15
1846069	9606.ENSP00000269159	32.4	1
1842558	9606.ENSP00000216181	171	33
1848400	9606.ENSP00000302393	22.5	1
1845175	9606.ENSP00000262584	67.4	2
1850450	9606.ENSP00000322439	17.4	1
1846891	9606.ENSP00000284240	85.7	2
1854111	9606.ENSP00000354376	31.8	1
1859634	9606.ENSP00000392330	10.4	1
1857206	9606.ENSP00000369703	145	33
1849765	9606.ENSP00000315167	16.4	1
1845167	9606.ENSP00000262544	3.98	1
1853373	9606.ENSP00000348924	407	51
1852698	9606.ENSP00000343445	864	61
1846944	9606.ENSP00000285039	9.15	2
1846235	9606.ENSP00000272217	38.8	1
1857461	9606.ENSP00000371393	77.6	3
1852912	9606.ENSP00000345230	24.7	2
1843868	9606.ENSP00000247461	123	5
1843303	9606.ENSP00000231751	980	116
1848317	9606.ENSP00000301653	1430	194
1845584	9606.ENSP00000264657	15.8	1
1860439	9606.ENSP00000403936	91.0	4
1844885	9606.ENSP00000261313	2286	32
1857168	9606.ENSP00000369530	25.2	2
1845035	9606.ENSP00000261978	160	24
1854684	9606.ENSP00000356903	17.1	1
1854241	9606.ENSP00000354876	22.0	1
1849018	9606.ENSP00000307900	168	5
1858063	9606.ENSP00000376793	1012	73
1853681	9606.ENSP00000351190	469	47
1862989	9606.ENSP00000455744	25.3	2
1855661	9606.ENSP00000361405	6.03	1
1857030	9606.ENSP00000368752	192	7
1842591	9606.ENSP00000216392	31.4	5
1847431	9606.ENSP00000293745	49.2	18
1843711	9606.ENSP00000244333	21.4	1
1843192	9606.ENSP00000229277	50.4	7
1849016	9606.ENSP00000307887	295	16
1856955	9606.ENSP00000368226	15.8	1
1849096	9606.ENSP00000308695	23.2	4
1842619	9606.ENSP00000216775	0.99	1
1845136	9606.ENSP00000262418	291	23
1858108	9606.ENSP00000377192	22.9	2
1850447	9606.ENSP00000322421	43521	1627
1847815	9606.ENSP00000297012	55.0	23
1861507	9606.ENSP00000420914	43.0	3
1843310	9606.ENSP00000232219	29.9	1
1842356	9606.ENSP00000190983	1411	22
1848653	9606.ENSP00000304592	130	34
1857331	9606.ENSP00000370473	35.1	1
1860287	9606.ENSP00000401508	34.4	2
1854964	9606.ENSP00000358154	1223	11
1849687	9606.ENSP00000314151	493	18
1843060	9606.ENSP00000225899	25.7	9
1845660	9606.ENSP00000264993	481	5
1844953	9606.ENSP00000261636	32.3	1
1845149	9606.ENSP00000262455	20.5	1
1854610	9606.ENSP00000356481	19.1	1
1858257	9606.ENSP00000378430	18967	17
1855173	9606.ENSP00000359100	601	187
1861946	9606.ENSP00000433721	21.5	1
1853267	9606.ENSP00000348163	276	15
1859418	9606.ENSP00000389289	103	9
1853646	9606.ENSP00000350896	24.9	4
1842405	9606.ENSP00000202773	95.6	1
1857133	9606.ENSP00000369349	98.1	23
1843396	9606.ENSP00000234347	32.5	1
1845485	9606.ENSP00000264144	8.86	1
1856957	9606.ENSP00000368244	61.9	5
1860352	9606.ENSP00000402551	92.3	3
1848515	9606.ENSP00000303276	6236	125
1845210	9606.ENSP00000262753	53.5	3
1853777	9606.ENSP00000351885	155	4
1847518	9606.ENSP00000295006	77.7	8
1850504	9606.ENSP00000323036	537	32
1860374	9606.ENSP00000402914	703	15
1858461	9606.ENSP00000380318	300	11
1858475	9606.ENSP00000380444	5.49	2
1843400	9606.ENSP00000234396	43.1	5
1852480	9606.ENSP00000341610	257	2
1847601	9606.ENSP00000295666	3712	89
1844468	9606.ENSP00000256785	5.21	1
1849694	9606.ENSP00000314299	56.3	2
1857082	9606.ENSP00000369018	31.6	2
1858336	9606.ENSP00000379157	27.0	1
1850194	9606.ENSP00000319977	321	12
1846035	9606.ENSP00000268695	296	14
1849102	9606.ENSP00000308720	315	7
1861022	9606.ENSP00000413479	233	114
1844327	9606.ENSP00000254810	2995	15
1851525	9606.ENSP00000332816	11.2	1
1853704	9606.ENSP00000351363	939	15
1849035	9606.ENSP00000308117	46.3	3
1846664	9606.ENSP00000280326	132	6
1848031	9606.ENSP00000299198	33.5	2
1856167	9606.ENSP00000363827	285	146
1847443	9606.ENSP00000293831	60.5	7
1847586	9606.ENSP00000295550	19.4	9
1842503	9606.ENSP00000215754	38.1	1
1845641	9606.ENSP00000264908	148	5
1851214	9606.ENSP00000330074	1846	17
1854199	9606.ENSP00000354718	3.53	1
1845677	9606.ENSP00000265062	114	3
1862170	9606.ENSP00000441032	11.6	1
1843444	9606.ENSP00000236957	34.3	1
1857817	9606.ENSP00000373998	53.0	3
1845579	9606.ENSP00000264639	138	3
1851492	9606.ENSP00000332604	7.02	1
1861932	9606.ENSP00000433352	17.1	2
1845983	9606.ENSP00000267996	23.7	2
1861523	9606.ENSP00000421315	37.4	3
1855731	9606.ENSP00000361761	2584	72
1851559	9606.ENSP00000333203	2198	123
1849036	9606.ENSP00000308137	203	6
1854859	9606.ENSP00000357721	17014	112
1852136	9606.ENSP00000338769	1.62	1
1845524	9606.ENSP00000264335	716	23
1848169	9606.ENSP00000300283	48.6	3
1846694	9606.ENSP00000280904	93.4	11
1854965	9606.ENSP00000358155	882	46
1845102	9606.ENSP00000262269	30.6	10
1855255	9606.ENSP00000359478	3.75	1
1856376	9606.ENSP00000364934	268	11
1845466	9606.ENSP00000264036	10.4	1
1854304	9606.ENSP00000355124	4802	418
1846206	9606.ENSP00000271638	2288	28
1847027	9606.ENSP00000286713	258	9
1850612	9606.ENSP00000324105	147	9
1843197	9606.ENSP00000229319	253	12
1856464	9606.ENSP00000365426	184	2
1853039	9606.ENSP00000346316	531	52
1849420	9606.ENSP00000311430	169	4
1859040	9606.ENSP00000385479	1223	11
1842109	9606.ENSP00000000233	32.1	3
1850396	9606.ENSP00000321853	203	10
1842551	9606.ENSP00000216129	69.5	4
1852298	9606.ENSP00000340211	74.0	1
1856206	9606.ENSP00000364073	42.7	10
1860870	9606.ENSP00000410769	157	3
1848760	9606.ENSP00000305692	1453	138
1848629	9606.ENSP00000304350	1.63	1
1848504	9606.ENSP00000303206	299	9
1856578	9606.ENSP00000366124	1155	29
1851211	9606.ENSP00000330054	1178	45
1843828	9606.ENSP00000246646	4.65	4
1850962	9606.ENSP00000327801	769	29
1860360	9606.ENSP00000402644	7.39	2
1842300	9606.ENSP00000167586	1306	185
1850346	9606.ENSP00000321389	209	41
1855016	9606.ENSP00000358417	176	8
1845454	9606.ENSP00000264005	49.2	2
1845682	9606.ENSP00000265073	136	2
1847502	9606.ENSP00000294728	16.9	2
1856822	9606.ENSP00000367391	429	17
1861539	9606.ENSP00000421725	1147	68
1844076	9606.ENSP00000251643	3693	328
1858906	9606.ENSP00000384169	19.9	2
1846268	9606.ENSP00000272602	16.9	1
1850384	9606.ENSP00000321744	407	51
1857158	9606.ENSP00000369456	49.3	1
1860696	9606.ENSP00000407952	174	13
1846202	9606.ENSP00000271588	14.8	9
1857962	9606.ENSP00000375809	19.1	1
1853938	9606.ENSP00000353074	407	51
1844727	9606.ENSP00000259818	145	33
1845441	9606.ENSP00000263946	429	37
1853527	9606.ENSP00000349977	20.5	1
1852398	9606.ENSP00000340989	2762	53
1846923	9606.ENSP00000284719	46.0	2
1843405	9606.ENSP00000234590	1262	64
1852478	9606.ENSP00000341584	217	10
1855757	9606.ENSP00000361878	328	13
1843845	9606.ENSP00000246949	972	34
1852510	9606.ENSP00000341826	53.3	4
1847312	9606.ENSP00000291744	230	9
1849952	9606.ENSP00000317334	20.2	1
1848971	9606.ENSP00000307567	31.1	3
1846529	9606.ENSP00000277480	736	15
1863869	9606.ENSP00000464265	96.2	11
1854940	9606.ENSP00000358045	152	9
1845966	9606.ENSP00000267814	160	7
1861337	9606.ENSP00000417970	15.8	2
1849292	9606.ENSP00000310406	10.0	1
1854122	9606.ENSP00000354458	99.8	6
1850286	9606.ENSP00000320828	105	5
1855403	9606.ENSP00000360147	39.5	3
