#id: 217
#name: H.sapiens - Cerebral cortex, SC (Wilhelm,Nature,2014)
#score: 2.13
#weight: 100%
#description: abundance based on Spectral counting, from<a href="http://www.nature.com/nature/journal/v509/n7502/full/nature13319.html" target="_blank">Wilhelm,Nature,2014</a><br/><b>Interaction consistency score</b>: 2.13&nbsp<b>Coverage</b>: 11
#organ: CEREBRAL_CORTEX
#integrated: false
#coverage: 11
#publication_year: 2014
#filename: 9606-cerebral_cortex_Wilhelm_2014_Maxquant.txt
#
#internal_id	string_external_id	abundance	raw_spectral_count
1857331	9606.ENSP00000370473	37.2	2
1863965	9606.ENSP00000466775	1188	24
1860571	9606.ENSP00000406022	5.1	1
1848483	9606.ENSP00000303057	65.9	4
1856185	9606.ENSP00000363965	786	94
1863607	9606.ENSP00000461388	17.6	2
1858123	9606.ENSP00000377374	60.5	3
1856652	9606.ENSP00000366488	23.9	1
1854999	9606.ENSP00000358312	50.3	2
1847010	9606.ENSP00000286371	62.5	3
1851969	9606.ENSP00000337168	16.4	3
1848245	9606.ENSP00000301072	419	182
1845214	9606.ENSP00000262776	367	50
1854901	9606.ENSP00000357858	54.4	3
1843081	9606.ENSP00000226253	220	17
1855883	9606.ENSP00000362413	3843	300
1859080	9606.ENSP00000385927	31.7	3
1850725	9606.ENSP00000325312	62.5	6
1843666	9606.ENSP00000243346	20.1	1
1856125	9606.ENSP00000363603	17.9	3
1854706	9606.ENSP00000356988	96.6	8
1857559	9606.ENSP00000372136	133	9
1856019	9606.ENSP00000363054	224	13
1849731	9606.ENSP00000314776	6.32	1
1850586	9606.ENSP00000323856	2.64	4
1860535	9606.ENSP00000405573	1851	241
1861976	9606.ENSP00000434593	82.1	5
1849473	9606.ENSP00000311876	66.4	11
1853413	9606.ENSP00000349252	11.7	3
1859424	9606.ENSP00000389414	54.5	7
1861305	9606.ENSP00000417580	77.3	4
1856462	9606.ENSP00000365411	62.3	4
1845583	9606.ENSP00000264651	29.5	15
1846999	9606.ENSP00000286201	30.2	7
1860870	9606.ENSP00000410769	55.4	3
1853711	9606.ENSP00000351410	66.4	4
1842898	9606.ENSP00000222256	1.28	1
1852023	9606.ENSP00000337641	1.95	1
1847466	9606.ENSP00000294119	85.5	4
1858156	9606.ENSP00000377616	2.88	3
1851354	9606.ENSP00000331514	5535	1377
1850502	9606.ENSP00000322991	28.4	2
1863597	9606.ENSP00000461324	4.89	1
1854214	9606.ENSP00000354774	37.5	2
1862241	9606.ENSP00000443140	5.81	1
1845114	9606.ENSP00000262306	50.7	3
1858204	9606.ENSP00000377995	27.0	2
1852110	9606.ENSP00000338481	34.4	8
1843830	9606.ENSP00000246662	1046	146
1853670	9606.ENSP00000351108	119	4
1842673	9606.ENSP00000217652	61.4	8
1859798	9606.ENSP00000394405	22.1	2
1854397	9606.ENSP00000355518	50.3	6
1852297	9606.ENSP00000340210	684	31
1854615	9606.ENSP00000356520	2.71	1
1846609	9606.ENSP00000279022	53.6	7
1845421	9606.ENSP00000263826	2.35	1
1848508	9606.ENSP00000303222	36.7	2
1853679	9606.ENSP00000351155	3.36	1
1842992	9606.ENSP00000224073	146	3
1844991	9606.ENSP00000261778	1.24	1
1851504	9606.ENSP00000332706	43.7	1
1850940	9606.ENSP00000327589	8.25	2
1854585	9606.ENSP00000356382	13.5	3
1844173	9606.ENSP00000252936	1.13	2
1847260	9606.ENSP00000290866	4.2	3
1855673	9606.ENSP00000361475	91.3	6
1844701	9606.ENSP00000259477	30.4	1
1851096	9606.ENSP00000328973	171	4
1853069	9606.ENSP00000346577	11.1	4
1852224	9606.ENSP00000339503	20.3	1
1849250	9606.ENSP00000310036	111	6
1850572	9606.ENSP00000323696	12.9	1
1855516	9606.ENSP00000360671	198	42
1855600	9606.ENSP00000361083	2726	31
1859250	9606.ENSP00000387219	96.8	5
1855459	9606.ENSP00000360365	201	7
1847484	9606.ENSP00000294413	4.8	1
1852109	9606.ENSP00000338477	21.4	2
1862814	9606.ENSP00000452762	159	13
1844876	9606.ENSP00000261263	215	16
1847664	9606.ENSP00000296028	366	17
1854161	9606.ENSP00000354588	2.32	1
1857035	9606.ENSP00000368767	88.8	5
1857263	9606.ENSP00000370023	31.4	5
1854300	9606.ENSP00000355110	46.7	6
1844034	9606.ENSP00000251047	25.6	2
1855086	9606.ENSP00000358737	12.1	1
1854594	9606.ENSP00000356411	153	18
1855858	9606.ENSP00000362329	150	12
1846970	9606.ENSP00000285679	3.08	1
1847542	9606.ENSP00000295137	712	583
1846450	9606.ENSP00000275605	14.1	1
1842626	9606.ENSP00000216840	60.1	9
1860790	9606.ENSP00000409382	6.54	11
1846344	9606.ENSP00000273920	97.1	5
1851252	9606.ENSP00000330389	275	8
1844353	9606.ENSP00000255084	4.35	2
1846804	9606.ENSP00000282541	94.8	8
1859729	9606.ENSP00000393566	34.7	3
1858066	9606.ENSP00000376800	1199	19
1848810	9606.ENSP00000306117	3.18	1
1845196	9606.ENSP00000262662	29.3	1
1857486	9606.ENSP00000371554	251	13
1844747	9606.ENSP00000260010	4.0	1
1846625	9606.ENSP00000279247	176	35
1844229	9606.ENSP00000253452	71.0	3
1851881	9606.ENSP00000335632	223	9
1856998	9606.ENSP00000368528	35.3	2
1850181	9606.ENSP00000319781	16.2	2
1846187	9606.ENSP00000271308	267	12
1855855	9606.ENSP00000362308	1436	39
1848197	9606.ENSP00000300605	347	11
1852943	9606.ENSP00000345492	1.37	1
1852634	9606.ENSP00000342858	76.1	12
1842851	9606.ENSP00000221566	112	6
1859549	9606.ENSP00000391266	370	10
1854428	9606.ENSP00000355645	748	599
1846241	9606.ENSP00000272252	100	7
1848133	9606.ENSP00000300087	82.4	2
1856799	9606.ENSP00000367263	53.8	92
1842532	9606.ENSP00000216034	103	4
1859638	9606.ENSP00000392353	37.5	1
1847666	9606.ENSP00000296043	1.34	1
1854897	9606.ENSP00000357838	49.7	5
1843441	9606.ENSP00000236826	33.8	3
1855039	9606.ENSP00000358510	59.6	3
1845999	9606.ENSP00000268150	287	30
1853986	9606.ENSP00000353472	10.9	4
1856017	9606.ENSP00000363041	81.2	2
1843112	9606.ENSP00000227378	1103	195
1842619	9606.ENSP00000216775	0.563	1
1858184	9606.ENSP00000377865	40.4	1
1860371	9606.ENSP00000402855	16.5	1
1846014	9606.ENSP00000268379	38.8	3
1848151	9606.ENSP00000300161	523	46
1852186	9606.ENSP00000339191	51.6	3
1853931	9606.ENSP00000353025	32.5	2
1843442	9606.ENSP00000236850	8600	654
1849836	9606.ENSP00000316021	157	5
1852121	9606.ENSP00000338607	40.7	2
1849409	9606.ENSP00000311344	42.9	14
1856105	9606.ENSP00000363500	516	29
1844343	9606.ENSP00000254963	2.9	1
1861873	9606.ENSP00000431391	51.0	7
1858297	9606.ENSP00000378812	456	6
1855975	9606.ENSP00000362817	432	12
1843307	9606.ENSP00000232003	25.3	3
1847212	9606.ENSP00000290216	153	11
1857211	9606.ENSP00000369736	316	5
1848801	9606.ENSP00000306010	518	58
1847997	9606.ENSP00000298841	39.8	5
1851002	9606.ENSP00000328173	62.7	7
1846820	9606.ENSP00000282878	1.34	1
1857794	9606.ENSP00000373730	2.83	1
1862638	9606.ENSP00000449770	33.0	2
1850267	9606.ENSP00000320646	10.0	1
1843593	9606.ENSP00000241305	1.83	1
1851481	9606.ENSP00000332511	85.4	10
1845020	9606.ENSP00000261890	608	69
1852233	9606.ENSP00000339613	20.2	2
1864016	9606.ENSP00000468690	535	33
1861592	9606.ENSP00000423463	0.951	1
1843971	9606.ENSP00000249647	481	22
1854113	9606.ENSP00000354394	8.9	2
1859859	9606.ENSP00000395328	88.3	2
1845035	9606.ENSP00000261978	237	68
1850207	9606.ENSP00000320084	361	31
1851454	9606.ENSP00000332287	118	4
1858578	9606.ENSP00000381220	237	11
1845616	9606.ENSP00000264758	180	28
1861685	9606.ENSP00000426638	27.3	3
1842446	9606.ENSP00000207437	52.7	5
1845339	9606.ENSP00000263368	3650	147
1845575	9606.ENSP00000264613	292	84
1858489	9606.ENSP00000380552	18.2	1
1845084	9606.ENSP00000262187	534	14
1845007	9606.ENSP00000261854	24.9	3
1848472	9606.ENSP00000302935	3.79	1
1855915	9606.ENSP00000362576	32.5	4
1846551	9606.ENSP00000278193	35.7	2
1852708	9606.ENSP00000343515	15.4	2
1844460	9606.ENSP00000256682	1131	115
1845324	9606.ENSP00000263273	553	72
1856660	9606.ENSP00000366525	40.4	1
1849749	9606.ENSP00000315013	8.98	1
1856600	9606.ENSP00000366246	198	27
1844797	9606.ENSP00000260508	43.2	5
1852872	9606.ENSP00000344909	117	8
1847027	9606.ENSP00000286713	93.1	7
1844317	9606.ENSP00000254722	361	33
1850594	9606.ENSP00000323901	23.4	7
1850374	9606.ENSP00000321691	39.6	2
1852863	9606.ENSP00000344822	54.2	1
1854629	9606.ENSP00000356574	8.27	2
1844215	9606.ENSP00000253332	757	265
1848019	9606.ENSP00000299138	26.1	6
1842663	9606.ENSP00000217407	10.0	1
1861020	9606.ENSP00000413445	44.5	11
1862707	9606.ENSP00000450560	30.4	8
1853333	9606.ENSP00000348706	8.07	3
1853096	9606.ENSP00000346827	289	37
1842839	9606.ENSP00000221476	26.4	2
1862692	9606.ENSP00000450353	106	11
1862912	9606.ENSP00000454746	64.3	4
1852730	9606.ENSP00000343690	681	134
1849962	9606.ENSP00000317468	129	4
1857323	9606.ENSP00000370419	43.6	5
1842770	9606.ENSP00000219789	53.8	2
1860321	9606.ENSP00000402060	32.2	2
1857842	9606.ENSP00000374292	1.31	1
1846906	9606.ENSP00000284440	3628	120
1843832	9606.ENSP00000246747	44.9	2
1858981	9606.ENSP00000384774	78.0	16
1848672	9606.ENSP00000304802	69.2	4
1853122	9606.ENSP00000347041	799	53
1851313	9606.ENSP00000331127	7.18	1
1861173	9606.ENSP00000415769	11.7	2
1844989	9606.ENSP00000261772	81.9	26
1842289	9606.ENSP00000164133	1.78	1
1856405	9606.ENSP00000365081	145	4
1858381	9606.ENSP00000379602	6.51	1
1843753	9606.ENSP00000245304	92.0	11
1845152	9606.ENSP00000262461	14.0	2
1846563	9606.ENSP00000278407	896	92
1849940	9606.ENSP00000317232	121	20
1842705	9606.ENSP00000218388	33.8	2
1862126	9606.ENSP00000439444	192	28
1849396	9606.ENSP00000311245	428	8
1855990	9606.ENSP00000362924	2745	314
1854695	9606.ENSP00000356946	35.9	2
1842932	9606.ENSP00000222644	60.5	9
1857314	9606.ENSP00000370377	2.46	1
1856844	9606.ENSP00000367498	10.4	1
1853595	9606.ENSP00000350425	281	27
1862299	9606.ENSP00000445829	41.9	2
1846175	9606.ENSP00000270776	126	13
1846635	9606.ENSP00000279477	98.3	22
1853517	9606.ENSP00000349932	5.16	3
1855596	9606.ENSP00000361064	15.0	2
1861482	9606.ENSP00000420419	315	15
1853389	9606.ENSP00000349078	30.5	3
1843439	9606.ENSP00000236671	371	61
1857062	9606.ENSP00000368927	21.3	1
1851566	9606.ENSP00000333266	17.2	6
1848600	9606.ENSP00000304102	18.4	1
1846504	9606.ENSP00000276590	107	5
1847002	9606.ENSP00000286301	5.95	1
1842431	9606.ENSP00000205636	22.0	1
1860123	9606.ENSP00000398890	19.7	3
1859939	9606.ENSP00000396505	217	8
1845665	9606.ENSP00000265016	11.2	1
1857748	9606.ENSP00000373343	0.699	1
1843357	9606.ENSP00000233616	15.2	4
1845249	9606.ENSP00000262947	264	9
1849183	9606.ENSP00000309503	2259	137
1845812	9606.ENSP00000265838	36.5	3
1850035	9606.ENSP00000318297	8.0	1
1850394	9606.ENSP00000321845	19.5	4
1852755	9606.ENSP00000343924	1411	121
1856612	9606.ENSP00000366307	27.1	2
1842521	9606.ENSP00000215909	1296	45
1854951	9606.ENSP00000358099	165	8
1845245	9606.ENSP00000262932	180	8
1843809	9606.ENSP00000246166	4.59	1
1845637	9606.ENSP00000264893	55.2	4
1844129	9606.ENSP00000252491	823	8
1853210	9606.ENSP00000347744	15.6	3
1846025	9606.ENSP00000268607	44.0	2
1852681	9606.ENSP00000343290	3.74	1
1846951	9606.ENSP00000285208	268	39
1846571	9606.ENSP00000278550	0.424	1
1849262	9606.ENSP00000310127	11.0	1
1850113	9606.ENSP00000319096	227	16
1844071	9606.ENSP00000251595	62300	4189
1850792	9606.ENSP00000326031	48.6	9
1858681	9606.ENSP00000381992	27.7	3
1858269	9606.ENSP00000378517	114	10
1852328	9606.ENSP00000340466	903	178
1848044	9606.ENSP00000299300	71.9	13
1845520	9606.ENSP00000264312	51.9	2
1851055	9606.ENSP00000328570	43.3	1
1853538	9606.ENSP00000350036	10.7	3
1859739	9606.ENSP00000393725	175	12
1851571	9606.ENSP00000333298	923	80
1862154	9606.ENSP00000440586	82.1	16
1847224	9606.ENSP00000290349	763	61
1852416	9606.ENSP00000341138	4.2	1
1847154	9606.ENSP00000289104	46.7	2
1861167	9606.ENSP00000415634	381	21
1844144	9606.ENSP00000252603	790	54
1852594	9606.ENSP00000342434	11.2	5
1849932	9606.ENSP00000317141	355	23
1847349	9606.ENSP00000292385	60.4	6
1856793	9606.ENSP00000367220	110	8
1855732	9606.ENSP00000361765	14.4	1
1854878	9606.ENSP00000357775	63.0	3
1861871	9606.ENSP00000431371	183	12
1848987	9606.ENSP00000307706	16.2	1
1852653	9606.ENSP00000343040	110	4
1854006	9606.ENSP00000353624	19.0	5
1845517	9606.ENSP00000264265	87.9	3
1846114	9606.ENSP00000269848	92.5	18
1848635	9606.ENSP00000304376	78.4	4
1861995	9606.ENSP00000435289	468	13
1846580	9606.ENSP00000278715	11.3	1
1846728	9606.ENSP00000281456	108	35
1845594	9606.ENSP00000264677	1.36	1
1855425	9606.ENSP00000360217	14.4	1
1860801	9606.ENSP00000409612	22.1	2
1848923	9606.ENSP00000307156	9.91	5
1850327	9606.ENSP00000321259	650	48
1861891	9606.ENSP00000431872	2266	58
1845079	9606.ENSP00000262160	9.48	1
1846064	9606.ENSP00000269122	0.759	1
1858256	9606.ENSP00000378426	312	12
1844853	9606.ENSP00000261173	60.4	41
1846009	9606.ENSP00000268261	14.7	1
1846735	9606.ENSP00000281589	15.1	5
1850467	9606.ENSP00000322594	34.5	12
1853944	9606.ENSP00000353099	356	18
1852876	9606.ENSP00000344942	47.3	2
1845768	9606.ENSP00000265560	1.72	1
1848121	9606.ENSP00000300026	2382	89
1853105	9606.ENSP00000346916	0.738	1
1854723	9606.ENSP00000357060	54.7	69
1852973	9606.ENSP00000345772	1.91	1
1862910	9606.ENSP00000454699	6.19	1
1859355	9606.ENSP00000388566	8.95	1
1852289	9606.ENSP00000340118	61.8	1
1855807	9606.ENSP00000362111	14.7	1
1845757	9606.ENSP00000265462	667	36
1843445	9606.ENSP00000236959	264	45
1863943	9606.ENSP00000466214	252	8
1845039	9606.ENSP00000262013	11.0	5
1845208	9606.ENSP00000262746	3415	148
1850828	9606.ENSP00000326381	199	29
1857456	9606.ENSP00000371362	21.7	2
1854689	9606.ENSP00000356918	314	17
1849314	9606.ENSP00000310573	20.6	18
1844573	9606.ENSP00000258123	1.68	1
1844015	9606.ENSP00000250559	1363	98
1842918	9606.ENSP00000222402	20.9	1
1845674	9606.ENSP00000265044	28.0	1
1845365	9606.ENSP00000263556	29.7	4
1861219	9606.ENSP00000416293	154	15
1852305	9606.ENSP00000340278	6227	217
1848179	9606.ENSP00000300413	83.0	1
1857564	9606.ENSP00000372191	11.6	1
1853819	9606.ENSP00000352248	2.52	1
1843937	9606.ENSP00000248975	456	31
1843224	9606.ENSP00000229824	30.3	11
1844072	9606.ENSP00000251607	23.7	2
1852024	9606.ENSP00000337675	37.9	1
1856207	9606.ENSP00000364076	113	8
1849366	9606.ENSP00000310935	31.1	1
1851182	9606.ENSP00000329757	44.2	1
1853135	9606.ENSP00000347168	19.0	5
1859771	9606.ENSP00000394071	792	118
1851022	9606.ENSP00000328325	203	4
1844696	9606.ENSP00000259457	25.4	1
1847870	9606.ENSP00000297440	3.71	1
1844996	9606.ENSP00000261799	37.7	7
1853691	9606.ENSP00000351259	0.949	1
1844558	9606.ENSP00000257951	3.03	8
1855972	9606.ENSP00000362807	67.1	3
1844962	9606.ENSP00000261669	42.2	3
1848943	9606.ENSP00000307275	442	19
1861041	9606.ENSP00000413861	13.9	1
1845473	9606.ENSP00000264059	18.1	1
1842505	9606.ENSP00000215773	337	12
1848848	9606.ENSP00000306477	57.1	7
1855704	9606.ENSP00000361626	158	9
1853504	9606.ENSP00000349873	2.83	1
1843064	9606.ENSP00000225964	129	61
1847257	9606.ENSP00000290810	135	18
1852221	9606.ENSP00000339479	43.8	9
1850900	9606.ENSP00000327191	7.16	2
1855595	9606.ENSP00000361057	51.0	5
1849425	9606.ENSP00000311469	89.7	15
1845382	9606.ENSP00000263645	2286	79
1858191	9606.ENSP00000377914	21.0	2
1854589	9606.ENSP00000356395	17.6	4
1847208	9606.ENSP00000290158	288	55
1859724	9606.ENSP00000393541	18.6	1
1843747	9606.ENSP00000245121	57.6	8
1843162	9606.ENSP00000228825	253	9
1842160	9606.ENSP00000009530	119	6
1853932	9606.ENSP00000353030	15.7	7
1845140	9606.ENSP00000262428	274	9
1852723	9606.ENSP00000343645	79.2	14
1845096	9606.ENSP00000262225	254	13
1848865	9606.ENSP00000306614	52.6	2
1846160	9606.ENSP00000270570	328	18
1847758	9606.ENSP00000296581	83.8	1
1855347	9606.ENSP00000359804	157	17
1849907	9606.ENSP00000316809	310	12
1849273	9606.ENSP00000310219	173	65
1843274	9606.ENSP00000231061	49.8	4
1849834	9606.ENSP00000316007	248	8
1859832	9606.ENSP00000394842	51.4	2
1851254	9606.ENSP00000330408	35.5	2
1844251	9606.ENSP00000253794	63.3	3
1843750	9606.ENSP00000245206	160	16
1861575	9606.ENSP00000422846	59.0	7
1845641	9606.ENSP00000264908	246	19
1848651	9606.ENSP00000304565	79.3	6
1855382	9606.ENSP00000360021	38.6	1
1851406	9606.ENSP00000331897	39.8	5
1842562	9606.ENSP00000216194	15.0	2
1856376	9606.ENSP00000364934	533	36
1855241	9606.ENSP00000359403	151	8
1852321	9606.ENSP00000340409	6.84	1
1857560	9606.ENSP00000372155	698	40
1845362	9606.ENSP00000263519	20.1	22
1855708	9606.ENSP00000361640	15.6	1
1844907	9606.ENSP00000261416	109	13
1845897	9606.ENSP00000266718	1557	132
1847909	9606.ENSP00000297848	4.44	2
1842632	9606.ENSP00000216968	72.7	4
1864562	9606.ENSP00000471331	118	25
1848401	9606.ENSP00000302397	233	171
1845797	9606.ENSP00000265729	503	21
1843185	9606.ENSP00000229239	9203	420
1848521	9606.ENSP00000303356	84.1	6
1844986	9606.ENSP00000261755	63.7	8
1858831	9606.ENSP00000383382	209	8
1857974	9606.ENSP00000375892	12.1	3
1843431	9606.ENSP00000235932	48.7	3
1857811	9606.ENSP00000373918	66.5	10
1847733	9606.ENSP00000296464	33.1	13
1854424	9606.ENSP00000355627	254	29
1863911	9606.ENSP00000465194	18.4	1
1849492	9606.ENSP00000312081	29.4	4
1845368	9606.ENSP00000263574	3.76	2
1861567	9606.ENSP00000422533	1.34	1
1845542	9606.ENSP00000264414	13.3	3
1847940	9606.ENSP00000298248	123	10
1853520	9606.ENSP00000349955	7.2	1
1843008	9606.ENSP00000225174	332	6
1860459	9606.ENSP00000404121	28.7	6
1848617	9606.ENSP00000304236	391	24
1849031	9606.ENSP00000308057	48.6	2
1851279	9606.ENSP00000330721	394	9
1843580	9606.ENSP00000240851	772	33
1842827	9606.ENSP00000221347	23.4	23
1859600	9606.ENSP00000391826	377	22
1845460	9606.ENSP00000264025	12.2	1
1843169	9606.ENSP00000228872	66.2	2
1842303	9606.ENSP00000168216	381	19
1849833	9606.ENSP00000315997	5.5	1
1843340	9606.ENSP00000233143	25214	120
1845353	9606.ENSP00000263408	101	12
1852037	9606.ENSP00000337761	31.4	13
1852748	9606.ENSP00000343867	15.8	1
1845983	9606.ENSP00000267996	295	37
1847217	9606.ENSP00000290291	8.16	1
1848511	9606.ENSP00000303242	274	68
1854953	9606.ENSP00000358106	198	37
1850276	9606.ENSP00000320688	15.3	1
1842726	9606.ENSP00000219169	658	26
1863961	9606.ENSP00000466639	13.3	1
1855026	9606.ENSP00000358460	117	6
1855881	9606.ENSP00000362409	51.6	10
1863114	9606.ENSP00000457299	63.6	6
1846902	9606.ENSP00000284322	132	32
1855084	9606.ENSP00000358727	846	44
1853158	9606.ENSP00000347324	44.4	1
1846579	9606.ENSP00000278671	109	6
1849816	9606.ENSP00000315757	302	60
1851755	9606.ENSP00000334738	80.9	4
1861143	9606.ENSP00000415200	1.81	1
1860451	9606.ENSP00000404042	160	9
1856191	9606.ENSP00000363988	4.51	2
1845372	9606.ENSP00000263579	42.7	5
1847107	9606.ENSP00000288071	3.21	1
1843317	9606.ENSP00000232508	43.1	1
1852736	9606.ENSP00000343742	65.2	3
1849263	9606.ENSP00000310129	42.8	10
1858295	9606.ENSP00000378786	475	22
1845647	9606.ENSP00000264933	260	11
1852106	9606.ENSP00000338397	53.7	2
1845429	9606.ENSP00000263867	428	22
1855674	9606.ENSP00000361483	12.2	2
1846379	9606.ENSP00000274364	1.15	2
1852304	9606.ENSP00000340274	102	11
1860968	9606.ENSP00000412324	1.9	1
1857558	9606.ENSP00000372126	133	9
1863897	9606.ENSP00000464814	80.4	10
1843407	9606.ENSP00000234677	148	19
1852793	9606.ENSP00000344259	747	21
1861487	9606.ENSP00000420487	22.5	6
1849748	9606.ENSP00000315011	25.7	4
1852972	9606.ENSP00000345771	89.5	16
1846283	9606.ENSP00000272902	15.5	1
1854665	9606.ENSP00000356791	179	4
1861848	9606.ENSP00000430706	344	23
1848300	9606.ENSP00000301464	45.5	2
1857259	9606.ENSP00000370007	68812	147
1842776	9606.ENSP00000220003	7.65	1
1855912	9606.ENSP00000362566	8.66	1
1842475	9606.ENSP00000214869	84.5	2
1853763	9606.ENSP00000351755	39.8	2
1852346	9606.ENSP00000340608	1.29	1
1853121	9606.ENSP00000347038	37.7	2
1855494	9606.ENSP00000360541	16.0	2
1847973	9606.ENSP00000298556	322	26
1846239	9606.ENSP00000272233	163	15
1845475	9606.ENSP00000264071	316	130
1842319	9606.ENSP00000173527	67.5	6
1842237	9606.ENSP00000064724	1033	47
1845373	9606.ENSP00000263593	47.6	9
1854430	9606.ENSP00000355651	103	9
1845458	9606.ENSP00000264018	11.6	1
1858928	9606.ENSP00000384296	96.1	12
1857997	9606.ENSP00000376150	10.8	1
1852098	9606.ENSP00000338345	414	11
1849619	9606.ENSP00000313391	3.95	1
1856350	9606.ENSP00000364801	192	83
1851691	9606.ENSP00000334188	26.5	1
1845907	9606.ENSP00000266971	70.9	8
1848116	9606.ENSP00000299964	67.5	4
1851611	9606.ENSP00000333666	229	11
1848445	9606.ENSP00000302728	23.6	2
1845192	9606.ENSP00000262646	585	61
1855892	9606.ENSP00000362463	1273	49
1856313	9606.ENSP00000364649	22.7	2
1859259	9606.ENSP00000387282	43.8	2
1843004	9606.ENSP00000224807	9.29	1
1854095	9606.ENSP00000354238	49.2	14
1862121	9606.ENSP00000439189	620	516
1846923	9606.ENSP00000284719	195	15
1861527	9606.ENSP00000421380	24.5	1
1856670	9606.ENSP00000366581	19.0	5
1847848	9606.ENSP00000297283	151	27
1855679	9606.ENSP00000361512	3.81	1
1843595	9606.ENSP00000241337	281	26
1842641	9606.ENSP00000217133	19.8	29
1843319	9606.ENSP00000232564	87.0	12
1858442	9606.ENSP00000380178	14.3	1
1847243	9606.ENSP00000290575	79.2	10
1855357	9606.ENSP00000359864	55.7	10
1845491	9606.ENSP00000264161	105	14
1851814	9606.ENSP00000335153	278	79
1848998	9606.ENSP00000307786	445	10
1842645	9606.ENSP00000217182	661	147
1857065	9606.ENSP00000368959	363	9
1851297	9606.ENSP00000330918	45.4	3
1846532	9606.ENSP00000277517	13.6	2
1852571	9606.ENSP00000342235	0.88	1
1849852	9606.ENSP00000316176	280	11
1845991	9606.ENSP00000268097	46.5	5
1849179	9606.ENSP00000309474	16.9	5
1846309	9606.ENSP00000273283	241	47
1857002	9606.ENSP00000368552	15.6	1
1847225	9606.ENSP00000290354	42.1	6
1844356	9606.ENSP00000255120	107	20
1849092	9606.ENSP00000308610	33.6	5
1859310	9606.ENSP00000387911	5.13	1
1844127	9606.ENSP00000252486	414	31
1850907	9606.ENSP00000327255	6.83	2
1854664	9606.ENSP00000356789	537	32
1860739	9606.ENSP00000408730	32.6	1
1852997	9606.ENSP00000345988	0.697	1
1848809	9606.ENSP00000306106	43.9	2
1850234	9606.ENSP00000320324	399	118
1854021	9606.ENSP00000353701	247	35
1845308	9606.ENSP00000263212	23.2	2
1844437	9606.ENSP00000256447	25.4	3
1853952	9606.ENSP00000353157	53.1	4
1852134	9606.ENSP00000338742	134	16
1848449	9606.ENSP00000302783	18.5	1
1847405	9606.ENSP00000293328	26.5	8
1843041	9606.ENSP00000225665	312	20
1842246	9606.ENSP00000078429	54.9	7
1856558	9606.ENSP00000366005	322	34
1857237	9606.ENSP00000369889	1.73	1
1850745	9606.ENSP00000325527	110	95
1845384	9606.ENSP00000263655	347	10
1853254	9606.ENSP00000348068	5515	575
1861140	9606.ENSP00000415151	35.8	1
1854502	9606.ENSP00000356015	111	5
1851336	9606.ENSP00000331368	1.55	1
1844604	9606.ENSP00000258418	12.9	1
1857024	9606.ENSP00000368699	22.2	1
1845668	9606.ENSP00000265023	435	64
1852636	9606.ENSP00000342886	4.61	2
1861781	9606.ENSP00000429243	104	6
1846118	9606.ENSP00000269886	19.2	1
1844126	9606.ENSP00000252483	173	21
1843143	9606.ENSP00000228463	101	7
1855966	9606.ENSP00000362778	15.8	1
1860763	9606.ENSP00000409126	13.8	4
1858829	9606.ENSP00000383365	12.7	3
1845781	9606.ENSP00000265641	17.1	3
1843120	9606.ENSP00000227525	54.0	3
1846178	9606.ENSP00000270824	407	6
1854230	9606.ENSP00000354841	994	41
1848620	9606.ENSP00000304283	130	22
1846024	9606.ENSP00000268605	81.3	3
1864741	9606.ENSP00000472249	17.2	2
1862979	9606.ENSP00000455643	16.6	2
1848093	9606.ENSP00000299705	11.7	1
1850793	9606.ENSP00000326042	290	151
1851342	9606.ENSP00000331418	8.64	3
1860206	9606.ENSP00000400142	65.0	3
1858246	9606.ENSP00000378360	232	29
1859086	9606.ENSP00000386043	11.3	6
1859666	9606.ENSP00000392718	84.6	191
1858664	9606.ENSP00000381844	91.7	11
1859264	9606.ENSP00000387307	14.9	2
1853667	9606.ENSP00000351075	16.7	2
1849395	9606.ENSP00000311224	18.8	5
1849042	9606.ENSP00000308208	10.3	1
1858474	9606.ENSP00000380427	23.3	9
1843028	9606.ENSP00000225519	37.9	4
1853972	9606.ENSP00000353375	241	59
1853189	9606.ENSP00000347596	382	43
1846162	9606.ENSP00000270586	112	7
1850874	9606.ENSP00000326858	18.7	3
1861828	9606.ENSP00000430269	161	20
1854354	9606.ENSP00000355325	124	9
1856372	9606.ENSP00000364902	77.9	6
1847333	9606.ENSP00000292147	141	11
1843920	9606.ENSP00000248598	36.8	4
1843286	9606.ENSP00000231368	96.6	34
1849386	9606.ENSP00000311165	51.1	2
1844085	9606.ENSP00000251810	22.1	2
1842799	9606.ENSP00000220763	462	44
1861233	9606.ENSP00000416561	190	77
1856784	9606.ENSP00000367196	205	6
1857197	9606.ENSP00000369654	21664	2370
1849627	9606.ENSP00000313454	138	44
1847834	9606.ENSP00000297185	136	21
1848178	9606.ENSP00000300408	12.3	1
1858875	9606.ENSP00000383866	25.1	1
1864341	9606.ENSP00000470240	12.8	2
1858764	9606.ENSP00000382714	143	9
1851713	9606.ENSP00000334373	54.1	6
1859861	9606.ENSP00000395359	562	47
1863857	9606.ENSP00000464149	9.14	3
1850831	9606.ENSP00000326407	30.6	2
1847296	9606.ENSP00000291568	701	17
1845635	9606.ENSP00000264870	70.6	16
1843190	9606.ENSP00000229268	277	54
1849761	9606.ENSP00000315130	444	32
1848188	9606.ENSP00000300527	122	30
1852907	9606.ENSP00000345195	168	18
1855432	9606.ENSP00000360250	168	11
1858805	9606.ENSP00000383155	22.4	1
1845569	9606.ENSP00000264595	37.2	2
1842452	9606.ENSP00000209718	3.26	1
1855527	9606.ENSP00000360718	1.37	1
1843535	9606.ENSP00000239761	6.1	5
1853107	9606.ENSP00000346921	550	32
1859223	9606.ENSP00000386935	32.2	4
1842516	9606.ENSP00000215882	50.5	5
1849679	9606.ENSP00000314067	264	29
1856497	9606.ENSP00000365601	23.6	1
1862038	9606.ENSP00000436585	16.3	1
1858837	9606.ENSP00000383402	3.92	1
1858441	9606.ENSP00000380177	8.07	3
1842892	9606.ENSP00000222219	18.5	1
1855399	9606.ENSP00000360124	1027	144
1842482	9606.ENSP00000215375	212	5
1851928	9606.ENSP00000336799	431	198
1863208	9606.ENSP00000458304	15.8	1
1858171	9606.ENSP00000377783	49.1	5
1851407	9606.ENSP00000331901	10.7	1
1850192	9606.ENSP00000319918	7.0	1
1845006	9606.ENSP00000261845	2.35	2
1843640	9606.ENSP00000242784	75.2	1
1851782	9606.ENSP00000334941	23.0	9
1855862	9606.ENSP00000362335	627	23
1848034	9606.ENSP00000299218	191	66
1844111	9606.ENSP00000252242	73.8	25
1843367	9606.ENSP00000233809	76.5	3
1842290	9606.ENSP00000164139	47.4	23
1850006	9606.ENSP00000318066	48.7	6
1842884	9606.ENSP00000222120	44.0	4
1849191	9606.ENSP00000309539	923	144
1842925	9606.ENSP00000222553	236	44
1852698	9606.ENSP00000343445	1.44	1
1859387	9606.ENSP00000388942	126	13
1860940	9606.ENSP00000411904	0.564	1
1843124	9606.ENSP00000227667	1074	32
1859365	9606.ENSP00000388666	82.6	5
1853988	9606.ENSP00000353483	3.22	1
1845040	9606.ENSP00000262017	193	70
1848084	9606.ENSP00000299608	31.7	3
1853958	9606.ENSP00000353238	42.6	3
1852214	9606.ENSP00000339399	142	10
1852366	9606.ENSP00000340761	26.0	1
1861311	9606.ENSP00000417653	318	30
1855706	9606.ENSP00000361635	344	22
1858218	9606.ENSP00000378165	11.8	1
1853070	9606.ENSP00000346598	131	11
1858249	9606.ENSP00000378368	8.24	1
1845559	9606.ENSP00000264498	47.4	2
1843781	9606.ENSP00000245907	937	458
1847222	9606.ENSP00000290332	46.9	7
1848523	9606.ENSP00000303373	2.83	1
1855661	9606.ENSP00000361405	419	74
1858097	9606.ENSP00000377055	75.8	12
1862740	9606.ENSP00000451112	445	21
1861786	9606.ENSP00000429301	651	26
1846062	9606.ENSP00000269095	4.33	1
1849073	9606.ENSP00000308466	26.8	2
1845694	9606.ENSP00000265112	19.6	4
1855997	9606.ENSP00000362946	1157	74
1852778	9606.ENSP00000344166	61.3	18
1855565	9606.ENSP00000360938	4.49	1
1849837	9606.ENSP00000316029	166	102
1843544	9606.ENSP00000239940	150	6
1843069	9606.ENSP00000226004	165	8
1849171	9606.ENSP00000309415	362	11
1844763	9606.ENSP00000260197	5.93	5
1854798	9606.ENSP00000357425	9.6	1
1848465	9606.ENSP00000302886	71.4	8
1845216	9606.ENSP00000262803	15.0	5
1854969	9606.ENSP00000358162	19.0	5
1855010	9606.ENSP00000358391	19.0	3
1854507	9606.ENSP00000356037	7.77	1
1856118	9606.ENSP00000363559	508	19
1853025	9606.ENSP00000346173	191	14
1852284	9606.ENSP00000340019	111	18
1853012	9606.ENSP00000346067	166	13
1847732	9606.ENSP00000296456	228	30
1852618	9606.ENSP00000342710	152	73
1856414	9606.ENSP00000365147	269	10
1847100	9606.ENSP00000288014	112	7
1844172	9606.ENSP00000252934	17.1	2
1847121	9606.ENSP00000288266	15.1	2
1846958	9606.ENSP00000285379	1103	61
1842635	9606.ENSP00000217073	6.59	3
1850081	9606.ENSP00000318822	128	10
1842150	9606.ENSP00000007699	12.2	3
1862935	9606.ENSP00000455047	111	17
1846568	9606.ENSP00000278483	233	5
1849543	9606.ENSP00000312506	11.4	6
1848317	9606.ENSP00000301653	39.8	25
1862262	9606.ENSP00000443989	180	28
1843914	9606.ENSP00000248450	74.5	5
1858750	9606.ENSP00000382595	20.7	2
1847955	9606.ENSP00000298351	5.21	1
1854775	9606.ENSP00000357292	26.0	6
1853437	9606.ENSP00000349415	150	11
1850780	9606.ENSP00000325875	480	121
1847605	9606.ENSP00000295688	56.8	8
1848055	9606.ENSP00000299367	24.7	8
1853038	9606.ENSP00000346300	174	11
1851758	9606.ENSP00000334798	19.1	18
1854225	9606.ENSP00000354826	221	21
1848214	9606.ENSP00000300784	15.9	1
1844326	9606.ENSP00000254806	30.9	1
1846969	9606.ENSP00000285667	8.01	1
1851154	9606.ENSP00000329471	60.1	4
1843108	9606.ENSP00000227266	45.1	5
1843538	9606.ENSP00000239878	78.8	1
1844350	9606.ENSP00000255040	341	20
1851026	9606.ENSP00000328336	210	4
1847637	9606.ENSP00000295897	50361	6981
1861376	9606.ENSP00000418741	51.6	14
1857164	9606.ENSP00000369500	152	7
1844690	9606.ENSP00000259396	655	41
1848971	9606.ENSP00000307567	17.8	3
1851267	9606.ENSP00000330587	10.8	1
1844096	9606.ENSP00000252029	300	34
1858045	9606.ENSP00000376553	79.5	2
1851945	9606.ENSP00000336927	2039	169
1862160	9606.ENSP00000440765	26.9	1
1858372	9606.ENSP00000379475	88.0	14
1853183	9606.ENSP00000347546	7.7	3
1850849	9606.ENSP00000326579	12.2	1
1842411	9606.ENSP00000203407	8.18	1
1854760	9606.ENSP00000357189	268	19
1853420	9606.ENSP00000349297	64.1	10
1853089	9606.ENSP00000346762	10.5	3
1858390	9606.ENSP00000379680	160	15
1847965	9606.ENSP00000298510	426	23
1842226	9606.ENSP00000054950	61.1	5
1854577	9606.ENSP00000356348	699	30
1847621	9606.ENSP00000295759	5.17	2
1856330	9606.ENSP00000364709	8.11	1
1860528	9606.ENSP00000405424	11.5	3
1858885	9606.ENSP00000383938	57.2	3
1863756	9606.ENSP00000462972	57.3	7
1852924	9606.ENSP00000345344	374	14
1849949	9606.ENSP00000317331	112	5
1846653	9606.ENSP00000280154	6.61	1
1848806	9606.ENSP00000306099	32.2	4
1851393	9606.ENSP00000331787	275	16
1843868	9606.ENSP00000247461	222	25
1861922	9606.ENSP00000432799	940	33
1843628	9606.ENSP00000242465	231	6
1855083	9606.ENSP00000358719	82.9	9
1861288	9606.ENSP00000417354	13.3	3
1850446	9606.ENSP00000322419	144	3
1845265	9606.ENSP00000263025	47.0	8
1852043	9606.ENSP00000337838	79.3	17
1843871	9606.ENSP00000247655	228	4
1847700	9606.ENSP00000296255	20.6	3
1842498	9606.ENSP00000215727	24.9	4
1848752	9606.ENSP00000305647	155	4
1857791	9606.ENSP00000373713	30.7	3
1854962	9606.ENSP00000358151	4.61	2
1854554	9606.ENSP00000356231	36.1	1
1843084	9606.ENSP00000226299	260	38
1845917	9606.ENSP00000267085	5.62	1
1859146	9606.ENSP00000386284	311	23
1843639	9606.ENSP00000242776	61.0	11
1845614	9606.ENSP00000264741	6.04	1
1857851	9606.ENSP00000374372	1.13	1
1845391	9606.ENSP00000263674	0.673	1
1855932	9606.ENSP00000362638	219	5
1847109	9606.ENSP00000288087	128	3
1855476	9606.ENSP00000360473	117	2
1853936	9606.ENSP00000353072	4.87	2
1843693	9606.ENSP00000244007	3.05	1
1851241	9606.ENSP00000330307	2.83	1
1849381	9606.ENSP00000311121	59.9	6
1848008	9606.ENSP00000298942	52.4	3
1853733	9606.ENSP00000351589	2.83	1
1847596	9606.ENSP00000295633	35.2	3
1845181	9606.ENSP00000262613	276	19
1857277	9606.ENSP00000370115	580	50
1856574	9606.ENSP00000366098	19.2	1
1860230	9606.ENSP00000400591	43.7	1
1842222	9606.ENSP00000053867	20.9	2
1849303	9606.ENSP00000310491	268	25
1845191	9606.ENSP00000262644	60.4	4
1853438	9606.ENSP00000349428	222	19
1860116	9606.ENSP00000398803	159	11
1855365	9606.ENSP00000359910	78.5	7
1856426	9606.ENSP00000365227	826	11
1859880	9606.ENSP00000395590	40.7	2
1858293	9606.ENSP00000378782	78.1	5
1844453	9606.ENSP00000256594	620	47
1847021	9606.ENSP00000286621	32.8	4
1856467	9606.ENSP00000365439	486	40
1847343	9606.ENSP00000292314	38.5	1
1853572	9606.ENSP00000350310	193	85
1847001	9606.ENSP00000286298	195	31
1853373	9606.ENSP00000348924	8.07	3
1844176	9606.ENSP00000252951	679	165
1843043	9606.ENSP00000225698	72.3	3
1848322	9606.ENSP00000301678	159	31
1850064	9606.ENSP00000318635	63.0	5
1854105	9606.ENSP00000354340	53.1	6
1844902	9606.ENSP00000261401	58.2	4
1859518	9606.ENSP00000390783	39.8	6
1845174	9606.ENSP00000262580	30.4	3
1862475	9606.ENSP00000448035	24.5	3
1852226	9606.ENSP00000339521	277	10
1846994	9606.ENSP00000286091	342	58
1842244	9606.ENSP00000075120	57.6	9
1843016	9606.ENSP00000225371	2.43	1
1858992	9606.ENSP00000384886	45.1	3
1860937	9606.ENSP00000411825	179	37
1855691	9606.ENSP00000361562	63.9	6
1859324	9606.ENSP00000388107	1797	187
1843653	9606.ENSP00000243077	145	178
1848944	9606.ENSP00000307280	37.6	3
1853962	9606.ENSP00000353259	49.4	3
1846193	9606.ENSP00000271373	33.1	1
1854188	9606.ENSP00000354677	35.9	1
1845235	9606.ENSP00000262890	149	10
1856252	9606.ENSP00000364310	2.61	1
1857531	9606.ENSP00000371886	2.06	1
1851127	9606.ENSP00000329243	20.3	21
1843062	9606.ENSP00000225927	44.0	8
1856553	9606.ENSP00000365946	174	3
1856081	9606.ENSP00000363392	124	8
1856797	9606.ENSP00000367246	11.5	1
1856874	9606.ENSP00000367727	4.15	1
1853098	9606.ENSP00000346839	48.7	21
1857167	9606.ENSP00000369519	121	9
1853064	9606.ENSP00000346550	466	63
1854363	9606.ENSP00000355377	5.83	1
1850772	9606.ENSP00000325808	278	8
1858520	9606.ENSP00000380869	283	40
1862739	9606.ENSP00000451080	239	6
1858078	9606.ENSP00000376889	574	67
1848889	9606.ENSP00000306881	38.1	8
1842871	9606.ENSP00000221957	823	82
1844779	9606.ENSP00000260356	25.6	9
1843334	9606.ENSP00000233055	18.8	2
1844052	9606.ENSP00000251337	2.7	3
1846794	9606.ENSP00000282441	234	14
1845296	9606.ENSP00000263168	193	15
1845524	9606.ENSP00000264335	3639	235
1854681	9606.ENSP00000356859	29.1	1
1844132	9606.ENSP00000252512	15.9	6
1852156	9606.ENSP00000338934	240	47
1849350	9606.ENSP00000310803	108	3
1847517	9606.ENSP00000294973	63.3	5
1846880	9606.ENSP00000284031	524	32
1849241	9606.ENSP00000309953	64.8	8
1862885	9606.ENSP00000454437	27.5	3
1848679	9606.ENSP00000304854	104	4
1854453	9606.ENSP00000355777	22.4	2
1843499	9606.ENSP00000238738	116	15
1854141	9606.ENSP00000354532	471	34
1850456	9606.ENSP00000322524	156	7
1855491	9606.ENSP00000360532	3.79	1
1844819	9606.ENSP00000260746	479	19
1842591	9606.ENSP00000216392	265	63
1846137	9606.ENSP00000270221	49.5	2
1845350	9606.ENSP00000263388	3.57	2
1844227	9606.ENSP00000253413	48.3	2
1845286	9606.ENSP00000263097	12.7	2
1846509	9606.ENSP00000276651	5.62	4
1849982	9606.ENSP00000317780	110	4
1848995	9606.ENSP00000307765	31.9	1
1848883	9606.ENSP00000306817	34.9	1
1860955	9606.ENSP00000412189	240	32
1847018	9606.ENSP00000286548	134	12
1846224	9606.ENSP00000272102	1131	115
1849080	9606.ENSP00000308541	600	106
1845671	9606.ENSP00000265029	20.4	1
1855509	9606.ENSP00000360635	86.0	11
1857466	9606.ENSP00000371420	6.53	1
1862712	9606.ENSP00000450635	61.3	18
1862188	9606.ENSP00000441691	204	72
1850719	9606.ENSP00000325240	206	9
1850693	9606.ENSP00000324897	354	9
1846307	9606.ENSP00000273258	35.2	1
1858092	9606.ENSP00000377015	62.1	7
1848368	9606.ENSP00000302088	337	11
1860237	9606.ENSP00000400717	10.9	1
1843678	9606.ENSP00000243662	5.15	1
1858199	9606.ENSP00000377958	54.9	8
1854586	9606.ENSP00000356385	4.37	1
1842317	9606.ENSP00000172229	77.1	6
1842631	9606.ENSP00000216962	535	123
1842948	9606.ENSP00000222968	37.1	1
1848830	9606.ENSP00000306330	348	33
1854202	9606.ENSP00000354722	21.3	1
1861013	9606.ENSP00000413234	1.8	1
1847770	9606.ENSP00000296658	326	18
1861659	9606.ENSP00000425561	60.5	4
1850738	9606.ENSP00000325448	14.7	2
1849465	9606.ENSP00000311825	4.33	1
1857335	9606.ENSP00000370517	120	21
1845697	9606.ENSP00000265132	323	32
1848386	9606.ENSP00000302227	13.6	1
1848163	9606.ENSP00000300215	7.27	1
1844443	9606.ENSP00000256496	571	27
1849591	9606.ENSP00000313007	25.6	8
1843133	9606.ENSP00000228251	215	11
1853352	9606.ENSP00000348812	1.54	2
1859166	9606.ENSP00000386444	3.3	1
1858595	9606.ENSP00000381340	57.2	7
1849608	9606.ENSP00000313199	203	10
1845822	9606.ENSP00000265881	133	8
1852686	9606.ENSP00000343325	3.71	1
1855690	9606.ENSP00000361558	13.5	1
1859106	9606.ENSP00000386156	103	4
1856013	9606.ENSP00000363023	6.91	1
1850617	9606.ENSP00000324172	18.4	22
1854824	9606.ENSP00000357564	198	27
1843191	9606.ENSP00000229270	4590	337
1844885	9606.ENSP00000261313	7215	208
1854210	9606.ENSP00000354742	47.5	11
1854747	9606.ENSP00000357130	5.64	5
1845788	9606.ENSP00000265709	5.28	3
1843498	9606.ENSP00000238721	460	20
1848279	9606.ENSP00000301329	290	16
1861323	9606.ENSP00000417748	21.3	2
1843253	9606.ENSP00000230431	601	15
1852993	9606.ENSP00000345968	73.8	8
1849130	9606.ENSP00000308938	105	20
1857170	9606.ENSP00000369538	1010	146
1846040	9606.ENSP00000268717	25.1	3
1844833	9606.ENSP00000260956	40.6	4
1847933	9606.ENSP00000298159	644	37
1860049	9606.ENSP00000398131	11.3	4
1860029	9606.ENSP00000397843	785	3
1851299	9606.ENSP00000330945	196	13
1850407	9606.ENSP00000321988	191	24
1856016	9606.ENSP00000363040	8.22	1
1854684	9606.ENSP00000356903	2.35	1
1856481	9606.ENSP00000365505	198	6
1857157	9606.ENSP00000369446	94.6	1
1845189	9606.ENSP00000262640	21.4	1
1861534	9606.ENSP00000421592	51.8	3
1846136	9606.ENSP00000270202	42.6	7
1843295	9606.ENSP00000231512	19.2	1
1851288	9606.ENSP00000330825	166	8
1848938	9606.ENSP00000307259	11.7	1
1846296	9606.ENSP00000273075	53.5	6
1850680	9606.ENSP00000324804	376	63
1845639	9606.ENSP00000264896	352	50
1843695	9606.ENSP00000244040	99.1	6
1854075	9606.ENSP00000354090	2.38	1
1852361	9606.ENSP00000340736	130	8
1851044	9606.ENSP00000328484	2.83	1
1860745	9606.ENSP00000408910	8.49	1
1861073	9606.ENSP00000414287	4.31	1
1843033	9606.ENSP00000225573	316	17
1859420	9606.ENSP00000389338	19.4	6
1848372	9606.ENSP00000302111	54.0	2
1849069	9606.ENSP00000308430	1598	26
1855196	9606.ENSP00000359225	11.0	2
1855851	9606.ENSP00000362299	431	49
1852428	9606.ENSP00000341208	12.8	6
1853555	9606.ENSP00000350198	117	7
1854510	9606.ENSP00000356056	30.3	1
1846244	9606.ENSP00000272317	1355	187
1856891	9606.ENSP00000367817	66.6	14
1844433	9606.ENSP00000256433	18.4	1
1847684	9606.ENSP00000296135	35.7	2
1842519	9606.ENSP00000215904	61.4	4
1848306	9606.ENSP00000301522	8906	202
1846959	9606.ENSP00000285381	1396	86
1850536	9606.ENSP00000323313	43.3	5
1854675	9606.ENSP00000356840	19.0	1
1857806	9606.ENSP00000373854	5.94	5
1855018	9606.ENSP00000358423	14.7	2
1848586	9606.ENSP00000303942	80.7	3
1845499	9606.ENSP00000264193	6.93	1
1857347	9606.ENSP00000370588	354	9
1843484	9606.ENSP00000238379	65.0	3
1850950	9606.ENSP00000327691	597	3
1849628	9606.ENSP00000313490	79.4	26
1859957	9606.ENSP00000396688	179	122
1853015	9606.ENSP00000346103	423	19
1842868	9606.ENSP00000221922	20.6	1
1859282	9606.ENSP00000387535	30.8	3
1855051	9606.ENSP00000358548	276	33
1850156	9606.ENSP00000319531	19.2	1
1848215	9606.ENSP00000300811	44.9	1
1854576	9606.ENSP00000356346	14.9	5
1862289	9606.ENSP00000445175	741	71
1860530	9606.ENSP00000405455	3023	258
1858577	9606.ENSP00000381216	412	56
1857048	9606.ENSP00000368831	67.3	9
1846842	9606.ENSP00000283243	14.2	4
1855470	9606.ENSP00000360437	81.0	3
1854011	9606.ENSP00000353654	2.34	1
1861034	9606.ENSP00000413697	22.4	2
1845538	9606.ENSP00000264389	9.56	1
1857471	9606.ENSP00000371472	1.8	4
1858118	9606.ENSP00000377311	9.25	1
1852905	9606.ENSP00000345179	1557	70
1842746	9606.ENSP00000219345	27.0	3
1842424	9606.ENSP00000205061	48.3	14
1854135	9606.ENSP00000354511	434	24
1853478	9606.ENSP00000349687	96.2	4
1858596	9606.ENSP00000381377	12.8	2
1844805	9606.ENSP00000260630	22.4	3
1859711	9606.ENSP00000393316	112	6
1858721	9606.ENSP00000382327	65.3	3
1849335	9606.ENSP00000310701	2.96	1
1860246	9606.ENSP00000400882	16.1	3
1844723	9606.ENSP00000259791	2.83	1
1847981	9606.ENSP00000298687	156	11
1846176	9606.ENSP00000270792	2423	34
1851141	9606.ENSP00000329374	54.5	8
1848646	9606.ENSP00000304467	71.3	11
1850611	9606.ENSP00000324101	601	25
1853853	9606.ENSP00000352458	17.3	1
1862971	9606.ENSP00000455510	1.81	1
1860976	9606.ENSP00000412457	36.1	3
1843136	9606.ENSP00000228289	8.64	2
1846710	9606.ENSP00000281154	55.0	18
1863973	9606.ENSP00000467024	408	18
1843003	9606.ENSP00000224784	734	583
1850951	9606.ENSP00000327704	80.8	5
1855313	9606.ENSP00000359665	22.0	1
1842504	9606.ENSP00000215770	188	10
1853445	9606.ENSP00000349467	1059	88
1845309	9606.ENSP00000263228	23.6	1
1861216	9606.ENSP00000416250	32.4	2
1858318	9606.ENSP00000379042	141	19
1857956	9606.ENSP00000375736	4.61	2
1856711	9606.ENSP00000366819	180	9
1845714	9606.ENSP00000265260	367	14
1844978	9606.ENSP00000261733	240	35
1851135	9606.ENSP00000329312	18.7	2
1851596	9606.ENSP00000333551	131	9
1844122	9606.ENSP00000252455	1368	124
1855889	9606.ENSP00000362456	54.9	2
1855995	9606.ENSP00000362937	21.7	2
1852232	9606.ENSP00000339587	18.2	3
1851443	9606.ENSP00000332194	2.83	1
1844908	9606.ENSP00000261427	188	11
1847746	9606.ENSP00000296511	1892	133
1852269	9606.ENSP00000339912	96.5	19
1855402	9606.ENSP00000360141	81.0	17
1854355	9606.ENSP00000355330	6.46	1
1842709	9606.ENSP00000218548	33.5	50
1862158	9606.ENSP00000440698	210	3
1850579	9606.ENSP00000323805	1.55	1
1859399	9606.ENSP00000389087	59.5	6
1850128	9606.ENSP00000319240	8.67	1
1852430	9606.ENSP00000341214	45.7	7
1842205	9606.ENSP00000037869	33.7	1
1859548	9606.ENSP00000391249	6.58	1
1846927	9606.ENSP00000284811	56.1	1
1863147	9606.ENSP00000457733	40.8	4
1856478	9606.ENSP00000365494	0.784	1
1852771	9606.ENSP00000344106	51.6	12
1846930	9606.ENSP00000284878	9.05	1
1848171	9606.ENSP00000300291	17.4	1
1854929	9606.ENSP00000357981	70.2	6
1844837	9606.ENSP00000260985	497	43
1847679	9606.ENSP00000296122	45.0	8
1851667	9606.ENSP00000334051	11.1	4
1853084	9606.ENSP00000346694	169	12
1857012	9606.ENSP00000368646	190	26
1859935	9606.ENSP00000396452	123	6
1850089	9606.ENSP00000318883	196	12
1862152	9606.ENSP00000440485	150	9
1849590	9606.ENSP00000312999	186	26
1843029	9606.ENSP00000225525	45.2	1
1850202	9606.ENSP00000320043	80.7	5
1847267	9606.ENSP00000290942	121	3
1856022	9606.ENSP00000363071	387	129
1842630	9606.ENSP00000216951	334	32
1850491	9606.ENSP00000322887	327	8
1857091	9606.ENSP00000369081	193	17
1851668	9606.ENSP00000334052	35.3	4
1858439	9606.ENSP00000380157	28.7	1
1855654	9606.ENSP00000361359	31.9	2
1842964	9606.ENSP00000223136	53.1	3
1848318	9606.ENSP00000301656	51.1	34
1845628	9606.ENSP00000264832	180	24
1847534	9606.ENSP00000295101	7.81	1
1853513	9606.ENSP00000349923	126	2
1842173	9606.ENSP00000012443	276	30
1852230	9606.ENSP00000339566	219	16
1854701	9606.ENSP00000356969	2417	63
1846470	9606.ENSP00000276066	26.8	14
1849079	9606.ENSP00000308540	235	55
1852314	9606.ENSP00000340329	56.5	5
1842214	9606.ENSP00000044462	74.6	4
1842349	9606.ENSP00000185206	11.7	3
1843834	9606.ENSP00000246792	364	26
1853637	9606.ENSP00000350848	29.1	1
1849942	9606.ENSP00000317257	132	9
1845354	9606.ENSP00000263409	3.36	1
1849180	9606.ENSP00000309477	778	130
1861240	9606.ENSP00000416683	45.1	6
1852707	9606.ENSP00000343507	7.79	1
1842864	9606.ENSP00000221855	45.7	3
1845791	9606.ENSP00000265717	41.9	6
1844877	9606.ENSP00000261267	151	4
1843473	9606.ENSP00000237858	575	13
1861414	9606.ENSP00000419378	89.7	6
1848680	9606.ENSP00000304858	37.7	1
1849456	9606.ENSP00000311713	114	15
1848062	9606.ENSP00000299427	521	59
1855120	9606.ENSP00000358866	338	239
1853569	9606.ENSP00000350278	38.6	2
1845592	9606.ENSP00000264670	7.31	2
1842623	9606.ENSP00000216802	332	21
1843621	9606.ENSP00000242285	349	4
1845104	9606.ENSP00000262288	27.2	2
1861396	9606.ENSP00000419088	181	5
1853877	9606.ENSP00000352627	2.83	1
1845287	9606.ENSP00000263100	331	30
1846560	9606.ENSP00000278353	67.1	5
1856875	9606.ENSP00000367743	54.5	2
1843846	9606.ENSP00000246957	7.25	1
1844972	9606.ENSP00000261714	85.5	9
1859555	9606.ENSP00000391397	27.0	2
1844449	9606.ENSP00000256578	35.1	7
1842816	9606.ENSP00000221166	19.3	27
1845501	9606.ENSP00000264202	236	17
1858100	9606.ENSP00000377078	177	5
1845951	9606.ENSP00000267512	68.6	20
1843767	9606.ENSP00000245552	299	13
1861248	9606.ENSP00000416892	16.0	2
1845992	9606.ENSP00000268099	255	10
1846327	9606.ENSP00000273550	97.0	6
1852830	9606.ENSP00000344547	348	7
1854982	9606.ENSP00000358224	180	28
1843797	9606.ENSP00000246069	685	42
1848182	9606.ENSP00000300441	7.42	1
1853925	9606.ENSP00000352980	19.0	5
1853156	9606.ENSP00000347314	9.95	1
1853289	9606.ENSP00000348380	17.3	2
1856102	9606.ENSP00000363482	1.03	1
1856643	9606.ENSP00000366418	275	13
1851591	9606.ENSP00000333519	12.3	1
1842994	9606.ENSP00000224181	261	15
1854818	9606.ENSP00000357535	22.1	2
1847279	9606.ENSP00000291295	1059	88
1861342	9606.ENSP00000418081	38.4	11
1842472	9606.ENSP00000211998	1223	302
1853747	9606.ENSP00000351650	229	8
1859267	9606.ENSP00000387356	7.53	2
1858614	9606.ENSP00000381504	3.8	1
1846659	9606.ENSP00000280200	31.3	2
1845702	9606.ENSP00000265162	7.95	2
1844542	9606.ENSP00000257857	710	24
1853359	9606.ENSP00000348831	3.96	1
1846984	9606.ENSP00000285930	299	24
1858691	9606.ENSP00000382034	92.8	5
1850087	9606.ENSP00000318868	23.4	3
1844789	9606.ENSP00000260408	9.82	2
1845393	9606.ENSP00000263686	50.6	10
1843193	9606.ENSP00000229281	61.8	2
1843321	9606.ENSP00000232607	9.54	1
1847500	9606.ENSP00000294724	21.6	12
1846066	9606.ENSP00000269141	9.62	1
1859201	9606.ENSP00000386764	1.22	2
1853343	9606.ENSP00000348762	37.8	6
1844341	9606.ENSP00000254950	2.59	1
1848128	9606.ENSP00000300060	606	162
1861008	9606.ENSP00000413152	88.1	6
1853302	9606.ENSP00000348461	620	51
1852132	9606.ENSP00000338727	6.3	2
1859445	9606.ENSP00000389649	83.3	2
1855634	9606.ENSP00000361254	242	9
1853277	9606.ENSP00000348278	26.8	5
1844113	9606.ENSP00000252245	8.99	8
1850908	9606.ENSP00000327268	13.9	1
1847013	9606.ENSP00000286428	52.8	3
1845588	9606.ENSP00000264663	37.3	8
1845250	9606.ENSP00000262948	141	13
1846651	9606.ENSP00000280097	355	17
1847459	9606.ENSP00000293981	136	5
1843345	9606.ENSP00000233242	67.6	94
1852071	9606.ENSP00000338082	739	266
1850070	9606.ENSP00000318687	46.8	17
1852628	9606.ENSP00000342830	198	45
1860488	9606.ENSP00000404705	4.56	1
1857354	9606.ENSP00000370648	18.9	1
1858257	9606.ENSP00000378430	26328	87
1861423	9606.ENSP00000419475	11.6	1
1852414	9606.ENSP00000341117	11.2	1
1849242	9606.ENSP00000309968	9.29	2
1845646	9606.ENSP00000264932	57.0	6
1856798	9606.ENSP00000367248	19.5	2
1855743	9606.ENSP00000361818	20.0	1
1845219	9606.ENSP00000262812	68.8	3
1853839	9606.ENSP00000352401	280	9
1852358	9606.ENSP00000340691	105	1
1853120	9606.ENSP00000347032	15.2	1
1844363	9606.ENSP00000255194	6.9	1
1847228	9606.ENSP00000290378	748	599
1843051	9606.ENSP00000225777	243	9
1857242	9606.ENSP00000369915	37.8	3
1853821	9606.ENSP00000352257	16.6	3
1842921	9606.ENSP00000222482	10.1	1
1843211	9606.ENSP00000229563	72.8	2
1852441	9606.ENSP00000341289	496	193
1851574	9606.ENSP00000333326	173	90
1851190	9606.ENSP00000329867	37.7	3
1852772	9606.ENSP00000344115	11.1	2
1844644	9606.ENSP00000258874	17.3	2
1856937	9606.ENSP00000368119	13.3	2
1842592	9606.ENSP00000216410	22.4	1
1851595	9606.ENSP00000333547	1075	78
1856690	9606.ENSP00000366679	2.83	1
1850411	9606.ENSP00000322061	38.9	8
1855522	9606.ENSP00000360688	251	9
1842151	9606.ENSP00000007722	44.3	11
1850918	9606.ENSP00000327431	739	266
1853197	9606.ENSP00000347665	6.88	2
1843208	9606.ENSP00000229416	38.2	5
1857554	9606.ENSP00000372112	49.7	3
1849863	9606.ENSP00000316333	25.0	2
1851909	9606.ENSP00000336702	316	25
1848535	9606.ENSP00000303476	9.37	12
1853041	9606.ENSP00000346340	45.3	2
1843503	9606.ENSP00000238831	20.0	1
1856528	9606.ENSP00000365807	9.72	3
1853629	9606.ENSP00000350757	79.3	5
1859243	9606.ENSP00000387123	674	64
1864009	9606.ENSP00000468367	131	27
1848886	9606.ENSP00000306864	185	22
1855842	9606.ENSP00000362261	110	3
1846449	9606.ENSP00000275603	89.6	10
1856133	9606.ENSP00000363641	119	3
1859361	9606.ENSP00000388631	1.29	1
1861716	9606.ENSP00000427687	258	32
1848229	9606.ENSP00000301012	17.5	1
1842974	9606.ENSP00000223321	44.0	6
1848522	9606.ENSP00000303366	50.4	3
1859413	9606.ENSP00000389252	4.77	1
1844535	9606.ENSP00000257770	212	25
1852102	9606.ENSP00000338358	340	33
1851357	9606.ENSP00000331544	217	47
1847586	9606.ENSP00000295550	61.0	53
1864161	9606.ENSP00000469468	245	5
1847757	9606.ENSP00000296577	81.3	13
1843552	9606.ENSP00000240139	4.97	2
1842112	9606.ENSP00000001008	131	13
1851932	9606.ENSP00000336829	48.2	6
1860567	9606.ENSP00000405965	370	10
1843093	9606.ENSP00000226524	131	10
1858987	9606.ENSP00000384863	8.1	3
1857253	9606.ENSP00000369979	7.69	2
1848244	9606.ENSP00000301071	368	181
1857440	9606.ENSP00000371236	65.3	13
1857377	9606.ENSP00000370808	166	40
1846607	9606.ENSP00000278968	3819	199
1859755	9606.ENSP00000393887	3960	208
1844152	9606.ENSP00000252699	419	149
1859774	9606.ENSP00000394107	7.89	1
1857426	9606.ENSP00000371152	127	11
1845847	9606.ENSP00000266041	250	61
1842110	9606.ENSP00000000412	228	14
1853938	9606.ENSP00000353074	8.07	3
1845149	9606.ENSP00000262455	247	19
1843403	9606.ENSP00000234454	99.7	6
1849703	9606.ENSP00000314414	29.5	10
1850243	9606.ENSP00000320413	246	11
1855903	9606.ENSP00000362532	7.61	1
1861189	9606.ENSP00000415941	195	127
1855488	9606.ENSP00000360519	1299	54
1861561	9606.ENSP00000422375	20.6	2
1843915	9606.ENSP00000248553	217	13
1843728	9606.ENSP00000244601	8.07	3
1848526	9606.ENSP00000303408	4.61	2
1842300	9606.ENSP00000167586	84.8	31
1844185	9606.ENSP00000253004	429	31
1853898	9606.ENSP00000352802	25.0	2
1844155	9606.ENSP00000252725	33.4	2
1844755	9606.ENSP00000260118	36.5	2
1845794	9606.ENSP00000265724	6.13	2
1848223	9606.ENSP00000300935	206	32
1849021	9606.ENSP00000307940	827	178
1852213	9606.ENSP00000339398	186	8
1844543	9606.ENSP00000257860	319	98
1844187	9606.ENSP00000253023	118	7
1843379	9606.ENSP00000233997	154	8
1843478	9606.ENSP00000238081	871	61
1852101	9606.ENSP00000338352	4.19	1
1855521	9606.ENSP00000360687	143	6
1842140	9606.ENSP00000006101	239	8
1859091	9606.ENSP00000386104	9.38	1
1850523	9606.ENSP00000323194	2.1	1
1851730	9606.ENSP00000334499	7.82	2
1843822	9606.ENSP00000246548	49.2	6
1858903	9606.ENSP00000384144	197	58
1853980	9606.ENSP00000353444	298	29
1855648	9606.ENSP00000361331	12.4	1
1847164	9606.ENSP00000289352	19.0	5
1844454	9606.ENSP00000256637	128	23
1844081	9606.ENSP00000251775	9.68	1
1848342	9606.ENSP00000301838	46.8	1
1843720	9606.ENSP00000244520	50.4	1
1844856	9606.ENSP00000261182	35.3	3
1842218	9606.ENSP00000052754	595	69
1853657	9606.ENSP00000350990	1.89	1
1856168	9606.ENSP00000363832	21.5	7
1844948	9606.ENSP00000261601	175	25
1846809	9606.ENSP00000282588	274	76
1854902	9606.ENSP00000357861	2009	262
1859609	9606.ENSP00000391942	26.7	1
1854857	9606.ENSP00000357708	386	7
1853851	9606.ENSP00000352455	342	9
1850223	9606.ENSP00000320236	30.6	1
1845725	9606.ENSP00000265333	356	27
1860867	9606.ENSP00000410758	120	2
1844952	9606.ENSP00000261623	154	6
1845231	9606.ENSP00000262878	26.6	5
1858594	9606.ENSP00000381339	2.77	3
1852892	9606.ENSP00000345079	529	20
1862080	9606.ENSP00000438144	1110	51
1847076	9606.ENSP00000287600	45.9	1
1856225	9606.ENSP00000364188	12.4	2
1853205	9606.ENSP00000347719	24.2	8
1856523	9606.ENSP00000365773	31.5	3
1848476	9606.ENSP00000302961	306	81
1851218	9606.ENSP00000330101	5.04	8
1851612	9606.ENSP00000333667	65.0	8
1854385	9606.ENSP00000355467	66.9	7
1844427	9606.ENSP00000256383	15.0	1
1844250	9606.ENSP00000253792	36.7	12
1842640	9606.ENSP00000217131	251	12
1843749	9606.ENSP00000245185	27.0	2
1846811	9606.ENSP00000282633	0.928	1
1845337	9606.ENSP00000263354	65.7	6
1856856	9606.ENSP00000367615	693	35
1863791	9606.ENSP00000463376	32.1	1
1846673	9606.ENSP00000280551	7.88	2
1842233	9606.ENSP00000058691	372	17
1850133	9606.ENSP00000319281	1382	65
1848882	9606.ENSP00000306788	146	4
1847507	9606.ENSP00000294800	12.6	1
1842174	9606.ENSP00000013034	546	47
1849476	9606.ENSP00000311905	5.56	3
1846132	9606.ENSP00000270142	13895	157
1853796	9606.ENSP00000352071	326	94
1862850	9606.ENSP00000453973	71.5	6
1861732	9606.ENSP00000428209	327	19
1847953	9606.ENSP00000298316	141	4
1854318	9606.ENSP00000355180	177	42
1856500	9606.ENSP00000365630	4.77	11
1845873	9606.ENSP00000266503	1.92	1
1842180	9606.ENSP00000014930	1528	57
1842813	9606.ENSP00000221130	404	36
1843587	9606.ENSP00000241052	906	127
1846522	9606.ENSP00000277010	24.4	1
1843077	9606.ENSP00000226218	201	23
1843766	9606.ENSP00000245551	15.7	1
1842301	9606.ENSP00000167588	2.25	3
1857239	9606.ENSP00000369897	3.51	1
1857366	9606.ENSP00000370741	11.5	1
1858990	9606.ENSP00000384880	277	21
1843430	9606.ENSP00000235835	239	17
1844988	9606.ENSP00000261769	73.6	7
1844482	9606.ENSP00000256997	145	17
1844266	9606.ENSP00000254043	1.85	3
1848447	9606.ENSP00000302768	38.0	3
1852162	9606.ENSP00000339001	715	216
1849259	9606.ENSP00000310117	66.2	1
1846008	9606.ENSP00000268251	21.1	3
1850078	9606.ENSP00000318804	11.4	1
1853226	9606.ENSP00000347872	1070	71
1862176	9606.ENSP00000441365	18.2	1
1844324	9606.ENSP00000254801	130	5
1862492	9606.ENSP00000448220	3.04	3
1848165	9606.ENSP00000300231	1.86	1
1843582	9606.ENSP00000240922	68.9	4
1843233	9606.ENSP00000230048	71.6	2
1856669	9606.ENSP00000366565	29.0	1
1846078	9606.ENSP00000269228	13.2	3
1842671	9606.ENSP00000217456	331	33
1856921	9606.ENSP00000367992	225	15
1842474	9606.ENSP00000212355	28.7	5
1854803	9606.ENSP00000357452	169	7
1845837	9606.ENSP00000265986	24.3	6
1854154	9606.ENSP00000354574	57.7	5
1862604	9606.ENSP00000449428	52.6	3
1861270	9606.ENSP00000417175	101	5
1854124	9606.ENSP00000354468	727	36
1854432	9606.ENSP00000355656	2.83	1
1851933	9606.ENSP00000336831	9.3	5
1842682	9606.ENSP00000217971	1036	41
1853550	9606.ENSP00000350159	19.0	5
1846539	9606.ENSP00000277632	23.7	2
1859363	9606.ENSP00000388658	3.68	1
1853368	9606.ENSP00000348901	96.9	10
1849660	9606.ENSP00000313875	125	9
1843157	9606.ENSP00000228740	260	42
1849713	9606.ENSP00000314508	109	12
1852434	9606.ENSP00000341247	10.7	4
1844979	9606.ENSP00000261735	371	23
1852276	9606.ENSP00000339958	12.8	4
1846318	9606.ENSP00000273368	84.3	8
1854262	9606.ENSP00000354947	232	19
1852034	9606.ENSP00000337746	579	48
1855861	9606.ENSP00000362334	54.8	3
1856757	9606.ENSP00000367034	19.0	5
1862032	9606.ENSP00000436455	232	24
1847471	9606.ENSP00000294189	200	2
1855768	9606.ENSP00000361926	123	8
1857838	9606.ENSP00000374265	20.1	4
1856531	9606.ENSP00000365817	10.6	4
1843314	9606.ENSP00000232461	3.09	3
1846573	9606.ENSP00000278568	64.0	12
1847845	9606.ENSP00000297268	294	99
1850397	9606.ENSP00000321856	33.9	3
1847220	9606.ENSP00000290299	78.2	4
1843396	9606.ENSP00000234347	336	11
1847062	9606.ENSP00000287295	14.1	2
1849509	9606.ENSP00000312250	49.8	5
1845253	9606.ENSP00000262960	12.1	3
1844253	9606.ENSP00000253799	6.85	4
1846042	9606.ENSP00000268720	0.44	1
1849142	9606.ENSP00000309103	154	4
1845549	9606.ENSP00000264436	1.82	1
1861259	9606.ENSP00000417050	35.4	2
1848327	9606.ENSP00000301729	250	18
1859328	9606.ENSP00000388169	149	11
1855677	9606.ENSP00000361502	280	14
1850058	9606.ENSP00000318602	18.2	3
1850632	9606.ENSP00000324302	19.3	1
1855415	9606.ENSP00000360184	8.37	1
1859271	9606.ENSP00000387380	36.8	2
1848897	9606.ENSP00000306920	252	33
1861608	9606.ENSP00000423822	18.0	1
1857999	9606.ENSP00000376176	1685	65
1856519	9606.ENSP00000365745	60.9	6
1843936	9606.ENSP00000248958	22.8	1
1844576	9606.ENSP00000258169	3.68	1
1844920	9606.ENSP00000261479	158	12
1857219	9606.ENSP00000369784	19.6	22
1846023	9606.ENSP00000268603	12.6	3
1856037	9606.ENSP00000363162	13.9	1
1848717	9606.ENSP00000305260	218	20
1856977	9606.ENSP00000368391	85.5	3
1854048	9606.ENSP00000353878	44.8	2
1861953	9606.ENSP00000433919	20.5	1
1861183	9606.ENSP00000415840	388	54
1852991	9606.ENSP00000345957	33.9	1
1849917	9606.ENSP00000316924	5.01	1
1859260	9606.ENSP00000387286	1254	103
1855769	9606.ENSP00000361927	13.9	2
1849323	9606.ENSP00000310623	42.2	1
1862243	9606.ENSP00000443189	1052	34
1857130	9606.ENSP00000369341	44.2	2
1853282	9606.ENSP00000348307	153	30
1845947	9606.ENSP00000267484	7.65	2
1843854	9606.ENSP00000247153	22.4	1
1843188	9606.ENSP00000229264	12.2	4
1853276	9606.ENSP00000348258	19.0	5
1850024	9606.ENSP00000318177	3.68	2
1851918	9606.ENSP00000336741	5.13	1
1857752	9606.ENSP00000373363	10.7	1
1861358	9606.ENSP00000418447	113	15
1855056	9606.ENSP00000358565	38.1	3
1859290	9606.ENSP00000387641	9.59	8
1843756	9606.ENSP00000245407	16.8	2
1842159	9606.ENSP00000009180	2724	75
1854754	9606.ENSP00000357156	60.1	4
1848798	9606.ENSP00000305988	2947	387
1843739	9606.ENSP00000244763	15.3	1
1855069	9606.ENSP00000358640	230	14
1842460	9606.ENSP00000210313	7.22	1
1850322	9606.ENSP00000321221	1.05	1
1857270	9606.ENSP00000370074	59.3	7
1848516	9606.ENSP00000303279	4.31	1
1843228	9606.ENSP00000229922	25.2	4
1843990	9606.ENSP00000250092	362	9
1843955	9606.ENSP00000249299	71.9	2
1851149	9606.ENSP00000329452	30.3	3
1861450	9606.ENSP00000419970	61.5	8
1847344	9606.ENSP00000292327	31.2	3
1849549	9606.ENSP00000312606	280	24
1844568	9606.ENSP00000258091	61.3	9
1843147	9606.ENSP00000228506	24.9	2
1858457	9606.ENSP00000380308	16.3	1
1852241	9606.ENSP00000339720	140	3
1849772	9606.ENSP00000315263	10.1	1
1847411	9606.ENSP00000293379	105	30
1847251	9606.ENSP00000290705	10.8	1
1856984	9606.ENSP00000368438	165	10
1858646	9606.ENSP00000381717	21.6	1
1852016	9606.ENSP00000337513	21.1	1
1862360	9606.ENSP00000447000	21.8	6
1850747	9606.ENSP00000325548	316	37
1851808	9606.ENSP00000335084	42.6	8
1851658	9606.ENSP00000333994	62727	4518
1844472	9606.ENSP00000256861	32.6	10
1847815	9606.ENSP00000297012	2.93	1
1842638	9606.ENSP00000217121	962	55
1853349	9606.ENSP00000348786	1126	92
1856155	9606.ENSP00000363768	19.8	2
1844225	9606.ENSP00000253408	55.2	32
1861793	9606.ENSP00000429430	12.1	9
1847239	9606.ENSP00000290541	238	10
1854129	9606.ENSP00000354490	208	156
1853269	9606.ENSP00000348170	2656	262
1847295	9606.ENSP00000291565	900	53
1854735	9606.ENSP00000357087	14.4	1
1852545	9606.ENSP00000342056	120	12
1846868	9606.ENSP00000283752	1.44	1
1850148	9606.ENSP00000319464	22.5	2
1861409	9606.ENSP00000419325	14.6	2
1846936	9606.ENSP00000284981	35.2	8
1849908	9606.ENSP00000316842	9.74	3
1842423	9606.ENSP00000204961	192	13
1844777	9606.ENSP00000260324	180	29
1854721	9606.ENSP00000357051	12.2	1
1843826	9606.ENSP00000246554	124	3
1844404	9606.ENSP00000256078	404	35
1855727	9606.ENSP00000361731	66.8	7
1856646	9606.ENSP00000366460	79.6	11
1843265	9606.ENSP00000230771	5.89	2
1842779	9606.ENSP00000220166	199	13
1862138	9606.ENSP00000440045	5.43	2
1860415	9606.ENSP00000403536	63.4	2
1847407	9606.ENSP00000293350	15.9	2
1847336	9606.ENSP00000292176	12.2	2
1859839	9606.ENSP00000394936	237	20
1843661	9606.ENSP00000243286	12.8	1
1847196	9606.ENSP00000289952	360	32
1860317	9606.ENSP00000401980	49.5	4
1845183	9606.ENSP00000262623	53.6	62
1843696	9606.ENSP00000244043	16.4	2
1861542	9606.ENSP00000421848	98.0	3
1852076	9606.ENSP00000338160	59.7	6
1862703	9606.ENSP00000450436	96.9	12
1845744	9606.ENSP00000265395	65.8	4
1858250	9606.ENSP00000378394	259	44
1855610	9606.ENSP00000361124	17.8	1
1844263	9606.ENSP00000254029	3.23	1
1857430	9606.ENSP00000371193	207	14
1849775	9606.ENSP00000315299	4.88	2
1847185	9606.ENSP00000289749	35.8	1
1842666	9606.ENSP00000217426	287	26
1853077	9606.ENSP00000346635	4.33	1
1856129	9606.ENSP00000363624	337	10
1859056	9606.ENSP00000385638	167	6
1848614	9606.ENSP00000304229	927	12
1854590	9606.ENSP00000356399	175	54
1846359	9606.ENSP00000274063	12.6	1
1844509	9606.ENSP00000257497	465	32
1853610	9606.ENSP00000350580	4.61	2
1858582	9606.ENSP00000381250	12.5	1
1853981	9606.ENSP00000353452	1.95	1
1845244	9606.ENSP00000262919	56.8	17
1858330	9606.ENSP00000379133	13.9	1
1861975	9606.ENSP00000434516	97.7	14
1854360	9606.ENSP00000355361	382	27
1846445	9606.ENSP00000275493	37.5	12
1852498	9606.ENSP00000341743	117	4
1847283	9606.ENSP00000291458	103	3
1860799	9606.ENSP00000409581	68.6	6
1863798	9606.ENSP00000463483	2.88	3
1848494	9606.ENSP00000303145	327	19
1844456	9606.ENSP00000256646	3.61	2
1861631	9606.ENSP00000424595	3.35	1
1843494	9606.ENSP00000238651	16.2	5
1861490	9606.ENSP00000420588	74.8	3
1852069	9606.ENSP00000338067	34.1	1
1854002	9606.ENSP00000353582	32.1	8
1857084	9606.ENSP00000369042	34.6	9
1847665	9606.ENSP00000296029	320	13
1852396	9606.ENSP00000340983	73.2	3
1854643	9606.ENSP00000356632	51.2	1
1848755	9606.ENSP00000305653	13.1	2
1854330	9606.ENSP00000355228	496	4
1849707	9606.ENSP00000314458	1606	56
1855309	9606.ENSP00000359645	72.2	5
1856328	9606.ENSP00000364700	34.7	4
1844470	9606.ENSP00000256854	112	10
1848071	9606.ENSP00000299498	51.3	4
1857017	9606.ENSP00000368678	55.0	25
1855489	9606.ENSP00000360525	9.17	1
1846140	9606.ENSP00000270233	139	20
1855189	9606.ENSP00000359211	12.9	4
1844112	9606.ENSP00000252244	2157	392
1860081	9606.ENSP00000398495	129	10
1844156	9606.ENSP00000252729	7.69	1
1850624	9606.ENSP00000324205	99.6	4
1855800	9606.ENSP00000362092	11.6	2
1853948	9606.ENSP00000353129	12.8	2
1846823	9606.ENSP00000282903	44.4	8
1861989	9606.ENSP00000435096	60.2	1
1850011	9606.ENSP00000318089	6.47	1
1845737	9606.ENSP00000265371	37.9	8
1847300	9606.ENSP00000291577	441	28
1848209	9606.ENSP00000300738	3.72	1
1850229	9606.ENSP00000320295	191	112
1844651	9606.ENSP00000258960	51.2	6
1842566	9606.ENSP00000216218	97.6	5
1848658	9606.ENSP00000304669	4.51	1
1844629	9606.ENSP00000258739	27.9	3
1862521	9606.ENSP00000448598	52.9	4
1861356	9606.ENSP00000418401	19.3	1
1848840	9606.ENSP00000306397	43.5	3
1854209	9606.ENSP00000354739	109	4
1850194	9606.ENSP00000319977	1196	80
1848799	9606.ENSP00000305995	216	38
1855566	9606.ENSP00000360939	223	14
1848637	9606.ENSP00000304408	25.7	11
1856212	9606.ENSP00000364114	95.7	7
1853036	9606.ENSP00000346294	25.1	1
1854704	9606.ENSP00000356982	341	8
1847035	9606.ENSP00000286788	148	25
1844051	9606.ENSP00000251312	40.1	3
1853800	9606.ENSP00000352119	2.83	1
1848552	9606.ENSP00000303575	13.6	1
1861747	9606.ENSP00000428426	41.5	4
1850084	9606.ENSP00000318852	153	15
1851899	9606.ENSP00000336607	20.7	1
1860096	9606.ENSP00000398632	271	48
1847105	9606.ENSP00000288050	25.9	5
1846086	9606.ENSP00000269349	26.9	7
1856176	9606.ENSP00000363894	3.64	1
1854674	9606.ENSP00000356832	1.02	1
1844740	9606.ENSP00000259951	13.4	5
1843353	9606.ENSP00000233575	15.1	2
1855272	9606.ENSP00000359525	87.7	7
1864304	9606.ENSP00000470087	12.8	1
1849585	9606.ENSP00000312946	7.29	5
1849149	9606.ENSP00000309142	9.04	1
1849407	9606.ENSP00000311336	2.39	1
1851531	9606.ENSP00000332886	1.29	1
1850038	9606.ENSP00000318318	286	30
1855519	9606.ENSP00000360682	188	13
1854120	9606.ENSP00000354451	1.06	2
1853051	9606.ENSP00000346437	9.49	2
1852189	9606.ENSP00000339221	79.2	14
1853230	9606.ENSP00000347906	17.6	2
1851964	9606.ENSP00000337128	13.1	1
1846524	9606.ENSP00000277165	4.92	1
1849319	9606.ENSP00000310596	68.3	2
1863592	9606.ENSP00000461295	3.29	1
1849495	9606.ENSP00000312122	14.1	1
1856332	9606.ENSP00000364721	115	7
1853424	9606.ENSP00000349320	50.3	14
1843485	9606.ENSP00000238497	26.6	3
1858807	9606.ENSP00000383168	33.6	6
1854773	9606.ENSP00000357283	6.2	1
1845293	9606.ENSP00000263126	4.08	2
1848043	9606.ENSP00000299299	164	6
1847622	9606.ENSP00000295767	109	2
1851906	9606.ENSP00000336687	51.7	4
1858947	9606.ENSP00000384474	34.6	1
1849274	9606.ENSP00000310226	1296	96
1843738	9606.ENSP00000244751	0.531	1
1848911	9606.ENSP00000307078	3.46	1
1843872	9606.ENSP00000247665	1212	29
1849071	9606.ENSP00000308452	25.5	8
1853781	9606.ENSP00000351926	1.65	1
1849440	9606.ENSP00000311572	390	24
1850053	9606.ENSP00000318472	398	75
1847726	9606.ENSP00000296424	373	16
1860210	9606.ENSP00000400175	961	64
1842981	9606.ENSP00000223369	245	13
1859079	9606.ENSP00000385916	41.3	3
1846967	9606.ENSP00000285599	15.0	3
1857969	9606.ENSP00000375857	20.3	5
1861242	9606.ENSP00000416706	215	219
1855919	9606.ENSP00000362592	54.6	4
1853439	9606.ENSP00000349430	8.07	3
1842224	9606.ENSP00000054666	507	19
1842879	9606.ENSP00000222005	16.8	2
1856512	9606.ENSP00000365693	30.0	2
1843040	9606.ENSP00000225655	1991	84
1846243	9606.ENSP00000272298	1059	88
1847764	9606.ENSP00000296597	129	4
1842370	9606.ENSP00000196371	90.7	8
1858211	9606.ENSP00000378130	29.8	5
1859291	9606.ENSP00000387654	296	38
1861344	9606.ENSP00000418112	9.21	3
1856549	9606.ENSP00000365926	30.1	1
1850028	9606.ENSP00000318197	238	121
1845396	9606.ENSP00000263697	22.6	1
1852542	9606.ENSP00000342026	2823	160
1844452	9606.ENSP00000256593	63.5	6
1856381	9606.ENSP00000364964	4.56	1
1842490	9606.ENSP00000215570	35.5	1
1848928	9606.ENSP00000307188	15.9	1
1854504	9606.ENSP00000356022	1774	67
1848835	9606.ENSP00000306361	288	51
1844678	9606.ENSP00000259253	66.0	27
1853847	9606.ENSP00000352438	78.6	10
1843348	9606.ENSP00000233379	43.3	3
1842957	9606.ENSP00000223061	149	14
1843175	9606.ENSP00000228938	442	16
1850888	9606.ENSP00000327070	835	66
1847683	9606.ENSP00000296130	426	26
1853804	9606.ENSP00000352157	2.85	1
1856186	9606.ENSP00000363970	9.63	1
1842441	9606.ENSP00000206542	28.6	2
1850563	9606.ENSP00000323635	30.5	2
1852322	9606.ENSP00000340427	89.8	19
1850277	9606.ENSP00000320709	22.9	1
1852157	9606.ENSP00000338964	11.7	2
1842115	9606.ENSP00000002165	65.2	6
1851636	9606.ENSP00000333837	13.1	1
1844759	9606.ENSP00000260130	76.6	6
1855963	9606.ENSP00000362773	67.0	2
1853285	9606.ENSP00000348316	228	5
1845134	9606.ENSP00000262407	179	44
1848439	9606.ENSP00000302665	96.9	2
1846381	9606.ENSP00000274376	4.48	1
1854416	9606.ENSP00000355599	28.5	2
1846617	9606.ENSP00000279146	12.9	1
1845770	9606.ENSP00000265563	72.9	11
1846996	9606.ENSP00000286175	19.7	1
1861079	9606.ENSP00000414359	73.0	8
1858761	9606.ENSP00000382707	93.4	8
1853414	9606.ENSP00000349259	6.88	4
1849369	9606.ENSP00000310978	34.4	4
1862118	9606.ENSP00000439146	180	28
1861141	9606.ENSP00000415178	4.83	1
1851999	9606.ENSP00000337445	6.69	2
1854817	9606.ENSP00000357516	473	49
1849469	9606.ENSP00000311847	631	14
1849782	9606.ENSP00000315386	67.4	9
1853397	9606.ENSP00000349142	41.0	3
1845836	9606.ENSP00000265983	1793	179
1853652	9606.ENSP00000350941	10.6	1
1851450	9606.ENSP00000332256	1.6	2
1852652	9606.ENSP00000343027	49.1	14
1856521	9606.ENSP00000365757	8.28	1
1856351	9606.ENSP00000364802	192	83
1844070	9606.ENSP00000251588	7.9	1
1860874	9606.ENSP00000410833	46.0	5
1854765	9606.ENSP00000357218	675	41
1852273	9606.ENSP00000339933	52.0	13
1843292	9606.ENSP00000231487	215	10
1848421	9606.ENSP00000302564	16.7	1
1843087	9606.ENSP00000226355	303	43
1852543	9606.ENSP00000342032	379	25
1852845	9606.ENSP00000344666	1.13	1
1842963	9606.ENSP00000223129	67.2	2
1851030	9606.ENSP00000328358	1.55	1
1847604	9606.ENSP00000295685	204	13
1862204	9606.ENSP00000442050	47.4	5
1846012	9606.ENSP00000268296	43.5	18
1845326	9606.ENSP00000263277	4.25	3
1849140	9606.ENSP00000309092	23.7	2
1854646	9606.ENSP00000356652	223	8
1862300	9606.ENSP00000445831	7.59	3
1853509	9606.ENSP00000349887	126	8
1855037	9606.ENSP00000358501	82.6	4
1849915	9606.ENSP00000316905	64.8	5
1848718	9606.ENSP00000305263	17.3	18
1851684	9606.ENSP00000334145	15.4	1
1843036	9606.ENSP00000225603	61.7	5
1845755	9606.ENSP00000265447	222	19
1847481	9606.ENSP00000294360	248	7
1843215	9606.ENSP00000229633	11.4	1
1847350	9606.ENSP00000292401	782	46
1843662	9606.ENSP00000243298	7.71	1
1856742	9606.ENSP00000366962	8.07	3
1853762	9606.ENSP00000351740	120	12
1843978	9606.ENSP00000249842	220	20
1843232	9606.ENSP00000230036	13.8	3
1854089	9606.ENSP00000354207	3.08	1
1846686	9606.ENSP00000280706	65.2	23
1851245	9606.ENSP00000330343	223	6
1849401	9606.ENSP00000311291	29.3	3
1842377	9606.ENSP00000198765	52.3	7
1846084	9606.ENSP00000269321	4253	80
1843886	9606.ENSP00000247970	139	4
1846101	9606.ENSP00000269571	1.38	1
1860176	9606.ENSP00000399679	5.39	2
1861474	9606.ENSP00000420298	23.7	1
1856676	9606.ENSP00000366618	8.07	3
1852633	9606.ENSP00000342850	130	11
1843050	9606.ENSP00000225740	4.26	2
1846238	9606.ENSP00000272227	429	35
1842781	9606.ENSP00000220325	20.2	6
1850431	9606.ENSP00000322270	20.7	7
1852818	9606.ENSP00000344456	20.0	5
1844026	9606.ENSP00000250894	1.36	1
1857279	9606.ENSP00000370125	360	6
1848092	9606.ENSP00000299698	0.863	1
1845377	9606.ENSP00000263621	276	10
1842815	9606.ENSP00000221138	113	15
1846469	9606.ENSP00000276062	24.0	1
1862256	9606.ENSP00000443772	92.9	3
1855709	9606.ENSP00000361642	30.4	2
1843505	9606.ENSP00000238875	74.5	3
1850913	9606.ENSP00000327336	2041	191
1846397	9606.ENSP00000274569	23.2	2
1861691	9606.ENSP00000426909	76.3	6
1862763	9606.ENSP00000451476	0.704	1
1848986	9606.ENSP00000307705	269	17
1845162	9606.ENSP00000262507	38.7	2
1859833	9606.ENSP00000394863	602	31
1849692	9606.ENSP00000314214	201	15
1852520	9606.ENSP00000341911	398	31
1853623	9606.ENSP00000350708	1054	68
1857199	9606.ENSP00000369677	17.7	4
1862724	9606.ENSP00000450811	6.32	1
1848311	9606.ENSP00000301587	140	5
1845462	9606.ENSP00000264028	6.88	1
1848555	9606.ENSP00000303585	0.931	2
1848698	9606.ENSP00000305059	44.0	2
1842995	9606.ENSP00000224237	8465	1053
1852485	9606.ENSP00000341657	41.4	2
1851253	9606.ENSP00000330393	198	63
1854707	9606.ENSP00000356989	66.5	2
1853849	9606.ENSP00000352444	4.66	1
1844114	9606.ENSP00000252250	27.8	23
1848170	9606.ENSP00000300289	1830	214
1846443	9606.ENSP00000275428	467	22
1858137	9606.ENSP00000377470	13.4	1
1859165	9606.ENSP00000386443	276	25
1851941	9606.ENSP00000336888	1180	111
1852398	9606.ENSP00000340989	73.4	14
1858308	9606.ENSP00000378957	189	6
1843237	9606.ENSP00000230085	311	16
1860356	9606.ENSP00000402595	1.38	1
1844334	9606.ENSP00000254878	32.3	1
1858236	9606.ENSP00000378323	61.3	9
1853147	9606.ENSP00000347213	7.86	1
1854883	9606.ENSP00000357791	5.08	2
1853860	9606.ENSP00000352522	7.56	1
1860705	9606.ENSP00000408146	69.5	5
1863181	9606.ENSP00000458149	180	6
1852962	9606.ENSP00000345689	462	44
1853048	9606.ENSP00000346402	182	22
1849174	9606.ENSP00000309431	44.3	52
1848876	9606.ENSP00000306752	7.18	1
1854145	9606.ENSP00000354553	53.8	1
1858232	9606.ENSP00000378306	33.0	7
1850255	9606.ENSP00000320516	327	48
1861415	9606.ENSP00000419395	8.99	1
1850153	9606.ENSP00000319501	55.6	9
1851361	9606.ENSP00000331574	12.1	2
1843861	9606.ENSP00000247207	196	72
1854966	9606.ENSP00000358158	2.83	1
1846727	9606.ENSP00000281455	20.3	3
1853293	9606.ENSP00000348394	5.06	1
1853645	9606.ENSP00000350894	356	35
1855622	9606.ENSP00000361186	45.0	2
1858081	9606.ENSP00000376914	4.17	1
1854045	9606.ENSP00000353864	28.8	10
1851404	9606.ENSP00000331871	5.5	1
1857124	9606.ENSP00000369317	27.8	23
1858685	9606.ENSP00000382021	11.3	1
1842337	9606.ENSP00000181383	61.5	6
1857763	9606.ENSP00000373477	445	15
1842572	9606.ENSP00000216254	145	26
1858493	9606.ENSP00000380602	3.65	1
1851214	9606.ENSP00000330074	89.4	2
1856483	9606.ENSP00000365522	39.0	3
1861555	9606.ENSP00000422185	5.66	2
1853909	9606.ENSP00000352852	29.5	1
1850366	9606.ENSP00000321606	69.6	31
1851078	9606.ENSP00000328808	138	62
1850212	9606.ENSP00000320171	2936	350
1861531	9606.ENSP00000421566	233	29
1844601	9606.ENSP00000258415	16.5	2
1860659	9606.ENSP00000407375	1130	79
1845092	9606.ENSP00000262211	0.991	1
1854170	9606.ENSP00000354612	9.24	1
1851519	9606.ENSP00000332790	2.97	1
1849720	9606.ENSP00000314606	106	14
1849127	9606.ENSP00000308926	3.11	1
1853237	9606.ENSP00000347933	17.3	1
1856460	9606.ENSP00000365402	24.5	7
1855511	9606.ENSP00000360644	45.2	3
1853110	9606.ENSP00000346954	186	6
1856899	9606.ENSP00000367869	392	26
1853104	9606.ENSP00000346901	61.2	9
1846865	9606.ENSP00000283646	52.6	4
1842800	9606.ENSP00000220764	51.0	3
1853006	9606.ENSP00000346037	109	2
1860701	9606.ENSP00000408005	24.6	2
1850625	9606.ENSP00000324248	61.1	3
1850432	9606.ENSP00000322273	108	9
1846848	9606.ENSP00000283290	33.3	2
1858299	9606.ENSP00000378851	1538	9
1854426	9606.ENSP00000355632	10.6	1
1855534	9606.ENSP00000360773	23.4	3
1855378	9606.ENSP00000359991	2312	144
1862817	9606.ENSP00000452780	308	7
1845052	9606.ENSP00000262056	43.2	3
1844889	9606.ENSP00000261336	80.1	66
1846003	9606.ENSP00000268182	95.5	41
1858079	9606.ENSP00000376899	259	62
1846139	9606.ENSP00000270225	10.1	1
1856378	9606.ENSP00000364943	893	49
1842429	9606.ENSP00000205402	205	20
1859071	9606.ENSP00000385834	5993	1137
1843252	9606.ENSP00000230419	111	28
1861836	9606.ENSP00000430344	35.5	7
1860717	9606.ENSP00000408411	334	43
1846311	9606.ENSP00000273308	134	17
1858485	9606.ENSP00000380514	162	15
1843820	9606.ENSP00000246533	641	29
1852479	9606.ENSP00000341597	30.1	4
1845279	9606.ENSP00000263084	17.6	2
1858162	9606.ENSP00000377696	269	18
1846051	9606.ENSP00000268896	53.9	2
1844574	9606.ENSP00000258145	104	14
1845886	9606.ENSP00000266594	9.1	1
1850288	9606.ENSP00000320866	2297	169
1848382	9606.ENSP00000302194	13.2	1
1857150	9606.ENSP00000369424	27.0	3
1846542	9606.ENSP00000277865	14.9	3
1862779	9606.ENSP00000451792	14.8	2
1846428	9606.ENSP00000275072	25.4	2
1843949	9606.ENSP00000249071	369	34
1849206	9606.ENSP00000309629	2748	118
1853612	9606.ENSP00000350616	2.49	1
1856748	9606.ENSP00000366988	50.4	5
1862192	9606.ENSP00000441828	499	98
1848744	9606.ENSP00000305556	135	13
1843011	9606.ENSP00000225275	172	36
1850420	9606.ENSP00000322175	67.1	5
1860562	9606.ENSP00000405926	77.5	11
1854837	9606.ENSP00000357624	2967	128
1863619	9606.ENSP00000461460	9.11	1
1862767	9606.ENSP00000451560	148	112
1852481	9606.ENSP00000341625	538	14
1852680	9606.ENSP00000343282	19.0	5
1853953	9606.ENSP00000353165	159	7
1850893	9606.ENSP00000327116	29.3	12
1855442	9606.ENSP00000360281	12.7	2
1855320	9606.ENSP00000359685	38.9	4
1846789	9606.ENSP00000282382	32.6	11
1842156	9606.ENSP00000008938	123	7
1855278	9606.ENSP00000359539	311	26
1855774	9606.ENSP00000361949	11.8	5
1843372	9606.ENSP00000233893	812	16
1846322	9606.ENSP00000273398	63.8	9
1855113	9606.ENSP00000358851	66.0	14
1847591	9606.ENSP00000295598	1446	426
1850720	9606.ENSP00000325266	52.3	1
1862296	9606.ENSP00000445677	0.705	1
1842240	9606.ENSP00000071281	106	6
1852181	9606.ENSP00000339161	14.3	1
1843945	9606.ENSP00000249042	37.3	3
1856096	9606.ENSP00000363452	18.9	3
1856673	9606.ENSP00000366604	6.94	1
1861221	9606.ENSP00000416330	249	35
1862025	9606.ENSP00000436318	57.5	4
1856744	9606.ENSP00000366974	19.0	5
1842209	9606.ENSP00000040663	11.5	1
1842904	9606.ENSP00000222286	2.6	1
1855782	9606.ENSP00000362010	165	12
1853867	9606.ENSP00000352572	2.13	2
1853957	9606.ENSP00000353224	154	35
1847720	9606.ENSP00000296388	57.9	11
1845311	9606.ENSP00000263238	155	12
1856217	9606.ENSP00000364140	30.9	6
1861878	9606.ENSP00000431482	13.3	1
1843203	9606.ENSP00000229340	199	11
1843106	9606.ENSP00000227251	18.8	1
1860725	9606.ENSP00000408526	177	14
1845355	9606.ENSP00000263413	75.7	19
1846602	9606.ENSP00000278927	43.5	3
1847784	9606.ENSP00000296755	83.5	37
1853523	9606.ENSP00000349960	5630	1386
1843434	9606.ENSP00000236147	14.4	2
1847066	9606.ENSP00000287394	3.84	1
1856825	9606.ENSP00000367407	3.61	1
1854234	9606.ENSP00000354850	16.8	4
1857571	9606.ENSP00000372224	33.3	3
1845684	9606.ENSP00000265077	76.5	63
1861336	9606.ENSP00000417963	1.72	1
1846716	9606.ENSP00000281243	523	32
1842128	9606.ENSP00000005257	326	14
1844312	9606.ENSP00000254663	24.3	2
1853429	9606.ENSP00000349356	1.24	1
1852983	9606.ENSP00000345848	41.3	3
1859630	9606.ENSP00000392270	61.1	6
1851240	9606.ENSP00000330289	129	3
1844961	9606.ENSP00000261667	21.8	3
1852923	9606.ENSP00000345341	72.3	7
1863068	9606.ENSP00000456711	200	69
1857364	9606.ENSP00000370736	19.3	1
1843386	9606.ENSP00000234160	210	16
1842600	9606.ENSP00000216465	89.6	3
1855844	9606.ENSP00000362273	151	10
1848520	9606.ENSP00000303351	801	161
1854895	9606.ENSP00000357835	178	11
1852412	9606.ENSP00000341094	2.83	1
1853918	9606.ENSP00000352936	0.665	1
1861509	9606.ENSP00000420939	11.3	1
1849897	9606.ENSP00000316729	21.7	9
1859151	9606.ENSP00000386341	32.6	11
1843044	9606.ENSP00000225719	69.4	22
1854970	9606.ENSP00000358165	29.8	5
1858589	9606.ENSP00000381293	8.31	2
1843461	9606.ENSP00000237500	61.4	8
1848662	9606.ENSP00000304697	690	187
1860871	9606.ENSP00000410815	115	82
1858635	9606.ENSP00000381634	11.8	1
1853976	9606.ENSP00000353408	317	58
1851432	9606.ENSP00000332124	6.1	5
1847527	9606.ENSP00000295066	56.6	2
1845920	9606.ENSP00000267103	25.1	3
1860446	9606.ENSP00000404011	17.2	21
1853903	9606.ENSP00000352835	177	7
1844408	9606.ENSP00000256119	4782	259
1842433	9606.ENSP00000205948	1018	75
1845677	9606.ENSP00000265062	1351	79
1849066	9606.ENSP00000308383	54.1	4
1842334	9606.ENSP00000179259	89.7	5
1857846	9606.ENSP00000374332	454	26
1852325	9606.ENSP00000340454	25.4	5
1852861	9606.ENSP00000344818	227	187
1843222	9606.ENSP00000229794	14.8	1
1845765	9606.ENSP00000265523	280	18
1853858	9606.ENSP00000352513	105	5
1849535	9606.ENSP00000312435	82.0	19
1846170	9606.ENSP00000270645	63.7	6
1846668	9606.ENSP00000280357	43.3	2
1851398	9606.ENSP00000331831	110	12
1853891	9606.ENSP00000352706	17.8	2
1854029	9606.ENSP00000353741	29.4	4
1853543	9606.ENSP00000350075	23.0	2
1846264	9606.ENSP00000272519	471	16
1858384	9606.ENSP00000379616	20.8	12
1853116	9606.ENSP00000346990	30.6	4
1849423	9606.ENSP00000311449	476	51
1843035	9606.ENSP00000225577	1.69	1
1846100	9606.ENSP00000269554	7.49	1
1842985	9606.ENSP00000223500	356	8
1854092	9606.ENSP00000354219	545	53
1846063	9606.ENSP00000269097	35.2	1
1847782	9606.ENSP00000296741	1823	215
1858253	9606.ENSP00000378409	94.6	6
1852649	9606.ENSP00000343002	11.7	1
1844414	9606.ENSP00000256196	215	14
1846087	9606.ENSP00000269373	39.8	2
1854963	9606.ENSP00000358153	19.0	5
1842910	9606.ENSP00000222330	20.2	2
1849268	9606.ENSP00000310189	31.5	3
1853005	9606.ENSP00000346032	1172	98
1847755	9606.ENSP00000296564	0.576	1
1847193	9606.ENSP00000289902	78.0	1
1856598	9606.ENSP00000366243	10.3	4
1854905	9606.ENSP00000357879	85.8	4
1861457	9606.ENSP00000420127	56.0	4
1861982	9606.ENSP00000434797	39.1	2
1849624	9606.ENSP00000313432	497	25
1861905	9606.ENSP00000432279	115	1
1846674	9606.ENSP00000280557	16.2	1
1849352	9606.ENSP00000310826	19.6	1
1858940	9606.ENSP00000384400	15.8	1
1862217	9606.ENSP00000442365	79.4	11
1856352	9606.ENSP00000364805	72.3	45
1858344	9606.ENSP00000379217	39.4	2
1843994	9606.ENSP00000250124	114	4
1854861	9606.ENSP00000357727	733	25
1842461	9606.ENSP00000210444	248	14
1863878	9606.ENSP00000464383	201	15
1855840	9606.ENSP00000362249	1876	80
1857863	9606.ENSP00000374484	29.5	4
1845142	9606.ENSP00000262430	6.92	1
1847742	9606.ENSP00000296503	77.2	3
1857102	9606.ENSP00000369146	9.17	1
1858348	9606.ENSP00000379282	12.3	2
1854998	9606.ENSP00000358310	19.8	5
1850577	9606.ENSP00000323782	14.2	1
1856677	9606.ENSP00000366620	128	27
1845170	9606.ENSP00000262551	572	42
1845701	9606.ENSP00000265148	1.71	1
1846554	9606.ENSP00000278222	164	5
1847386	9606.ENSP00000292896	802	265
1855757	9606.ENSP00000361878	389	46
1848411	9606.ENSP00000302486	56.8	8
1846067	9606.ENSP00000269142	3.7	1
1858792	9606.ENSP00000382982	290	151
1856324	9606.ENSP00000364691	2.43	2
1862668	9606.ENSP00000450085	52.9	4
1861442	9606.ENSP00000419851	23.7	4
1844842	9606.ENSP00000261023	271	84
1846622	9606.ENSP00000279227	11.9	2
1845059	9606.ENSP00000262094	138	18
1843138	9606.ENSP00000228318	834	74
1846291	9606.ENSP00000273047	292	28
1844713	9606.ENSP00000259667	392	16
1854437	9606.ENSP00000355689	248	14
1850713	9606.ENSP00000325136	7.95	1
1847783	9606.ENSP00000296754	63.7	15
1846630	9606.ENSP00000279387	4.25	1
1842275	9606.ENSP00000160262	32.8	5
1848910	9606.ENSP00000307077	7.9	2
1860067	9606.ENSP00000398350	14.1	1
1842838	9606.ENSP00000221466	136	9
1847771	9606.ENSP00000296666	133	5
1853228	9606.ENSP00000347890	13.9	2
1856149	9606.ENSP00000363734	40.0	1
1845087	9606.ENSP00000262193	179	8
1843365	9606.ENSP00000233714	45.7	4
1847255	9606.ENSP00000290776	0.702	1
1846277	9606.ENSP00000272748	11.9	1
1845030	9606.ENSP00000261942	9.52	1
1847402	9606.ENSP00000293288	876	50
1859892	9606.ENSP00000395742	278	11
1856492	9606.ENSP00000365570	66.6	2
1850385	9606.ENSP00000321746	221	22
1847163	9606.ENSP00000289316	8.07	3
1845474	9606.ENSP00000264065	17.0	3
1856417	9606.ENSP00000365160	4.15	1
1853058	9606.ENSP00000346483	35.8	2
1853766	9606.ENSP00000351777	984	192
1843808	9606.ENSP00000246151	156	9
1849571	9606.ENSP00000312734	256	34
1850599	9606.ENSP00000323929	1292	530
1849107	9606.ENSP00000308753	56.7	5
1858179	9606.ENSP00000377833	339	29
1852312	9606.ENSP00000340305	125	18
1848619	9606.ENSP00000304277	176	2
1853848	9606.ENSP00000352442	8.07	3
1858515	9606.ENSP00000380795	150	8
1845803	9606.ENSP00000265753	131	5
1855771	9606.ENSP00000361932	10.7	1
1850641	9606.ENSP00000324422	23.5	2
1860845	9606.ENSP00000410403	17.2	12
1861855	9606.ENSP00000431049	66.8	5
1847760	9606.ENSP00000296585	18.1	5
1849186	9606.ENSP00000309515	30.9	2
1844424	9606.ENSP00000256366	44.7	2
1856171	9606.ENSP00000363852	219	32
1850897	9606.ENSP00000327145	14.4	26
1842375	9606.ENSP00000197268	22.7	3
1845343	9606.ENSP00000263373	3.35	5
1844115	9606.ENSP00000252252	135	51
1854551	9606.ENSP00000356218	107	7
1842648	9606.ENSP00000217195	18.0	1
1855744	9606.ENSP00000361824	19.9	15
1861867	9606.ENSP00000431254	1483	74
1850962	9606.ENSP00000327801	1950	260
1862989	9606.ENSP00000455744	44.0	6
1843726	9606.ENSP00000244573	59.6	7
1856583	9606.ENSP00000366156	61.4	6
1861383	9606.ENSP00000418823	43.5	6
1845973	9606.ENSP00000267884	200	7
1853912	9606.ENSP00000352918	258	7
1844285	9606.ENSP00000254301	1821	53
1854278	9606.ENSP00000355011	90.0	7
1849826	9606.ENSP00000315925	7.99	1
1862172	9606.ENSP00000441093	13.8	1
1853942	9606.ENSP00000353094	51.9	5
1852107	9606.ENSP00000338413	888	219
1844718	9606.ENSP00000259727	76.2	5
1853315	9606.ENSP00000348565	27.8	2
1854402	9606.ENSP00000355537	51.0	36
1847404	9606.ENSP00000293308	39.4	36
1847692	9606.ENSP00000296181	68.9	17
1843912	9606.ENSP00000248437	287	146
1847505	9606.ENSP00000294785	97.5	20
1842253	9606.ENSP00000085068	396	23
1856733	9606.ENSP00000366927	2.06	2
1858135	9606.ENSP00000377446	125	6
1859034	9606.ENSP00000385432	114	11
1853462	9606.ENSP00000349576	96.9	5
1842679	9606.ENSP00000217958	125	5
1856011	9606.ENSP00000363019	20.9	1
1858062	9606.ENSP00000376792	20.7	1
1861432	9606.ENSP00000419628	483	25
1846489	9606.ENSP00000276390	66.0	11
1854329	9606.ENSP00000355217	37.9	3
1842912	9606.ENSP00000222374	133	8
1852549	9606.ENSP00000342082	38.5	1
1854605	9606.ENSP00000356465	85.1	5
1842365	9606.ENSP00000194214	97.4	2
1858193	9606.ENSP00000377941	269	118
1842512	9606.ENSP00000215832	53.7	8
1858661	9606.ENSP00000381823	3.33	1
1853831	9606.ENSP00000352288	89.8	39
1850707	9606.ENSP00000325074	6.56	1
1848495	9606.ENSP00000303147	145	9
1854763	9606.ENSP00000357204	553	14
1849255	9606.ENSP00000310088	538	6
1853486	9606.ENSP00000349722	21.6	1
1851050	9606.ENSP00000328521	133	5
1856188	9606.ENSP00000363976	38.1	1
1851998	9606.ENSP00000337443	14.6	1
1850072	9606.ENSP00000318697	56.6	43
1861418	9606.ENSP00000419425	5744	187
1848334	9606.ENSP00000301764	440	90
1860008	9606.ENSP00000397435	46.3	2
1847903	9606.ENSP00000297785	64.0	10
1849370	9606.ENSP00000310998	10.8	1
1842655	9606.ENSP00000217289	2.47	1
1850118	9606.ENSP00000319141	430	22
1848102	9606.ENSP00000299767	1931	370
1846269	9606.ENSP00000272610	13.6	1
1859499	9606.ENSP00000390500	9.39	2
1846188	9606.ENSP00000271324	268	9
1856490	9606.ENSP00000365567	19.6	2
1845213	9606.ENSP00000262768	61.2	2
1847378	9606.ENSP00000292782	109	5
1844704	9606.ENSP00000259526	216	22
1843827	9606.ENSP00000246635	37.0	19
1842549	9606.ENSP00000216124	74.8	6
1853431	9606.ENSP00000349359	13.9	1
1842913	9606.ENSP00000222381	129	11
1850618	9606.ENSP00000324173	1363	195
1852130	9606.ENSP00000338703	65.0	8
1842558	9606.ENSP00000216181	6.27	4
1848400	9606.ENSP00000302393	10.7	4
1849332	9606.ENSP00000310688	2.86	1
1855986	9606.ENSP00000362888	21.8	1
1844750	9606.ENSP00000260056	5.7	1
1855121	9606.ENSP00000358867	49.1	14
1856551	9606.ENSP00000365938	0.874	1
1853541	9606.ENSP00000350052	129	277
1853914	9606.ENSP00000352926	2.42	1
1846317	9606.ENSP00000273359	86.3	6
1850450	9606.ENSP00000322439	36.1	4
1846891	9606.ENSP00000284240	119	4
1855316	9606.ENSP00000359675	100.0	2
1856787	9606.ENSP00000367202	134	32
1859634	9606.ENSP00000392330	112	9
1842599	9606.ENSP00000216455	74.5	4
1862335	9606.ENSP00000446743	91.1	16
1842506	9606.ENSP00000215780	44.2	5
1859246	9606.ENSP00000387176	79.7	169
1856192	9606.ENSP00000363993	92.1	4
1843860	9606.ENSP00000247194	14.9	1
1853039	9606.ENSP00000346316	19.0	5
1861819	9606.ENSP00000430031	4.56	2
1843815	9606.ENSP00000246337	88.9	8
1854489	9606.ENSP00000355955	161	7
1858021	9606.ENSP00000376349	20.8	1
1845167	9606.ENSP00000262544	4.35	2
1844687	9606.ENSP00000259365	95.0	8
1842729	9606.ENSP00000219204	36.9	2
1864786	9606.ENSP00000472469	408	7
1858405	9606.ENSP00000379834	49.1	9
1853418	9606.ENSP00000349291	3.18	1
1845009	9606.ENSP00000261862	285	68
1851777	9606.ENSP00000334910	1.07	1
1848791	9606.ENSP00000305958	120	11
1861761	9606.ENSP00000428845	122	8
1846235	9606.ENSP00000272217	233	15
1857461	9606.ENSP00000371393	273	38
1852164	9606.ENSP00000339007	184	13
1856200	9606.ENSP00000364028	75.1	18
1852912	9606.ENSP00000345230	1337	74
1844190	9606.ENSP00000253039	27.2	3
1861300	9606.ENSP00000417517	6.79	3
1853459	9606.ENSP00000349560	62.4	9
1843303	9606.ENSP00000231751	542	123
1861661	9606.ENSP00000425634	80.8	10
1850737	9606.ENSP00000325425	59.0	4
1843614	9606.ENSP00000242209	37.1	5
1848909	9606.ENSP00000307046	1081	44
1855078	9606.ENSP00000358708	4.59	1
1842880	9606.ENSP00000222008	134	2
1845584	9606.ENSP00000264657	25.9	4
1864256	9606.ENSP00000469872	62.4	9
1855385	9606.ENSP00000360034	51.4	5
1847096	9606.ENSP00000287934	15.1	2
1853441	9606.ENSP00000349437	3.33	2
1860195	9606.ENSP00000400010	13.3	4
1861456	9606.ENSP00000420093	13.9	1
1854241	9606.ENSP00000354876	150	6
1850410	9606.ENSP00000322020	27.7	2
1856905	9606.ENSP00000367893	87.9	7
1853239	9606.ENSP00000347948	73.0	2
1858063	9606.ENSP00000376793	1113	120
1853681	9606.ENSP00000351190	380	95
1851624	9606.ENSP00000333769	646	41
1843368	9606.ENSP00000233813	1758	82
1855707	9606.ENSP00000361636	3.71	2
1855119	9606.ENSP00000358865	29.9	27
1845260	9606.ENSP00000262982	13.7	3
1847431	9606.ENSP00000293745	2.61	3
1847354	9606.ENSP00000292432	4.48	1
1853630	9606.ENSP00000350767	19.0	5
1852574	9606.ENSP00000342262	15.5	1
1856687	9606.ENSP00000366672	30.2	1
1847111	9606.ENSP00000288111	30.9	2
1842608	9606.ENSP00000216500	11.0	1
1843344	9606.ENSP00000233202	23.1	1
1843192	9606.ENSP00000229277	355	72
1851506	9606.ENSP00000332721	24.1	1
1854996	9606.ENSP00000358307	75.1	10
1849903	9606.ENSP00000316779	96.7	10
1853556	9606.ENSP00000350199	25.9	9
1846685	9606.ENSP00000280704	57.0	19
1857206	9606.ENSP00000369703	359	169
1858479	9606.ENSP00000380467	5.6	1
1842988	9606.ENSP00000223642	33.3	15
1844342	9606.ENSP00000254958	8.4	2
1855223	9606.ENSP00000359356	3.39	2
1845136	9606.ENSP00000262418	1003	164
1846276	9606.ENSP00000272732	11.3	1
1846796	9606.ENSP00000282470	44.4	9
1847266	9606.ENSP00000290921	53.4	3
1856272	9606.ENSP00000364448	3.19	1
1850447	9606.ENSP00000322421	62300	4189
1849294	9606.ENSP00000310440	45.0	1
1842707	9606.ENSP00000218439	17.6	1
1843310	9606.ENSP00000232219	15.9	1
1858630	9606.ENSP00000381607	4449	187
1857088	9606.ENSP00000369071	209	41
1858389	9606.ENSP00000379678	205	29
1843022	9606.ENSP00000225426	105	5
1860287	9606.ENSP00000401508	268	31
1844589	9606.ENSP00000258341	2.54	1
1854730	9606.ENSP00000357075	1008	65
1845466	9606.ENSP00000264036	162	28
1842535	9606.ENSP00000216038	39.6	5
1845981	9606.ENSP00000267978	14.9	5
1845660	9606.ENSP00000264993	86.3	4
1853290	9606.ENSP00000348381	20.1	2
1842568	9606.ENSP00000216225	105	1
1848430	9606.ENSP00000302621	144	9
1844953	9606.ENSP00000261636	271	13
1859406	9606.ENSP00000389160	15.6	1
1848515	9606.ENSP00000303276	189	5
1845596	9606.ENSP00000264690	36.6	7
1843176	9606.ENSP00000228945	1448	37
1852038	9606.ENSP00000337773	474	23
1859218	9606.ENSP00000386896	38.4	13
1842386	9606.ENSP00000199764	10.2	1
1850938	9606.ENSP00000327583	567	14
1847254	9606.ENSP00000290765	47.0	5
1855384	9606.ENSP00000360031	2.31	1
1847841	9606.ENSP00000297258	566	14
1843156	9606.ENSP00000228705	71.0	9
1861362	9606.ENSP00000418529	308	25
1851031	9606.ENSP00000328359	133	9
1845468	9606.ENSP00000264039	38.1	6
1843977	9606.ENSP00000249822	18.4	1
1851938	9606.ENSP00000336866	392	14
1857513	9606.ENSP00000371798	653	77
1856493	9606.ENSP00000365576	97.4	13
1846222	9606.ENSP00000272065	197	8
1845080	9606.ENSP00000262173	8.93	1
1852022	9606.ENSP00000337632	118	9
1842662	9606.ENSP00000217402	140	6
1859404	9606.ENSP00000389140	1.54	2
1857282	9606.ENSP00000370129	4.42	2
1861946	9606.ENSP00000433721	143	6
1852220	9606.ENSP00000339467	556	31
1846765	9606.ENSP00000282050	702	77
1844939	9606.ENSP00000261574	33.0	11
1845413	9606.ENSP00000263780	49.7	1
1848580	9606.ENSP00000303908	167	12
1853267	9606.ENSP00000348163	53.0	20
1859418	9606.ENSP00000389289	10.4	3
1854673	9606.ENSP00000356828	223	16
1861328	9606.ENSP00000417864	205	11
1847231	9606.ENSP00000290401	342	31
1852546	9606.ENSP00000342070	552	47
1853404	9606.ENSP00000349168	19.6	3
1842723	9606.ENSP00000219150	179	13
1843284	9606.ENSP00000231238	29.5	2
1860352	9606.ENSP00000402551	154	12
1858818	9606.ENSP00000383234	2.25	2
1848930	9606.ENSP00000307199	416	8
1845043	9606.ENSP00000262030	858	129
1853777	9606.ENSP00000351885	127	9
1847518	9606.ENSP00000295006	352	51
1846410	9606.ENSP00000274764	4.54	2
1854978	9606.ENSP00000358211	55.0	10
1856138	9606.ENSP00000363654	0.704	1
1858461	9606.ENSP00000380318	54.4	4
1858383	9606.ENSP00000379612	3.97	1
1849038	9606.ENSP00000308165	139	13
1844987	9606.ENSP00000261758	189	8
1860586	9606.ENSP00000406209	94.9	7
1843400	9606.ENSP00000234396	27.0	6
1851142	9606.ENSP00000329380	78.0	9
1849358	9606.ENSP00000310861	378	137
1856177	9606.ENSP00000363899	39.2	4
1843641	9606.ENSP00000242786	5.6	1
1844468	9606.ENSP00000256785	5.11	1
1847187	9606.ENSP00000289779	11.1	1
1849694	9606.ENSP00000314299	76.2	9
1852066	9606.ENSP00000338034	80.9	5
1843974	9606.ENSP00000249750	1.67	2
1858108	9606.ENSP00000377192	246	39
1857368	9606.ENSP00000370748	165	12
1855093	9606.ENSP00000358765	53.7	5
1858336	9606.ENSP00000379157	108	14
1845960	9606.ENSP00000267622	0.658	2
1853696	9606.ENSP00000351314	30.8	2
1852957	9606.ENSP00000345656	113	5
1848146	9606.ENSP00000300134	5.71	1
1852883	9606.ENSP00000345008	22.9	3
1842812	9606.ENSP00000221114	86.6	2
1852389	9606.ENSP00000340944	12.4	2
1846035	9606.ENSP00000268695	90.7	8
1846231	9606.ENSP00000272167	370	43
1842124	9606.ENSP00000004982	115	2
1858077	9606.ENSP00000376886	940	59
1850213	9606.ENSP00000320176	197	15
1861022	9606.ENSP00000413479	2.75	5
1853177	9606.ENSP00000347495	310	31
1854122	9606.ENSP00000354458	27.2	3
1848527	9606.ENSP00000303423	59.7	3
1843448	9606.ENSP00000237014	4376	115
1857030	9606.ENSP00000368752	119	6
1851181	9606.ENSP00000329748	0.641	1
1854649	9606.ENSP00000356671	1107	114
1846972	9606.ENSP00000285735	573	48
1861666	9606.ENSP00000425809	99.0	13
1852256	9606.ENSP00000339820	138	3
1846664	9606.ENSP00000280326	82.3	12
1848031	9606.ENSP00000299198	358	30
1848336	9606.ENSP00000301776	39.7	2
1847443	9606.ENSP00000293831	304	36
1842583	9606.ENSP00000216330	356	12
1842503	9606.ENSP00000215754	754	23
1854562	9606.ENSP00000356263	19.5	2
1849481	9606.ENSP00000311997	20.9	24
1860849	9606.ENSP00000410452	322	8
1843898	9606.ENSP00000248098	267	10
1848716	9606.ENSP00000305255	23.5	1
1853294	9606.ENSP00000348395	8.18	1
1848964	9606.ENSP00000307513	644	212
1843444	9606.ENSP00000236957	52.1	2
1847722	9606.ENSP00000296412	627	42
1845579	9606.ENSP00000264639	5.13	1
1862287	9606.ENSP00000445077	13.6	2
1847574	9606.ENSP00000295448	108	12
1843712	9606.ENSP00000244336	8.2	1
1842672	9606.ENSP00000217515	33.8	2
1847242	9606.ENSP00000290573	5.6	3
1844162	9606.ENSP00000252804	4.55	2
1861523	9606.ENSP00000421315	17.2	2
1856769	9606.ENSP00000367123	60.2	9
1859873	9606.ENSP00000395535	10.9	1
1842740	9606.ENSP00000219302	54.9	2
1845428	9606.ENSP00000263864	64.0	2
1857286	9606.ENSP00000370194	150	13
1854859	9606.ENSP00000357721	1573	34
1861478	9606.ENSP00000420381	444	45
1855050	9606.ENSP00000358547	21.3	2
1847245	9606.ENSP00000290597	18.3	2
1843635	9606.ENSP00000242607	26.7	1
1854965	9606.ENSP00000358155	2.83	1
1849854	9606.ENSP00000316203	4.69	1
1862334	9606.ENSP00000446714	394	20
1861690	9606.ENSP00000426906	87.0	6
1843701	9606.ENSP00000244137	396	29
1843838	9606.ENSP00000246841	2.25	1
1854304	9606.ENSP00000355124	1.96	3
1846206	9606.ENSP00000271638	632	18
1849068	9606.ENSP00000308413	1.66	1
1854414	9606.ENSP00000355587	16.6	1
1855759	9606.ENSP00000361892	23.2	4
1850612	9606.ENSP00000324105	253	59
1847728	9606.ENSP00000296440	14.8	3
1843197	9606.ENSP00000229319	1863	137
1846053	9606.ENSP00000268933	14.7	4
1856464	9606.ENSP00000365426	76.8	2
1849342	9606.ENSP00000310749	8.11	1
1848191	9606.ENSP00000300574	172	15
1852975	9606.ENSP00000345774	46.2	6
1857297	9606.ENSP00000370254	13.7	3
1844221	9606.ENSP00000253382	9.34	1
1844461	9606.ENSP00000256689	30.5	2
1845046	9606.ENSP00000262033	53.0	2
1842109	9606.ENSP00000000233	462	55
1857983	9606.ENSP00000375977	23.7	4
1842977	9606.ENSP00000223357	44.5	11
1861467	9606.ENSP00000420213	86.2	74
1854610	9606.ENSP00000356481	35.9	8
1850396	9606.ENSP00000321853	229	24
1842551	9606.ENSP00000216129	39.2	6
1852298	9606.ENSP00000340211	63.6	5
1846102	9606.ENSP00000269576	1216	184
1856637	9606.ENSP00000366396	4.22	1
1849517	9606.ENSP00000312304	112	7
1849553	9606.ENSP00000312625	10.6	1
1848760	9606.ENSP00000305692	174	25
1843380	9606.ENSP00000234038	170	17
1847627	9606.ENSP00000295822	262	20
1843109	9606.ENSP00000227322	7.64	1
1854595	9606.ENSP00000356425	25.2	2
1854078	9606.ENSP00000354111	231	7
1842165	9606.ENSP00000011473	916	42
1846523	9606.ENSP00000277120	18.3	3
1851211	9606.ENSP00000330054	3868	310
1856898	9606.ENSP00000367851	67.8	8
1847754	9606.ENSP00000296557	12.3	1
1855550	9606.ENSP00000360843	28.5	3
1860218	9606.ENSP00000400376	54.7	13
1858357	9606.ENSP00000379364	31.5	3
1845053	9606.ENSP00000262061	185	5
1851103	9606.ENSP00000329033	5.69	1
1856198	9606.ENSP00000364016	46.6	4
1857362	9606.ENSP00000370718	19.7	3
1850346	9606.ENSP00000321389	2.83	1
1855016	9606.ENSP00000358417	38.9	4
1850870	9606.ENSP00000326817	80.7	4
1845454	9606.ENSP00000264005	18.2	2
1858470	9606.ENSP00000380378	77.6	8
1847502	9606.ENSP00000294728	159	32
1852523	9606.ENSP00000341940	23.0	2
1849235	9606.ENSP00000309845	194	29
1861539	9606.ENSP00000421725	1521	157
1860141	9606.ENSP00000399168	72.2	13
1845602	9606.ENSP00000264710	401	36
1859618	9606.ENSP00000392094	3.11	2
1845906	9606.ENSP00000266970	13.4	1
1850384	9606.ENSP00000321744	8.07	3
1857158	9606.ENSP00000369456	190	8
1842830	9606.ENSP00000221418	30.3	2
1857438	9606.ENSP00000371230	382	26
1844706	9606.ENSP00000259569	1.74	1
1855683	9606.ENSP00000361536	57.2	3
1860696	9606.ENSP00000407952	182	36
1842615	9606.ENSP00000216714	132	9
1856301	9606.ENSP00000364595	46.5	2
1857313	9606.ENSP00000370376	67.7	4
1848075	9606.ENSP00000299529	2508	80
1848493	9606.ENSP00000303129	32.8	4
1844727	9606.ENSP00000259818	342	167
1844662	9606.ENSP00000259053	10.8	1
1854111	9606.ENSP00000354376	6.79	2
1853527	9606.ENSP00000349977	31.9	7
1843032	9606.ENSP00000225567	10.4	1
1846031	9606.ENSP00000268668	23.2	1
1856956	9606.ENSP00000368237	3.31	1
1842580	9606.ENSP00000216286	40.8	14
1843991	9606.ENSP00000250101	30.3	1
1843869	9606.ENSP00000247470	234	10
1843405	9606.ENSP00000234590	6613	601
1854661	9606.ENSP00000356771	4.71	2
1851003	9606.ENSP00000328178	146	6
1842927	9606.ENSP00000222572	87.7	7
1849271	9606.ENSP00000310208	148	17
1847597	9606.ENSP00000295640	194	38
1853159	9606.ENSP00000347329	3.76	1
1845159	9606.ENSP00000262493	16.0	9
1846439	9606.ENSP00000275300	10.3	1
1843722	9606.ENSP00000244534	155	15
1859870	9606.ENSP00000395473	16.6	5
1857423	9606.ENSP00000371138	915	23
1862843	9606.ENSP00000453785	66.4	9
1844235	9606.ENSP00000253496	16.4	2
1850085	9606.ENSP00000318861	13.1	2
1855572	9606.ENSP00000360968	27.9	3
1849952	9606.ENSP00000317334	103	14
1845535	9606.ENSP00000264381	6.18	1
1849480	9606.ENSP00000311984	63.1	5
1846529	9606.ENSP00000277480	441	20
1863869	9606.ENSP00000464265	515	143
1858122	9606.ENSP00000377372	29.1	1
1862765	9606.ENSP00000451511	0.951	1
1852522	9606.ENSP00000341938	10.4	1
1850048	9606.ENSP00000318415	29.1	3
1846793	9606.ENSP00000282412	86.4	9
1857244	9606.ENSP00000369927	28.3	4
1854014	9606.ENSP00000353660	254	7
1854632	9606.ENSP00000356584	22.2	2
1859748	9606.ENSP00000393845	8.81	3
1845899	9606.ENSP00000266732	17.7	3
