#id: 335
#name: H.sapiens - Milk, SC (Wilhelm,Nature,2014)
#score: 3.96
#weight: 100%
#description: abundance based on Spectral counting, from<a href="http://www.nature.com/nature/journal/v509/n7502/full/nature13319.html" target="_blank">Wilhelm,Nature,2014</a><br/><b>Interaction consistency score</b>: 3.96&nbsp<b>Coverage</b>: 8
#organ: MILK
#integrated: false
#coverage: 8
#publication_year: 2014
#filename: 9606-milk_Wilhelm_2014_Maxquant.txt
#
#internal_id	string_external_id	abundance	raw_spectral_count
1863965	9606.ENSP00000466775	382	4
1849474	9606.ENSP00000311888	22.5	1
1855148	9606.ENSP00000358994	27.4	4
1842517	9606.ENSP00000215885	41.1	2
1858156	9606.ENSP00000377616	20.6	8
1843626	9606.ENSP00000242375	90.4	5
1856008	9606.ENSP00000363001	196	7
1857874	9606.ENSP00000374592	4.93	1
1850804	9606.ENSP00000326219	284	8
1857149	9606.ENSP00000369419	27.7	2
1848245	9606.ENSP00000301072	107	23
1845214	9606.ENSP00000262776	1745	92
1851610	9606.ENSP00000333664	17.6	1
1859401	9606.ENSP00000389103	263	3
1852518	9606.ENSP00000341885	510	18
1856125	9606.ENSP00000363603	84.4	4
1859518	9606.ENSP00000390783	22.0	1
1854706	9606.ENSP00000356988	87.6	4
1857559	9606.ENSP00000372136	58.3	2
1846575	9606.ENSP00000278601	251	3
1855614	9606.ENSP00000361151	19036	838
1860535	9606.ENSP00000405573	288	12
1847964	9606.ENSP00000298492	17.2	1
1846003	9606.ENSP00000268182	57.9	16
1848154	9606.ENSP00000300177	55.8	2
1845339	9606.ENSP00000263368	431	8
1845583	9606.ENSP00000264651	88.2	48
1849874	9606.ENSP00000316482	81.2	2
1853711	9606.ENSP00000351410	47.6	2
1842898	9606.ENSP00000222256	3.85	1
1847662	9606.ENSP00000296026	105	4
1851354	9606.ENSP00000331514	1565	289
1852064	9606.ENSP00000338020	5.36	1
1861233	9606.ENSP00000416561	347	49
1849675	9606.ENSP00000314030	105	5
1845114	9606.ENSP00000262306	37.5	1
1858204	9606.ENSP00000377995	31.4	1
1851419	9606.ENSP00000331983	6.4	1
1844971	9606.ENSP00000261712	101	6
1842673	9606.ENSP00000217652	60.8	2
1854397	9606.ENSP00000355518	51.2	3
1861716	9606.ENSP00000427687	607	24
1854822	9606.ENSP00000357555	884	9
1842992	9606.ENSP00000224073	127	2
1853895	9606.ENSP00000352738	25.8	1
1851504	9606.ENSP00000332706	128	2
1860937	9606.ENSP00000411825	167	17
1850875	9606.ENSP00000326869	21.7	1
1844091	9606.ENSP00000251968	21.7	1
1851096	9606.ENSP00000328973	55.1	1
1850867	9606.ENSP00000326804	9.01	1
1842805	9606.ENSP00000220849	84.4	6
1842823	9606.ENSP00000221283	256	16
1857035	9606.ENSP00000368767	52.8	2
1853814	9606.ENSP00000352208	14.0	4
1847771	9606.ENSP00000296666	27.4	1
1843466	9606.ENSP00000237612	686	37
1844034	9606.ENSP00000251047	511	14
1855086	9606.ENSP00000358737	92.9	3
1855858	9606.ENSP00000362329	558	12
1861487	9606.ENSP00000420487	21.6	3
1847542	9606.ENSP00000295137	623	199
1860790	9606.ENSP00000409382	3.99	3
1846344	9606.ENSP00000273920	188	4
1851252	9606.ENSP00000330389	150	3
1844793	9606.ENSP00000260447	159	2
1846804	9606.ENSP00000282541	4.91	1
1851944	9606.ENSP00000336923	9.18	1
1853651	9606.ENSP00000350937	18.2	1
1851559	9606.ENSP00000333203	108	5
1848810	9606.ENSP00000306117	50.3	2
1857486	9606.ENSP00000371554	346	6
1844747	9606.ENSP00000260010	181	20
1846625	9606.ENSP00000279247	23.7	2
1851881	9606.ENSP00000335632	293	5
1845691	9606.ENSP00000265100	38.7	1
1846187	9606.ENSP00000271308	278	6
1855855	9606.ENSP00000362308	148	2
1843354	9606.ENSP00000233596	61.0	1
1848197	9606.ENSP00000300605	59.6	1
1859684	9606.ENSP00000392995	16.1	1
1848824	9606.ENSP00000306261	4.86	7
1852634	9606.ENSP00000342858	19.8	1
1848742	9606.ENSP00000305529	8.55	2
1858125	9606.ENSP00000377381	101	9
1861786	9606.ENSP00000429301	87.4	1
1855075	9606.ENSP00000358696	6.84	2
1854507	9606.ENSP00000356037	372	21
1847666	9606.ENSP00000296043	3.62	1
1858158	9606.ENSP00000377640	165	2
1853986	9606.ENSP00000353472	25.8	4
1856657	9606.ENSP00000366513	10.2	1
1852245	9606.ENSP00000339740	3.11	1
1850671	9606.ENSP00000324740	6.95	1
1843112	9606.ENSP00000227378	817	55
1842619	9606.ENSP00000216775	1.41	1
1858184	9606.ENSP00000377865	172	3
1842230	9606.ENSP00000056217	3.86	1
1846014	9606.ENSP00000268379	31.4	1
1848151	9606.ENSP00000300161	931	33
1853931	9606.ENSP00000353025	124	4
1843442	9606.ENSP00000236850	2420	81
1845181	9606.ENSP00000262613	1920	71
1856105	9606.ENSP00000363500	244	7
1861603	9606.ENSP00000423665	1.6	2
1855975	9606.ENSP00000362817	17260	258
1857533	9606.ENSP00000371905	36.2	1
1847212	9606.ENSP00000290216	29.8	1
1857211	9606.ENSP00000369736	1218	10
1848801	9606.ENSP00000306010	216	10
1847997	9606.ENSP00000298841	14.6	1
1862885	9606.ENSP00000454437	27.9	2
1862638	9606.ENSP00000449770	106	4
1848244	9606.ENSP00000301071	111	23
1843650	9606.ENSP00000243045	21.7	1
1845020	9606.ENSP00000261890	265	13
1856800	9606.ENSP00000367265	146	10
1851850	9606.ENSP00000335463	0.825	2
1854069	9606.ENSP00000354045	857	103
1853180	9606.ENSP00000347507	0.272	1
1843971	9606.ENSP00000249647	487	13
1842446	9606.ENSP00000207437	87.4	4
1857377	9606.ENSP00000370808	13.7	2
1855051	9606.ENSP00000358548	41.0	4
1861702	9606.ENSP00000427279	423	9
1853098	9606.ENSP00000346839	158	31
1855915	9606.ENSP00000362576	62.9	4
1848939	9606.ENSP00000307260	46.5	3
1844460	9606.ENSP00000256682	573	27
1853064	9606.ENSP00000346550	368	26
1847027	9606.ENSP00000286713	932	29
1844711	9606.ENSP00000259632	43.8	1
1844317	9606.ENSP00000254722	236	10
1843305	9606.ENSP00000231887	45.4	5
1856891	9606.ENSP00000367817	531	29
1852863	9606.ENSP00000344822	646	7
1854629	9606.ENSP00000356574	1042	95
1856392	9606.ENSP00000365012	13.3	2
1853096	9606.ENSP00000346827	2150	95
1845087	9606.ENSP00000262193	300	9
1852730	9606.ENSP00000343690	197	18
1849962	9606.ENSP00000317468	161	3
1853151	9606.ENSP00000347271	263	4
1862001	9606.ENSP00000435412	2.79	1
1842338	9606.ENSP00000181796	356	9
1847255	9606.ENSP00000290776	1.7	1
1843104	9606.ENSP00000227155	61.9	2
1855499	9606.ENSP00000360569	848	48
1848672	9606.ENSP00000304802	25.3	1
1851313	9606.ENSP00000331127	41.6	2
1847654	9606.ENSP00000295971	33.1	1
1844989	9606.ENSP00000261772	80.3	10
1856405	9606.ENSP00000365081	38.8	1
1845209	9606.ENSP00000262752	2.77	1
1843753	9606.ENSP00000245304	13.2	1
1846563	9606.ENSP00000278407	469	24
1844377	9606.ENSP00000255409	19.5	1
1862126	9606.ENSP00000439444	157	12
1854640	9606.ENSP00000356621	4.88	1
1843660	9606.ENSP00000243253	63.5	4
1861633	9606.ENSP00000424707	103	1
1855990	9606.ENSP00000362924	812	43
1853372	9606.ENSP00000348918	140	2
1842671	9606.ENSP00000217456	338	18
1853595	9606.ENSP00000350425	336	21
1842682	9606.ENSP00000217971	162	3
1846635	9606.ENSP00000279477	14.9	3
1852434	9606.ENSP00000341247	8.43	1
1852866	9606.ENSP00000344844	22.4	1
1843439	9606.ENSP00000236671	52.8	4
1849703	9606.ENSP00000314414	15.8	2
1844012	9606.ENSP00000250495	182	3
1853617	9606.ENSP00000350673	303	9
1855878	9606.ENSP00000362399	47.9	3
1848675	9606.ENSP00000304822	49164	706
1859939	9606.ENSP00000396505	930	11
1853007	9606.ENSP00000346045	616	10
1857748	9606.ENSP00000373343	1.55	1
1845249	9606.ENSP00000262947	544	7
1849183	9606.ENSP00000309503	1500	44
1848747	9606.ENSP00000305603	8.16	1
1850035	9606.ENSP00000318297	37.5	2
1856748	9606.ENSP00000366988	45.4	2
1854997	9606.ENSP00000358309	10.9	1
1861189	9606.ENSP00000415941	360	113
1844885	9606.ENSP00000261313	2717	36
1845637	9606.ENSP00000264893	28.4	1
1844129	9606.ENSP00000252491	647	3
1852498	9606.ENSP00000341743	139	2
1842369	9606.ENSP00000196061	28.4	2
1846951	9606.ENSP00000285208	60.2	5
1844470	9606.ENSP00000256854	105	4
1858302	9606.ENSP00000378887	69.3	2
1850113	9606.ENSP00000319096	15.0	1
1858198	9606.ENSP00000377954	12.4	2
1858549	9606.ENSP00000381045	12.3	1
1858681	9606.ENSP00000381992	34.0	2
1852328	9606.ENSP00000340466	275	31
1848044	9606.ENSP00000299300	226	15
1850038	9606.ENSP00000318318	19.0	1
1863592	9606.ENSP00000461295	8.86	1
1858073	9606.ENSP00000376849	6.48	1
1862154	9606.ENSP00000440586	64.8	4
1847224	9606.ENSP00000290349	275	10
1859189	9606.ENSP00000386655	169	8
1844144	9606.ENSP00000252603	209	6
1849488	9606.ENSP00000312042	47.0	6
1862194	9606.ENSP00000441875	44.1	2
1843331	9606.ENSP00000233025	1009	2
1861871	9606.ENSP00000431371	38.6	1
1848987	9606.ENSP00000307706	31.4	1
1846114	9606.ENSP00000269848	85.9	7
1861995	9606.ENSP00000435289	114	1
1847231	9606.ENSP00000290401	41.6	1
1853000	9606.ENSP00000346012	406	9
1846728	9606.ENSP00000281456	13.4	2
1854096	9606.ENSP00000354251	7.67	1
1850327	9606.ENSP00000321259	108	4
1846746	9606.ENSP00000281828	50.0	4
1846064	9606.ENSP00000269122	99.5	20
1858256	9606.ENSP00000378426	60.2	1
1844853	9606.ENSP00000261173	16.2	6
1846009	9606.ENSP00000268261	76.6	2
1846735	9606.ENSP00000281589	52.2	7
1850467	9606.ENSP00000322594	48.9	4
1853944	9606.ENSP00000353099	118	3
1843187	9606.ENSP00000229251	25.6	1
1855221	9606.ENSP00000359345	127	2
1850288	9606.ENSP00000320866	2656	76
1849206	9606.ENSP00000309629	1447	34
1862910	9606.ENSP00000454699	28.3	1
1859355	9606.ENSP00000388566	7.97	1
1855807	9606.ENSP00000362111	93.4	3
1845757	9606.ENSP00000265462	429	12
1863943	9606.ENSP00000466214	124	2
1850828	9606.ENSP00000326381	204	18
1842214	9606.ENSP00000044462	731	16
1848223	9606.ENSP00000300935	397	15
1859481	9606.ENSP00000390158	0.466	1
1844015	9606.ENSP00000250559	117	7
1842741	9606.ENSP00000219313	41.0	2
1845674	9606.ENSP00000265044	166	1
1860678	9606.ENSP00000407724	28.2	3
1861298	9606.ENSP00000417498	342	58
1852305	9606.ENSP00000340278	931	17
1853004	9606.ENSP00000346027	140	1
1849619	9606.ENSP00000313391	17.7	1
1843937	9606.ENSP00000248975	540	17
1843224	9606.ENSP00000229824	21.1	3
1856207	9606.ENSP00000364076	38.0	1
1848473	9606.ENSP00000302936	63.7	2
1849366	9606.ENSP00000310935	142	2
1857216	9606.ENSP00000369757	1424	23
1859771	9606.ENSP00000394071	234	27
1844696	9606.ENSP00000259457	90.3	2
1845951	9606.ENSP00000267512	28.7	4
1856102	9606.ENSP00000363482	2.74	1
1846431	9606.ENSP00000275189	143	13
1853691	9606.ENSP00000351259	2.61	1
1844558	9606.ENSP00000257951	3.72	7
1844387	9606.ENSP00000255674	4.92	2
1843478	9606.ENSP00000238081	484	19
1858179	9606.ENSP00000377833	531	19
1859305	9606.ENSP00000387875	5.17	2
1854141	9606.ENSP00000354532	760	24
1842505	9606.ENSP00000215773	388	9
1843028	9606.ENSP00000225519	72.3	4
1842599	9606.ENSP00000216455	361	11
1852072	9606.ENSP00000338093	7.6	2
1850900	9606.ENSP00000327191	36.7	4
1856131	9606.ENSP00000363638	257	6
1843062	9606.ENSP00000225927	25.1	2
1858063	9606.ENSP00000376793	1570	67
1847208	9606.ENSP00000290158	71.7	6
1853014	9606.ENSP00000346088	774	7
1843077	9606.ENSP00000226218	741	38
1843747	9606.ENSP00000245121	118	7
1849294	9606.ENSP00000310440	421	5
1858123	9606.ENSP00000377374	186	5
1853932	9606.ENSP00000353030	43.9	11
1851031	9606.ENSP00000328359	58.3	2
1845096	9606.ENSP00000262225	199	4
1849907	9606.ENSP00000316809	524	14
1858149	9606.ENSP00000377558	16.1	27
1849273	9606.ENSP00000310219	81.8	13
1857244	9606.ENSP00000369927	53.5	11
1859832	9606.ENSP00000394842	31.3	1
1851254	9606.ENSP00000330408	119	3
1850617	9606.ENSP00000324172	93.1	15
1847374	9606.ENSP00000292644	98.9	6
1855382	9606.ENSP00000360021	1510	12
1851406	9606.ENSP00000331897	169	8
1849627	9606.ENSP00000313454	6.24	1
1851117	9606.ENSP00000329165	18.4	27
1855272	9606.ENSP00000359525	115	4
1857560	9606.ENSP00000372155	909	26
1845362	9606.ENSP00000263519	16.1	6
1855708	9606.ENSP00000361640	69.2	3
1844907	9606.ENSP00000261416	40.8	2
1848963	9606.ENSP00000307508	462	19
1852025	9606.ENSP00000337688	55.9	2
1859942	9606.ENSP00000396527	25.4	2
1845797	9606.ENSP00000265729	81.4	2
1843185	9606.ENSP00000229239	1120	49
1853204	9606.ENSP00000347717	97.1	3
1847604	9606.ENSP00000295685	353	13
1844986	9606.ENSP00000261755	76.8	4
1859748	9606.ENSP00000393845	31.2	4
1849969	9606.ENSP00000317579	24.6	1
1843431	9606.ENSP00000235932	97.0	2
1844921	9606.ENSP00000261483	6.08	1
1854424	9606.ENSP00000355627	96.5	5
1860562	9606.ENSP00000405926	120	7
1845368	9606.ENSP00000263574	4.77	1
1847772	9606.ENSP00000296674	116	1
1850702	9606.ENSP00000325002	92.6	10
1847940	9606.ENSP00000298248	80.7	4
1855657	9606.ENSP00000361383	1081	16
1856150	9606.ENSP00000363745	10.9	2
1848617	9606.ENSP00000304236	6034	163
1846716	9606.ENSP00000281243	61.5	2
1843580	9606.ENSP00000240851	54.7	2
1861432	9606.ENSP00000419628	114	3
1859600	9606.ENSP00000391826	30.7	1
1846079	9606.ENSP00000269243	11.7	8
1843340	9606.ENSP00000233143	3436	7
1852037	9606.ENSP00000337761	10.4	3
1849232	9606.ENSP00000309830	1530	7
1852748	9606.ENSP00000343867	54.3	1
1858972	9606.ENSP00000384700	2.75	2
1844013	9606.ENSP00000250498	629	7
1862707	9606.ENSP00000450560	56.9	7
1842726	9606.ENSP00000219169	46.2	1
1858105	9606.ENSP00000377148	71.3	6
1855881	9606.ENSP00000362409	57.8	5
1863114	9606.ENSP00000457299	208	9
1845121	9606.ENSP00000262352	23.9	1
1842831	9606.ENSP00000221419	21.8	1
1852848	9606.ENSP00000344683	48.1	3
1849816	9606.ENSP00000315757	142	16
1851755	9606.ENSP00000334738	160	5
1860451	9606.ENSP00000404042	72.2	2
1856191	9606.ENSP00000363988	81.7	16
1852251	9606.ENSP00000339795	637	15
1853058	9606.ENSP00000346483	380	7
1852736	9606.ENSP00000343742	102	3
1858295	9606.ENSP00000378786	92.6	2
1848906	9606.ENSP00000307014	9.56	8
1855084	9606.ENSP00000358727	323	8
1845429	9606.ENSP00000263867	117	3
1851574	9606.ENSP00000333326	39.1	11
1852304	9606.ENSP00000340274	13.2	1
1857558	9606.ENSP00000372126	58.3	2
1863897	9606.ENSP00000464814	50.8	2
1843407	9606.ENSP00000234677	71.0	4
1843830	9606.ENSP00000246662	7060	403
1856790	9606.ENSP00000367208	42.0	2
1852972	9606.ENSP00000345771	9.8	2
1861848	9606.ENSP00000430706	673	16
1842374	9606.ENSP00000196551	563	15
1853492	9606.ENSP00000349770	4.49	2
1857259	9606.ENSP00000370007	2749	5
1858170	9606.ENSP00000377778	63.5	1
1844605	9606.ENSP00000258424	63.1	1
1849263	9606.ENSP00000310129	123	11
1843718	9606.ENSP00000244513	10040	547
1856140	9606.ENSP00000363676	545	12
1860725	9606.ENSP00000408526	24.6	1
1846239	9606.ENSP00000272233	153	5
1845475	9606.ENSP00000264071	46.0	10
1858579	9606.ENSP00000381237	21.1	1
1854079	9606.ENSP00000354125	60.3	5
1861812	9606.ENSP00000429931	37.4	1
1850586	9606.ENSP00000323856	2.98	4
1858928	9606.ENSP00000384296	25.2	3
1850707	9606.ENSP00000325074	9.7	1
1844077	9606.ENSP00000251645	17.8	27
1856350	9606.ENSP00000364801	89.3	18
1852819	9606.ENSP00000344460	18.6	1
1851691	9606.ENSP00000334188	38.3	1
1843448	9606.ENSP00000237014	2673	25
1845192	9606.ENSP00000262646	292	13
1855892	9606.ENSP00000362463	142	2
1861438	9606.ENSP00000419751	14.1	1
1849251	9606.ENSP00000310040	26.0	1
1853486	9606.ENSP00000349722	38.4	1
1862121	9606.ENSP00000439189	137	92
1847018	9606.ENSP00000286548	94.6	4
1844866	9606.ENSP00000261211	1.62	2
1847848	9606.ENSP00000297283	107	8
1855679	9606.ENSP00000361512	9.92	1
1843595	9606.ENSP00000241337	8.29	1
1842641	9606.ENSP00000217133	7.76	4
1843319	9606.ENSP00000232564	70.8	9
1856118	9606.ENSP00000363559	36.3	1
1852618	9606.ENSP00000342710	410	97
1848998	9606.ENSP00000307786	101	1
1857065	9606.ENSP00000368959	278	3
1847637	9606.ENSP00000295897	37198	2183
1846532	9606.ENSP00000277517	18.0	1
1842913	9606.ENSP00000222381	96.0	4
1848830	9606.ENSP00000306330	524	18
1846467	9606.ENSP00000276052	1.56	2
1861922	9606.ENSP00000432799	64.2	2
1846309	9606.ENSP00000273283	24.2	2
1860200	9606.ENSP00000400088	2.16	2
1844127	9606.ENSP00000252486	1624	63
1856896	9606.ENSP00000367841	229	2
1850907	9606.ENSP00000327255	18.6	2
1848809	9606.ENSP00000306106	137	2
1850234	9606.ENSP00000320324	14.3	3
1852326	9606.ENSP00000340463	336	4
1854021	9606.ENSP00000353701	101	7
1853081	9606.ENSP00000346671	6.58	1
1861765	9606.ENSP00000428924	15.1	2
1847405	9606.ENSP00000293328	38.8	7
1855325	9606.ENSP00000359698	108	9
1843041	9606.ENSP00000225665	39.3	1
1860122	9606.ENSP00000398880	0.867	2
1855516	9606.ENSP00000360671	37.4	3
1853254	9606.ENSP00000348068	4976	194
1855856	9606.ENSP00000362314	102	1
1844604	9606.ENSP00000258418	21.7	1
1845668	9606.ENSP00000265023	309	18
1844834	9606.ENSP00000260967	2.21	2
1842489	9606.ENSP00000215567	564	12
1859702	9606.ENSP00000393241	659	12
1842954	9606.ENSP00000223029	74.0	2
1844465	9606.ENSP00000256733	40.2	1
1843120	9606.ENSP00000227525	100.0	2
1856213	9606.ENSP00000364119	186	8
1854631	9606.ENSP00000356581	11.6	1
1854230	9606.ENSP00000354841	333	7
1855989	9606.ENSP00000362918	26.5	1
1845497	9606.ENSP00000264187	15.8	2
1848620	9606.ENSP00000304283	156	11
1846449	9606.ENSP00000275603	160	10
1842478	9606.ENSP00000215071	137	5
1847869	9606.ENSP00000297439	156	1
1846991	9606.ENSP00000286063	7.99	1
1850793	9606.ENSP00000326042	73.3	18
1852056	9606.ENSP00000337950	180	2
1861960	9606.ENSP00000434142	56.0	1
1859666	9606.ENSP00000392718	85.2	74
1858664	9606.ENSP00000381844	18.5	1
1847089	9606.ENSP00000287814	155	3
1845324	9606.ENSP00000263273	551	42
1851571	9606.ENSP00000333298	27.4	1
1853189	9606.ENSP00000347596	51.1	3
1846162	9606.ENSP00000270586	159	4
1846350	9606.ENSP00000273986	33.3	1
1861828	9606.ENSP00000430269	40.2	3
1844348	9606.ENSP00000255030	68.3	1
1851905	9606.ENSP00000336666	83.4	1
1859413	9606.ENSP00000389252	104	8
1846337	9606.ENSP00000273814	9.04	1
1842799	9606.ENSP00000220763	21.2	1
1859755	9606.ENSP00000393887	1664	28
1856784	9606.ENSP00000367196	1098	12
1855068	9606.ENSP00000358635	52.6	5
1847834	9606.ENSP00000297185	9.56	1
1856305	9606.ENSP00000364613	12.9	1
1843840	9606.ENSP00000246891	64324	898
1854857	9606.ENSP00000357708	114	1
1852028	9606.ENSP00000337701	24.6	1
1852858	9606.ENSP00000344789	24.8	12
1854853	9606.ENSP00000357692	982	13
1846497	9606.ENSP00000276461	20.7	2
1863857	9606.ENSP00000464149	144	20
1856977	9606.ENSP00000368391	483	8
1847296	9606.ENSP00000291568	1249	12
1850564	9606.ENSP00000323645	11.8	1
1844139	9606.ENSP00000252593	42.8	1
1843190	9606.ENSP00000229268	19.8	2
1849761	9606.ENSP00000315130	4427	194
1848476	9606.ENSP00000302961	46.0	7
1858412	9606.ENSP00000379888	447	9
1845569	9606.ENSP00000264595	70.5	2
1855527	9606.ENSP00000360718	3.79	1
1847685	9606.ENSP00000296137	3.51	2
1843535	9606.ENSP00000239761	965	309
1847998	9606.ENSP00000298852	69.2	4
1850033	9606.ENSP00000318270	25.8	2
1842516	9606.ENSP00000215882	22.6	1
1850474	9606.ENSP00000322706	13.6	1
1849679	9606.ENSP00000314067	4.77	1
1862038	9606.ENSP00000436585	37.7	2
1843632	9606.ENSP00000242577	207	4
1851922	9606.ENSP00000336762	899	12
1843591	9606.ENSP00000241261	202	6
1851928	9606.ENSP00000336799	117	24
1846376	9606.ENSP00000274341	13.2	1
1848093	9606.ENSP00000299705	39.1	1
1862972	9606.ENSP00000455547	33.7	2
1844920	9606.ENSP00000261479	224	7
1843265	9606.ENSP00000230771	7.49	1
1855862	9606.ENSP00000362335	686	18
1848034	9606.ENSP00000299218	26.8	5
1844111	9606.ENSP00000252242	1173	123
1842666	9606.ENSP00000217426	239	12
1848190	9606.ENSP00000300571	163	3
1842290	9606.ENSP00000164139	41.9	14
1842884	9606.ENSP00000222120	172	5
1849191	9606.ENSP00000309539	548	35
1851713	9606.ENSP00000334373	26.3	1
1852669	9606.ENSP00000343199	21.7	2
1860940	9606.ENSP00000411904	1.46	1
1854428	9606.ENSP00000355645	620	199
1843124	9606.ENSP00000227667	274	3
1843461	9606.ENSP00000237500	60.8	2
1851910	9606.ENSP00000336712	4.23	1
1847859	9606.ENSP00000297350	162	9
1847659	9606.ENSP00000295992	21.7	1
1852214	9606.ENSP00000339399	13.4	1
1861311	9606.ENSP00000417653	19.9	1
1847216	9606.ENSP00000290271	187	5
1857969	9606.ENSP00000375857	80.9	5
1853070	9606.ENSP00000346598	332	15
1858249	9606.ENSP00000378368	61.8	4
1847409	9606.ENSP00000293371	2457	16
1843781	9606.ENSP00000245907	1854	332
1847222	9606.ENSP00000290332	7.14	2
1862740	9606.ENSP00000451112	973	19
1847444	9606.ENSP00000293842	142	3
1845694	9606.ENSP00000265112	104	12
1855997	9606.ENSP00000362946	331	10
1852778	9606.ENSP00000344166	36.8	6
1847996	9606.ENSP00000298838	16.9	1
1849837	9606.ENSP00000316029	11.7	3
1847350	9606.ENSP00000292401	3474	102
1849171	9606.ENSP00000309415	254	5
1844763	9606.ENSP00000260197	6.59	2
1848465	9606.ENSP00000302886	222	13
1847478	9606.ENSP00000294338	891	5
1853724	9606.ENSP00000351503	16.7	1
1848170	9606.ENSP00000300289	1302	72
1859165	9606.ENSP00000386443	127	6
1845491	9606.ENSP00000264161	128	9
1844150	9606.ENSP00000252675	8.56	1
1844229	9606.ENSP00000253452	86.0	2
1853012	9606.ENSP00000346067	376	16
1847732	9606.ENSP00000296456	76.5	4
1851814	9606.ENSP00000335153	816	99
1856414	9606.ENSP00000365147	45.5	2
1853753	9606.ENSP00000351684	12.6	3
1848681	9606.ENSP00000304891	13.1	1
1844998	9606.ENSP00000261811	918	3
1853181	9606.ENSP00000347532	21.6	2
1858750	9606.ENSP00000382595	110	5
1850780	9606.ENSP00000325875	787	83
1847605	9606.ENSP00000295688	189	12
1845999	9606.ENSP00000268150	7075	381
1850169	9606.ENSP00000319664	21.7	1
1855868	9606.ENSP00000362361	2.63	2
1860306	9606.ENSP00000401802	22.0	1
1851154	9606.ENSP00000329471	49.8	2
1843108	9606.ENSP00000227266	14.6	1
1843538	9606.ENSP00000239878	706	4
1851318	9606.ENSP00000331201	29.7	1
1854029	9606.ENSP00000353741	15.3	1
1848483	9606.ENSP00000303057	157	6
1857164	9606.ENSP00000369500	97.9	2
1844690	9606.ENSP00000259396	603	25
1849729	9606.ENSP00000314733	234	6
1856838	9606.ENSP00000367462	1830	40
1855316	9606.ENSP00000359675	405	4
1851945	9606.ENSP00000336927	2691	130
1862027	9606.ENSP00000436337	6.38	4
1842411	9606.ENSP00000203407	44.1	3
1853363	9606.ENSP00000348849	246	2
1843808	9606.ENSP00000246151	24.0	1
1855744	9606.ENSP00000361824	6.0	2
1853942	9606.ENSP00000353094	321	11
1847965	9606.ENSP00000298510	89.2	3
1852312	9606.ENSP00000340305	78.2	6
1861274	9606.ENSP00000417185	14.4	1
1854577	9606.ENSP00000356348	427	6
1842933	9606.ENSP00000222673	9.45	1
1856490	9606.ENSP00000365567	97.6	4
1849949	9606.ENSP00000317331	486	7
1848806	9606.ENSP00000306099	167	10
1851393	9606.ENSP00000331787	269	6
1843868	9606.ENSP00000247461	452	18
1849179	9606.ENSP00000309474	23.0	3
1853397	9606.ENSP00000349142	138	4
1855083	9606.ENSP00000358719	47.5	3
1843701	9606.ENSP00000244137	40.9	2
1850446	9606.ENSP00000322419	1351	11
1859061	9606.ENSP00000385721	53.5	7
1852043	9606.ENSP00000337838	71.4	6
1847700	9606.ENSP00000296255	381	23
1842498	9606.ENSP00000215727	61.4	4
1848238	9606.ENSP00000301046	129568	1435
1857791	9606.ENSP00000373713	35.5	3
1843540	9606.ENSP00000239891	58.3	1
1852107	9606.ENSP00000338413	235	28
1845473	9606.ENSP00000264059	330	10
1855932	9606.ENSP00000362638	424	4
1860374	9606.ENSP00000402914	519	4
1858287	9606.ENSP00000378720	36.2	6
1854958	9606.ENSP00000358140	6.98	1
1849381	9606.ENSP00000311121	83.9	4
1842583	9606.ENSP00000216330	165	3
1847596	9606.ENSP00000295633	523	22
1861789	9606.ENSP00000429374	1536	14
1857277	9606.ENSP00000370115	43.7	2
1856574	9606.ENSP00000366098	54.1	1
1842222	9606.ENSP00000053867	40.5	2
1861248	9606.ENSP00000416892	90.0	5
1853663	9606.ENSP00000351049	22.8	1
1853438	9606.ENSP00000349428	10.7	1
1860116	9606.ENSP00000398803	435	16
1855365	9606.ENSP00000359910	248	9
1859193	9606.ENSP00000386717	277	3
1859618	9606.ENSP00000392094	12.3	3
1844453	9606.ENSP00000256594	7.75	1
1845167	9606.ENSP00000262544	34.7	3
1842815	9606.ENSP00000221138	9.89	1
1853572	9606.ENSP00000350310	15.7	6
1856817	9606.ENSP00000367355	21.7	1
1853532	9606.ENSP00000350012	389	25
1850064	9606.ENSP00000318635	56.6	2
1844902	9606.ENSP00000261401	11.0	1
1861643	9606.ENSP00000424870	194	2
1862475	9606.ENSP00000448035	111	5
1844882	9606.ENSP00000261303	90.6	6
1846994	9606.ENSP00000286091	283	21
1855312	9606.ENSP00000359664	180	8
1849997	9606.ENSP00000317955	1.96	1
1859324	9606.ENSP00000388107	1801	96
1848944	9606.ENSP00000307280	85.3	3
1843098	9606.ENSP00000226796	191	10
1848909	9606.ENSP00000307046	425	8
1845235	9606.ENSP00000262890	198	6
1843977	9606.ENSP00000249822	40.3	1
1858393	9606.ENSP00000379691	7.19	1
1849517	9606.ENSP00000312304	43.1	2
1851127	9606.ENSP00000329243	73.8	12
1862989	9606.ENSP00000455744	86.3	4
1856081	9606.ENSP00000363392	113	2
1844399	9606.ENSP00000256001	37.9	5
1856500	9606.ENSP00000365630	3.09	3
1845084	9606.ENSP00000262187	258	3
1851261	9606.ENSP00000330484	207	41
1857167	9606.ENSP00000369519	132	7
1854707	9606.ENSP00000356989	92.8	2
1849017	9606.ENSP00000307889	2233	39
1861343	9606.ENSP00000418082	258	2
1843739	9606.ENSP00000244763	31.4	1
1851070	9606.ENSP00000328729	282	5
1842871	9606.ENSP00000221957	3853	149
1862492	9606.ENSP00000448220	98.5	46
1850823	9606.ENSP00000326342	55.0	2
1845171	9606.ENSP00000262554	35.3	2
1862361	9606.ENSP00000447001	2068	28
1852156	9606.ENSP00000338934	615	51
1850524	9606.ENSP00000323199	434	3
1846880	9606.ENSP00000284031	411	18
1842611	9606.ENSP00000216554	44.6	2
1848423	9606.ENSP00000302578	20.1	1
1854884	9606.ENSP00000357794	1.53	2
1843499	9606.ENSP00000238738	55.5	4
1856522	9606.ENSP00000365759	74.3	6
1855491	9606.ENSP00000360532	20.1	2
1846137	9606.ENSP00000270221	52.9	2
1844227	9606.ENSP00000253413	89.1	3
1853110	9606.ENSP00000346954	420	4
1846509	9606.ENSP00000276651	3.86	1
1849982	9606.ENSP00000317780	102	3
1860955	9606.ENSP00000412189	34.1	3
1846224	9606.ENSP00000272102	573	27
1853018	9606.ENSP00000346130	422	3
1857466	9606.ENSP00000371420	37.2	2
1862712	9606.ENSP00000450635	36.8	6
1846379	9606.ENSP00000274364	4.91	1
1843719	9606.ENSP00000244519	39.4	10
1847228	9606.ENSP00000290378	620	199
1845105	9606.ENSP00000262290	278	24
1862935	9606.ENSP00000455047	7.43	1
1858199	9606.ENSP00000377958	163	11
1851760	9606.ENSP00000334801	158	5
1853318	9606.ENSP00000348578	21.3	1
1842631	9606.ENSP00000216962	356	45
1842225	9606.ENSP00000054668	105	2
1854202	9606.ENSP00000354722	72.5	2
1852406	9606.ENSP00000341044	197	65
1847770	9606.ENSP00000296658	40.5	1
1861659	9606.ENSP00000425561	84.4	2
1850738	9606.ENSP00000325448	69.9	5
1861955	9606.ENSP00000433967	42.3	9
1845697	9606.ENSP00000265132	337	11
1849591	9606.ENSP00000313007	90.2	11
1843133	9606.ENSP00000228251	102	3
1851432	9606.ENSP00000332124	965	309
1845556	9606.ENSP00000264474	84.3	1
1845799	9606.ENSP00000265734	2.37	2
1843297	9606.ENSP00000231572	41.0	3
1859106	9606.ENSP00000386156	144	3
1846662	9606.ENSP00000280258	26.7	1
1859079	9606.ENSP00000385916	39.6	2
1843191	9606.ENSP00000229270	1503	58
1855385	9606.ENSP00000360034	408	15
1861281	9606.ENSP00000417257	12.9	2
1848279	9606.ENSP00000301329	425	12
1861323	9606.ENSP00000417748	20.0	1
1843253	9606.ENSP00000230431	152	3
1854349	9606.ENSP00000355315	3742	2
1849130	9606.ENSP00000308938	266	23
1857170	9606.ENSP00000369538	810	58
1855402	9606.ENSP00000360141	32.7	2
1847933	9606.ENSP00000298159	157	8
1860049	9606.ENSP00000398131	7.76	1
1862158	9606.ENSP00000440698	2022	24
1851299	9606.ENSP00000330945	260	8
1862762	9606.ENSP00000451451	63.2	4
1854758	9606.ENSP00000357177	2.08	1
1856057	9606.ENSP00000363298	60.6	3
1843266	9606.ENSP00000230792	12.1	1
1850680	9606.ENSP00000324804	69.9	4
1851010	9606.ENSP00000328216	133	1
1849490	9606.ENSP00000312066	149	7
1849220	9606.ENSP00000309757	1085	44
1860745	9606.ENSP00000408910	111	6
1861827	9606.ENSP00000430242	16.3	1
1854720	9606.ENSP00000357048	70.5	10
1853015	9606.ENSP00000346103	367	9
1852706	9606.ENSP00000343505	73.5	4
1852428	9606.ENSP00000341208	52.5	9
1863674	9606.ENSP00000462023	118	4
1846244	9606.ENSP00000272317	1907	99
1858461	9606.ENSP00000380318	95.8	4
1854799	9606.ENSP00000357429	1772	21
1844433	9606.ENSP00000256433	44.1	1
1848306	9606.ENSP00000301522	921	16
1857765	9606.ENSP00000373487	29.9	28
1849411	9606.ENSP00000311364	980	3
1849943	9606.ENSP00000317271	77.6	1
1856920	9606.ENSP00000367991	18.1	1
1847389	9606.ENSP00000293190	1.67	1
1859389	9606.ENSP00000388996	12.3	2
1848092	9606.ENSP00000299698	14.6	7
1856355	9606.ENSP00000364815	37.8	6
1845761	9606.ENSP00000265498	473	3
1849396	9606.ENSP00000311245	118	1
1845575	9606.ENSP00000264613	270	31
1851638	9606.ENSP00000333873	191	7
1862289	9606.ENSP00000445175	103	12
1860530	9606.ENSP00000405455	1032	46
1846560	9606.ENSP00000278353	664	16
1847431	9606.ENSP00000293745	15.1	9
1857297	9606.ENSP00000370254	59.8	11
1845538	9606.ENSP00000264389	47.3	3
1857471	9606.ENSP00000371472	14.5	8
1852905	9606.ENSP00000345179	2287	44
1855883	9606.ENSP00000362413	1875	85
1858057	9606.ENSP00000376758	58.6	1
1850177	9606.ENSP00000319730	266	8
1842424	9606.ENSP00000205061	7.79	1
1851914	9606.ENSP00000336725	11.0	2
1860287	9606.ENSP00000401508	31.8	2
1859711	9606.ENSP00000393316	125	3
1845750	9606.ENSP00000265431	15.8	1
1853493	9606.ENSP00000349773	495	1
1846176	9606.ENSP00000270792	500	3
1851141	9606.ENSP00000329374	25.8	2
1842705	9606.ENSP00000218388	786	15
1850611	9606.ENSP00000324101	112	2
1845146	9606.ENSP00000262442	1.27	1
1846710	9606.ENSP00000281154	4.66	1
1863973	9606.ENSP00000467024	30.8	2
1843003	9606.ENSP00000224784	620	199
1855955	9606.ENSP00000362744	476	20
1842504	9606.ENSP00000215770	197	7
1844250	9606.ENSP00000253792	447	72
1861216	9606.ENSP00000416250	110	4
1847944	9606.ENSP00000298283	73.1	3
1860667	9606.ENSP00000407509	5.68	1
1842662	9606.ENSP00000217402	402	9
1856711	9606.ENSP00000366819	56.2	1
1851135	9606.ENSP00000329312	128	5
1859716	9606.ENSP00000393379	6.96	3
1844122	9606.ENSP00000252455	229	10
1851933	9606.ENSP00000336831	6.66	2
1847746	9606.ENSP00000296511	643	24
1842987	9606.ENSP00000223641	742	6
1850543	9606.ENSP00000323421	5.94	1
1846213	9606.ENSP00000271732	38.1	1
1859399	9606.ENSP00000389087	29.1	2
1843031	9606.ENSP00000225550	23.3	27
1860016	9606.ENSP00000397582	166	35
1846927	9606.ENSP00000284811	206	3
1842810	9606.ENSP00000220966	28.9	1
1849395	9606.ENSP00000311224	18.9	2
1852771	9606.ENSP00000344106	30.8	3
1852147	9606.ENSP00000338814	11.4	1
1854929	9606.ENSP00000357981	387	16
1844837	9606.ENSP00000260985	1098	45
1856955	9606.ENSP00000368226	40.0	3
1853976	9606.ENSP00000353408	563	47
1854474	9606.ENSP00000355895	64.0	2
1862152	9606.ENSP00000440485	64.3	2
1850202	9606.ENSP00000320043	147	4
1853296	9606.ENSP00000348429	12.4	2
1856022	9606.ENSP00000363071	1.28	1
1861936	9606.ENSP00000433427	78.4	2
1844446	9606.ENSP00000256538	24.3	1
1857091	9606.ENSP00000369081	173	7
1851668	9606.ENSP00000334052	14.0	1
1856719	9606.ENSP00000366863	15.4	2
1842964	9606.ENSP00000223136	161	2
1848318	9606.ENSP00000301656	547	166
1862706	9606.ENSP00000450554	180	5
1850067	9606.ENSP00000318650	560	12
1852549	9606.ENSP00000342082	136	2
1859291	9606.ENSP00000387654	218	11
1854701	9606.ENSP00000356969	1468	19
1843861	9606.ENSP00000247207	107	16
1849079	9606.ENSP00000308540	15.3	2
1852314	9606.ENSP00000340329	27.6	1
1842349	9606.ENSP00000185206	7.74	2
1845100	9606.ENSP00000262262	69.6	2
1858312	9606.ENSP00000379003	552	1
1859420	9606.ENSP00000389338	25.2	3
1854790	9606.ENSP00000357380	1981	54
1844877	9606.ENSP00000261267	25936	348
1843473	9606.ENSP00000237858	1455	10
1852902	9606.ENSP00000345156	779	11
1848680	9606.ENSP00000304858	21.7	1
1857387	9606.ENSP00000370883	11.7	4
1853860	9606.ENSP00000352522	34.0	2
1849027	9606.ENSP00000308012	5.55	1
1855120	9606.ENSP00000358866	7.66	9
1857369	9606.ENSP00000370750	334	13
1862013	9606.ENSP00000435777	570	8
1857087	9606.ENSP00000369055	1869	46
1842623	9606.ENSP00000216802	616	20
1842319	9606.ENSP00000173527	37.1	1
1843621	9606.ENSP00000242285	670	6
1845104	9606.ENSP00000262288	174	6
1853384	9606.ENSP00000349016	37.4	1
1858246	9606.ENSP00000378360	17.3	1
1859555	9606.ENSP00000391397	31.4	1
1843219	9606.ENSP00000229758	22.9	1
1856310	9606.ENSP00000364635	54.5	3
1845501	9606.ENSP00000264202	505	18
1855774	9606.ENSP00000361949	20.0	4
1849274	9606.ENSP00000310226	595	19
1845923	9606.ENSP00000267119	8.11	7
1848019	9606.ENSP00000299138	20.7	2
1846327	9606.ENSP00000273550	104	3
1852830	9606.ENSP00000344547	309	2
1854982	9606.ENSP00000358224	154	12
1843797	9606.ENSP00000246069	1026	25
1842952	9606.ENSP00000223023	26.0	1
1857846	9606.ENSP00000374332	155	4
1852861	9606.ENSP00000344818	242	96
1849535	9606.ENSP00000312435	114	9
1844927	9606.ENSP00000261507	225	3
1842994	9606.ENSP00000224181	74.3	2
1858320	9606.ENSP00000379051	52.9	1
1845710	9606.ENSP00000265195	283	13
1852852	9606.ENSP00000344742	13.8	1
1858217	9606.ENSP00000378161	217	3
1843624	9606.ENSP00000242338	42.0	1
1858614	9606.ENSP00000381504	138	4
1858252	9606.ENSP00000378408	208	11
1844542	9606.ENSP00000257857	236	4
1849567	9606.ENSP00000312700	248	35
1850087	9606.ENSP00000318868	648	32
1844789	9606.ENSP00000260408	51.2	3
1845390	9606.ENSP00000263672	360	7
1846043	9606.ENSP00000268766	15.0	3
1859965	9606.ENSP00000396774	30.8	2
1843299	9606.ENSP00000231668	26.8	1
1847801	9606.ENSP00000296869	3.95	1
1844341	9606.ENSP00000254950	6.61	1
1848128	9606.ENSP00000300060	26.7	3
1848037	9606.ENSP00000299259	18.0	1
1853302	9606.ENSP00000348461	358	17
1855747	9606.ENSP00000361845	25.1	1
1856198	9606.ENSP00000364016	76.8	3
1844113	9606.ENSP00000252245	42.2	26
1845250	9606.ENSP00000262948	82.0	4
1846651	9606.ENSP00000280097	163	4
1857473	9606.ENSP00000371483	180	8
1850070	9606.ENSP00000318687	23.6	3
1852628	9606.ENSP00000342830	386	36
1852647	9606.ENSP00000343000	329	8
1862912	9606.ENSP00000454746	260	8
1845800	9606.ENSP00000265741	1.96	2
1845219	9606.ENSP00000262812	214	5
1843081	9606.ENSP00000226253	82.8	17
1853120	9606.ENSP00000347032	42.5	2
1843051	9606.ENSP00000225777	63.3	1
1857242	9606.ENSP00000369915	184	5
1842503	9606.ENSP00000215754	1120	11
1843211	9606.ENSP00000229563	106	1
1852441	9606.ENSP00000341289	115	19
1861260	9606.ENSP00000417052	640	8
1855971	9606.ENSP00000362803	160	2
1856937	9606.ENSP00000368119	42.7	2
1844419	9606.ENSP00000256319	118	2
1854689	9606.ENSP00000356918	110	3
1850411	9606.ENSP00000322061	115	11
1855522	9606.ENSP00000360688	29.4	1
1847631	9606.ENSP00000295878	82.2	11
1847043	9606.ENSP00000286955	7.31	1
1849863	9606.ENSP00000316333	17.8	1
1851909	9606.ENSP00000336702	517	16
1853629	9606.ENSP00000350757	50.1	1
1859243	9606.ENSP00000387123	346	19
1864009	9606.ENSP00000468367	42.3	5
1848340	9606.ENSP00000301825	197	10
1848614	9606.ENSP00000304229	221	3
1856133	9606.ENSP00000363641	478	8
1852297	9606.ENSP00000340210	3658	50
1848229	9606.ENSP00000301012	194	7
1842974	9606.ENSP00000223321	86.3	4
1850385	9606.ENSP00000321746	60.9	4
1853440	9606.ENSP00000349436	16.3	1
1863209	9606.ENSP00000458307	43.7	1
1843066	9606.ENSP00000225972	125	4
1846765	9606.ENSP00000282050	273	16
1847757	9606.ENSP00000296577	64.2	4
1842112	9606.ENSP00000001008	550	24
1851932	9606.ENSP00000336829	184	12
1860567	9606.ENSP00000405965	93.2	2
1858987	9606.ENSP00000384863	7.82	1
1846699	9606.ENSP00000281031	34.4	1
1857982	9606.ENSP00000375975	43.3	1
1857440	9606.ENSP00000371236	13.3	2
1851365	9606.ENSP00000331602	24.6	2
1843983	9606.ENSP00000249923	40.3	5
1852550	9606.ENSP00000342087	99.7	2
1844152	9606.ENSP00000252699	423	73
1844999	9606.ENSP00000261813	62.4	1
1845847	9606.ENSP00000266041	113	13
1852117	9606.ENSP00000338562	746	13
1847798	9606.ENSP00000296859	6.46	1
1853722	9606.ENSP00000351492	239	2
1843403	9606.ENSP00000234454	28.9	1
1857102	9606.ENSP00000369146	27.0	1
1849864	9606.ENSP00000316338	33.0	3
1855488	9606.ENSP00000360519	161	3
1843915	9606.ENSP00000248553	2448	56
1854169	9606.ENSP00000354610	153	34
1861362	9606.ENSP00000418529	67.1	3
1846167	9606.ENSP00000270625	346	7
1849314	9606.ENSP00000310573	410	131
1849021	9606.ENSP00000307940	1001	98
1844190	9606.ENSP00000253039	117	9
1844543	9606.ENSP00000257860	1.29	1
1844187	9606.ENSP00000253023	49.1	1
1847284	9606.ENSP00000291481	7.95	1
1857083	9606.ENSP00000369038	41.0	2
1847721	9606.ENSP00000296411	51.4	3
1855225	9606.ENSP00000359364	30.2	1
1844600	9606.ENSP00000258412	85.6	1
1851730	9606.ENSP00000334499	12.7	1
1844184	9606.ENSP00000253003	135	3
1858903	9606.ENSP00000384144	191	21
1853980	9606.ENSP00000353444	239	8
1861952	9606.ENSP00000433821	836	27
1858102	9606.ENSP00000377083	491	59
1855140	9606.ENSP00000358955	9.93	1
1861440	9606.ENSP00000419782	2.41	2
1864285	9606.ENSP00000470004	455	8
1858520	9606.ENSP00000380869	140	9
1856168	9606.ENSP00000363832	117	34
1844948	9606.ENSP00000261601	54.8	3
1857062	9606.ENSP00000368927	152	3
1854992	9606.ENSP00000358283	49.2	6
1854902	9606.ENSP00000357861	1911	124
1845493	9606.ENSP00000264167	155	10
1845725	9606.ENSP00000265333	214	6
1849852	9606.ENSP00000316176	132	4
1852892	9606.ENSP00000345079	555	9
1862080	9606.ENSP00000438144	1206	30
1845043	9606.ENSP00000262030	289	13
1856225	9606.ENSP00000364188	75.8	3
1851218	9606.ENSP00000330101	151	84
1842858	9606.ENSP00000221740	148	5
1853445	9606.ENSP00000349467	173	8
1843749	9606.ENSP00000245185	31.4	1
1845337	9606.ENSP00000263354	361	13
1856856	9606.ENSP00000367615	603	15
1863119	9606.ENSP00000457386	171	1
1846673	9606.ENSP00000280551	11.7	1
1842233	9606.ENSP00000058691	66.9	2
1842925	9606.ENSP00000222553	829	67
1842174	9606.ENSP00000013034	687	27
1843024	9606.ENSP00000225430	2088	23
1847441	9606.ENSP00000293826	63.2	4
1845374	9606.ENSP00000263598	135	2
1855535	9606.ENSP00000360776	269	13
1861732	9606.ENSP00000428209	101	6
1846958	9606.ENSP00000285379	111	3
1854187	9606.ENSP00000354676	105	1
1859610	9606.ENSP00000391944	375	18
1842180	9606.ENSP00000014930	354	7
1852006	9606.ENSP00000337463	91.7	2
1843587	9606.ENSP00000241052	226	12
1860701	9606.ENSP00000408005	78.9	4
1858343	9606.ENSP00000379213	2216	23
1861264	9606.ENSP00000417085	25.1	2
1846040	9606.ENSP00000268717	33.8	2
1843430	9606.ENSP00000235835	253	5
1844988	9606.ENSP00000261769	81.2	5
1853001	9606.ENSP00000346015	288	4
1844266	9606.ENSP00000254043	132	84
1848447	9606.ENSP00000302768	16.0	1
1852162	9606.ENSP00000339001	99.9	18
1853226	9606.ENSP00000347872	458	14
1863825	9606.ENSP00000463847	76.0	2
1842429	9606.ENSP00000205402	55.6	3
1856921	9606.ENSP00000367992	398	9
1842474	9606.ENSP00000212355	33.8	3
1845052	9606.ENSP00000262056	66.7	2
1852307	9606.ENSP00000340281	9.11	1
1862604	9606.ENSP00000449428	7.67	1
1861270	9606.ENSP00000417175	42.1	1
1844060	9606.ENSP00000251453	1022	17
1854290	9606.ENSP00000355060	8.21	1
1854390	9606.ENSP00000355493	33.9	2
1855889	9606.ENSP00000362456	194	4
1846175	9606.ENSP00000270776	1187	54
1852845	9606.ENSP00000344666	4.98	2
1842604	9606.ENSP00000216484	4.67	1
1855197	9606.ENSP00000359233	35.1	3
1843157	9606.ENSP00000228740	60.2	4
1849713	9606.ENSP00000314508	38.7	3
1858247	9606.ENSP00000378364	21.5	1
1854135	9606.ENSP00000354511	339	6
1846318	9606.ENSP00000273368	81.4	4
1844744	9606.ENSP00000259988	640	12
1854262	9606.ENSP00000354947	138	7
1858318	9606.ENSP00000379042	116	5
1855861	9606.ENSP00000362334	247	5
1847471	9606.ENSP00000294189	1583	8
1864297	9606.ENSP00000470059	26.5	2
1857012	9606.ENSP00000368646	348	13
1856531	9606.ENSP00000365817	27.2	4
1855200	9606.ENSP00000359240	3.14	1
1846573	9606.ENSP00000278568	5.06	1
1847220	9606.ENSP00000290299	17.2	1
1858100	9606.ENSP00000377078	148	3
1844020	9606.ENSP00000250784	107	9
1846042	9606.ENSP00000268720	1.3	1
1858878	9606.ENSP00000383894	34.9	1
1853343	9606.ENSP00000348762	314	28
1846518	9606.ENSP00000276914	9159	359
1850962	9606.ENSP00000327801	1696	91
1859328	9606.ENSP00000388169	138	5
1856162	9606.ENSP00000363807	118	1
1847457	9606.ENSP00000293970	32.7	3
1843953	9606.ENSP00000249269	6.56	1
1857999	9606.ENSP00000376176	96.8	2
1856519	9606.ENSP00000365745	65.2	4
1844454	9606.ENSP00000256637	41.7	4
1844759	9606.ENSP00000260130	670	12
1857219	9606.ENSP00000369784	1.72	1
1856037	9606.ENSP00000363162	237	3
1848717	9606.ENSP00000305260	72.0	9
1861183	9606.ENSP00000415840	19.9	2
1852991	9606.ENSP00000345957	597	6
1847111	9606.ENSP00000288111	457	16
1859260	9606.ENSP00000387286	572	22
1853873	9606.ENSP00000352606	380	14
1862243	9606.ENSP00000443189	935	11
1853282	9606.ENSP00000348307	93.3	7
1845906	9606.ENSP00000266970	2.18	2
1842339	9606.ENSP00000181839	0.734	2
1849910	9606.ENSP00000316854	316	3
1858477	9606.ENSP00000380453	13.3	1
1842267	9606.ENSP00000157812	169	11
1853523	9606.ENSP00000349960	1805	296
1861358	9606.ENSP00000418447	9.89	1
1849666	9606.ENSP00000313921	22.8	1
1842159	9606.ENSP00000009180	782	7
1842460	9606.ENSP00000210313	26.7	2
1847225	9606.ENSP00000290354	38.8	2
1850365	9606.ENSP00000321584	56.4	2
1843060	9606.ENSP00000225899	17.9	27
1861915	9606.ENSP00000432614	35.6	1
1843228	9606.ENSP00000229922	7.02	1
1856128	9606.ENSP00000363621	577	17
1852496	9606.ENSP00000341730	365	5
1861450	9606.ENSP00000419970	32.1	3
1847344	9606.ENSP00000292327	74.6	3
1849549	9606.ENSP00000312606	440	24
1844568	9606.ENSP00000258091	198	12
1857064	9606.ENSP00000368952	20.3	2
1858718	9606.ENSP00000382274	12.0	4
1858457	9606.ENSP00000380308	141	5
1852241	9606.ENSP00000339720	223	3
1854472	9606.ENSP00000355890	55.6	11
1844076	9606.ENSP00000251643	48.4	29
1858776	9606.ENSP00000382840	11.4	2
1863911	9606.ENSP00000465194	44.1	1
1850747	9606.ENSP00000325548	1925	96
1849038	9606.ENSP00000308165	1026	36
1842638	9606.ENSP00000217121	132	4
1853349	9606.ENSP00000348786	172	8
1855442	9606.ENSP00000360281	19.0	1
1847239	9606.ENSP00000290541	409	8
1853269	9606.ENSP00000348170	1930	116
1860537	9606.ENSP00000405575	61.7	2
1854735	9606.ENSP00000357087	62.0	2
1845805	9606.ENSP00000265773	11.2	5
1853432	9606.ENSP00000349364	12.8	1
1853297	9606.ENSP00000348442	49.1	3
1856112	9606.ENSP00000363524	4.99	2
1844777	9606.ENSP00000260324	4.91	1
1844404	9606.ENSP00000256078	49.0	4
1855171	9606.ENSP00000359096	207	41
1862138	9606.ENSP00000440045	8.32	1
1850657	9606.ENSP00000324573	7.2	1
1844431	9606.ENSP00000256412	25.0	1
1859839	9606.ENSP00000394936	440	20
1843931	9606.ENSP00000248923	105	10
1855511	9606.ENSP00000360644	28.7	1
1844499	9606.ENSP00000257264	927	23
1845744	9606.ENSP00000265395	212	6
1858250	9606.ENSP00000378394	276	14
1846291	9606.ENSP00000273047	117	6
1857430	9606.ENSP00000371193	27.8	1
1849775	9606.ENSP00000315299	5.21	1
1843367	9606.ENSP00000233809	2883	86
1853192	9606.ENSP00000347626	21.3	1
1853077	9606.ENSP00000346635	10.0	1
1846820	9606.ENSP00000282878	3.47	1
1854590	9606.ENSP00000356399	112	15
1856557	9606.ENSP00000365991	70.4	4
1854360	9606.ENSP00000355361	43.9	1
1860799	9606.ENSP00000409581	102	4
1863798	9606.ENSP00000463483	20.6	8
1848494	9606.ENSP00000303145	410	10
1858078	9606.ENSP00000376889	453	31
1843494	9606.ENSP00000238651	16.6	2
1858931	9606.ENSP00000384330	0.274	1
1847260	9606.ENSP00000290866	81.5	22
1854643	9606.ENSP00000356632	163	1
1845803	9606.ENSP00000265753	179	4
1853462	9606.ENSP00000349576	62.7	1
1849826	9606.ENSP00000315925	122	5
1848791	9606.ENSP00000305958	206	12
1845836	9606.ENSP00000265983	518	17
1857565	9606.ENSP00000372192	82.2	1
1845950	9606.ENSP00000267502	9.9	1
1848653	9606.ENSP00000304592	4581	1287
1846086	9606.ENSP00000269349	31.4	3
1844156	9606.ENSP00000252729	29.1	1
1850624	9606.ENSP00000324205	102	9
1844108	9606.ENSP00000252172	0.271	1
1853586	9606.ENSP00000350378	71.5	1
1861989	9606.ENSP00000435096	505	6
1842630	9606.ENSP00000216951	352	21
1850590	9606.ENSP00000323879	46.1	1
1847300	9606.ENSP00000291577	33.0	1
1854837	9606.ENSP00000357624	304	6
1850229	9606.ENSP00000320295	12.2	5
1852786	9606.ENSP00000344223	12.6	1
1844651	9606.ENSP00000258960	50.2	2
1842566	9606.ENSP00000216218	240	6
1844629	9606.ENSP00000258739	49.8	2
1842163	9606.ENSP00000010404	1517	15
1851612	9606.ENSP00000333667	10.8	1
1854209	9606.ENSP00000354739	891	13
1858231	9606.ENSP00000378295	43.8	4
1848799	9606.ENSP00000305995	254	23
1855566	9606.ENSP00000360939	796	21
1849313	9606.ENSP00000310572	108	8
1856212	9606.ENSP00000364114	36.0	2
1847035	9606.ENSP00000286788	157	13
1846972	9606.ENSP00000285735	568	19
1844578	9606.ENSP00000258198	27.4	1
1850084	9606.ENSP00000318852	68.0	3
1843234	9606.ENSP00000230050	896	14
1843147	9606.ENSP00000228506	334	8
1857860	9606.ENSP00000374455	21.4	1
1842791	9606.ENSP00000220584	93.7	6
1844740	9606.ENSP00000259951	6.77	1
1853757	9606.ENSP00000351706	4.83	1
1849102	9606.ENSP00000308720	86.8	1
1858474	9606.ENSP00000380427	26.6	4
1857202	9606.ENSP00000369689	67.4	1
1848361	9606.ENSP00000302021	50.6	1
1846030	9606.ENSP00000268661	102	10
1858438	9606.ENSP00000380156	921	15
1845878	9606.ENSP00000266542	28.3	1
1854120	9606.ENSP00000354451	12.2	7
1854000	9606.ENSP00000353575	16.4	1
1855683	9606.ENSP00000361536	60.5	1
1847020	9606.ENSP00000286614	54.4	3
1861377	9606.ENSP00000418744	10.9	1
1854078	9606.ENSP00000354111	318	3
1852999	9606.ENSP00000346001	860	34
1843485	9606.ENSP00000238497	32.9	2
1845293	9606.ENSP00000263126	55.4	11
1853819	9606.ENSP00000352248	5.59	1
1859549	9606.ENSP00000391266	93.2	2
1846581	9606.ENSP00000278742	25.6	2
1843738	9606.ENSP00000244751	1.49	1
1854025	9606.ENSP00000353731	27.1	3
1848911	9606.ENSP00000307078	47.1	8
1843872	9606.ENSP00000247665	479	5
1853781	9606.ENSP00000351926	3.78	1
1849440	9606.ENSP00000311572	26.9	1
1846322	9606.ENSP00000273398	10.9	1
1860210	9606.ENSP00000400175	1532	35
1842981	9606.ENSP00000223369	224	6
1861242	9606.ENSP00000416706	294	95
1842224	9606.ENSP00000054666	97.1	1
1842879	9606.ENSP00000222005	258	8
1843040	9606.ENSP00000225655	1117	23
1846243	9606.ENSP00000272298	173	8
1858211	9606.ENSP00000378130	155	11
1849071	9606.ENSP00000308452	349	92
1850028	9606.ENSP00000318197	72.4	17
1852542	9606.ENSP00000342026	899	24
1844452	9606.ENSP00000256593	9.4	1
1848928	9606.ENSP00000307188	67.2	5
1864786	9606.ENSP00000472469	821	6
1845389	9606.ENSP00000263671	3562	154
1861839	9606.ENSP00000430487	3.42	1
1844136	9606.ENSP00000252543	1461	11
1844678	9606.ENSP00000259253	30.5	5
1853847	9606.ENSP00000352438	99.0	11
1843348	9606.ENSP00000233379	26.7	1
1856378	9606.ENSP00000364943	168	6
1843175	9606.ENSP00000228938	210	3
1847683	9606.ENSP00000296130	210	3
1853804	9606.ENSP00000352157	7.42	1
1845602	9606.ENSP00000264710	167	7
1849375	9606.ENSP00000311032	91.9	3
1858283	9606.ENSP00000378699	2.19	2
1854704	9606.ENSP00000356982	85.7	1
1855704	9606.ENSP00000361626	26.8	1
1858040	9606.ENSP00000376506	37.0	1
1853003	9606.ENSP00000346022	33.8	1
1855963	9606.ENSP00000362773	70.4	1
1844908	9606.ENSP00000261427	35.2	1
1854416	9606.ENSP00000355599	182	6
1861467	9606.ENSP00000420213	141	56
1845770	9606.ENSP00000265563	39.1	3
1861079	9606.ENSP00000414359	513	20
1849303	9606.ENSP00000310491	28.5	2
1862118	9606.ENSP00000439146	154	12
1854817	9606.ENSP00000357516	309	13
1849469	9606.ENSP00000311847	87.5	1
1853378	9606.ENSP00000348965	48.4	31
1857299	9606.ENSP00000370258	50.5	8
1855460	9606.ENSP00000360366	54.7	3
1851450	9606.ENSP00000332256	537	28
1853853	9606.ENSP00000352458	36.6	1
1854791	9606.ENSP00000357384	316	3
1856351	9606.ENSP00000364802	89.3	18
1860874	9606.ENSP00000410833	19.9	1
1853627	9606.ENSP00000350720	10.9	5
1859683	9606.ENSP00000392985	217	7
1852403	9606.ENSP00000341030	27216	376
1848800	9606.ENSP00000306003	73.6	1
1843087	9606.ENSP00000226355	82.1	5
1861013	9606.ENSP00000413234	3.84	1
1851030	9606.ENSP00000328358	69.5	28
1845705	9606.ENSP00000265171	287	36
1862204	9606.ENSP00000442050	120	7
1845677	9606.ENSP00000265062	453	13
1849140	9606.ENSP00000309092	108	4
1853009	9606.ENSP00000346050	1170	36
1843327	9606.ENSP00000232905	93.0	2
1852595	9606.ENSP00000342445	71.3	1
1856345	9606.ENSP00000364782	102	5
1857811	9606.ENSP00000373918	49.3	4
1842482	9606.ENSP00000215375	66.4	1
1848718	9606.ENSP00000305263	380	165
1844249	9606.ENSP00000253788	934	10
1845755	9606.ENSP00000265447	41.6	3
1847481	9606.ENSP00000294360	83.6	1
1847272	9606.ENSP00000291009	796	15
1843215	9606.ENSP00000229633	175	3
1842892	9606.ENSP00000222219	44.2	1
1842499	9606.ENSP00000215730	32.4	1
1849180	9606.ENSP00000309477	312	28
1844155	9606.ENSP00000252725	20.5	1
1853177	9606.ENSP00000347495	302	14
1845013	9606.ENSP00000261875	19.8	1
1846686	9606.ENSP00000280706	62.5	10
1851245	9606.ENSP00000330343	113	2
1842377	9606.ENSP00000198765	96.3	5
1846084	9606.ENSP00000269321	2781	24
1855840	9606.ENSP00000362249	1072	21
1842635	9606.ENSP00000217073	9.3	2
1862262	9606.ENSP00000443989	154	12
1851758	9606.ENSP00000334798	311	118
1852633	9606.ENSP00000342850	17.4	1
1846238	9606.ENSP00000272227	798	29
1842781	9606.ENSP00000220325	96.9	8
1850232	9606.ENSP00000320309	101	5
1859151	9606.ENSP00000386341	58.5	7
1843203	9606.ENSP00000229340	76.8	3
1855709	9606.ENSP00000361642	107	4
1847166	9606.ENSP00000289361	33.5	10
1861691	9606.ENSP00000426909	665	25
1843138	9606.ENSP00000228318	31.0	1
1857027	9606.ENSP00000368727	6884	825
1845296	9606.ENSP00000263168	44.3	4
1844248	9606.ENSP00000253778	24.7	4
1853623	9606.ENSP00000350708	333	11
1847107	9606.ENSP00000288071	12.9	1
1848311	9606.ENSP00000301587	45.2	1
1845462	9606.ENSP00000264028	30.3	2
1860749	9606.ENSP00000408979	6.62	3
1856593	9606.ENSP00000366225	46.2	2
1842995	9606.ENSP00000224237	1.21	1
1859339	9606.ENSP00000388293	209	3
1860470	9606.ENSP00000404375	137	8
1851596	9606.ENSP00000333551	271	8
1844114	9606.ENSP00000252250	238	101
1848251	9606.ENSP00000301149	50.8	3
1844078	9606.ENSP00000251646	16.8	27
1862636	9606.ENSP00000449751	81.1	1
1848835	9606.ENSP00000306361	424	31
1858137	9606.ENSP00000377470	354	18
1845355	9606.ENSP00000263413	17.0	2
1851941	9606.ENSP00000336888	44.8	3
1843237	9606.ENSP00000230085	46.2	1
1852707	9606.ENSP00000343507	24.5	1
1844334	9606.ENSP00000254878	170	2
1861891	9606.ENSP00000431872	1606	18
1853478	9606.ENSP00000349687	58.8	1
1854883	9606.ENSP00000357791	118	19
1849456	9606.ENSP00000311713	26.0	1
1857267	9606.ENSP00000370055	44.8	1
1852962	9606.ENSP00000345689	287	11
1853048	9606.ENSP00000346402	304	16
1849174	9606.ENSP00000309431	19.7	9
1848876	9606.ENSP00000306752	41.6	2
1850255	9606.ENSP00000320516	32.8	4
1853008	9606.ENSP00000346046	616	10
1861415	9606.ENSP00000419395	17.1	1
1844729	9606.ENSP00000259870	42.6	1
1848205	9606.ENSP00000300688	69.5	1
1853645	9606.ENSP00000350894	41.6	2
1854045	9606.ENSP00000353864	4.0	1
1846307	9606.ENSP00000273258	329	3
1845423	9606.ENSP00000263847	84.6	6
1847391	9606.ENSP00000293217	12.3	1
1861331	9606.ENSP00000417901	70.6	7
1857763	9606.ENSP00000373477	357	6
1861710	9606.ENSP00000427463	123	2
1852482	9606.ENSP00000341637	15.2	1
1853909	9606.ENSP00000352852	63.7	1
1843269	9606.ENSP00000230895	289	4
1849801	9606.ENSP00000315630	12.2	1
1855504	9606.ENSP00000360597	25.1	1
1850366	9606.ENSP00000321606	38.8	8
1851078	9606.ENSP00000328808	17.6	9
1857866	9606.ENSP00000374507	3.7	1
1853389	9606.ENSP00000349078	232	7
1853005	9606.ENSP00000346032	866	44
1851181	9606.ENSP00000329748	1.56	1
1852565	9606.ENSP00000342181	14.2	1
1853237	9606.ENSP00000347933	36.6	1
1856460	9606.ENSP00000365402	41.9	5
1862256	9606.ENSP00000443772	57.7	1
1856899	9606.ENSP00000367869	191	11
1845287	9606.ENSP00000263100	505	15
1842800	9606.ENSP00000220764	27.6	1
1843834	9606.ENSP00000246792	168	5
1844615	9606.ENSP00000258494	21.4	6
1855921	9606.ENSP00000362608	21.4	1
1854426	9606.ENSP00000355632	15.5	1
1855378	9606.ENSP00000359991	438	15
1862817	9606.ENSP00000452780	2873	33
1862032	9606.ENSP00000436455	1738	84
1844198	9606.ENSP00000253108	22.5	1
1859071	9606.ENSP00000385834	1022	108
1844972	9606.ENSP00000261714	19.0	1
1854155	9606.ENSP00000354575	89.2	6
1858485	9606.ENSP00000380514	89.8	3
1843820	9606.ENSP00000246533	90.6	2
1852479	9606.ENSP00000341597	16.7	1
1858162	9606.ENSP00000377696	270	8
1855208	9606.ENSP00000359297	36.4	2
1842894	9606.ENSP00000222247	782	14
1862779	9606.ENSP00000451792	21.8	1
1860280	9606.ENSP00000401450	858	17
1849150	9606.ENSP00000309148	1046	24
1843949	9606.ENSP00000249071	160	10
1860739	9606.ENSP00000408730	183	4
1853366	9606.ENSP00000348888	12907	1020
1846727	9606.ENSP00000281455	337	23
1843463	9606.ENSP00000237530	314	11
1862192	9606.ENSP00000441828	526	44
1848744	9606.ENSP00000305556	185	14
1843084	9606.ENSP00000226299	410	24
1848935	9606.ENSP00000307240	9.03	8
1862767	9606.ENSP00000451560	9.0	5
1852481	9606.ENSP00000341625	1074	10
1850893	9606.ENSP00000327116	7.08	2
1858269	9606.ENSP00000378517	6420	120
1846789	9606.ENSP00000282382	58.5	7
1855278	9606.ENSP00000359539	24.2	1
1843372	9606.ENSP00000233893	319	4
1849423	9606.ENSP00000311449	284	11
1855707	9606.ENSP00000361636	6.46	1
1844196	9606.ENSP00000253083	13.4	2
1850212	9606.ENSP00000320171	466	23
1849897	9606.ENSP00000316729	19.7	3
1849373	9606.ENSP00000311028	2181	17
1846811	9606.ENSP00000282633	2.54	1
1842904	9606.ENSP00000222286	58.9	8
1855782	9606.ENSP00000362010	171	9
1859957	9606.ENSP00000396688	334	109
1845311	9606.ENSP00000263238	246	14
1861878	9606.ENSP00000431482	77.2	3
1846469	9606.ENSP00000276062	58.0	1
1843106	9606.ENSP00000227251	152	3
1847379	9606.ENSP00000292807	49.5	3
1852173	9606.ENSP00000339095	334	8
1863853	9606.ENSP00000464100	167	1
1851806	9606.ENSP00000335082	12.2	1
1847080	9606.ENSP00000287667	12.0	4
1857124	9606.ENSP00000369317	238	101
1852917	9606.ENSP00000345282	37.7	4
1847087	9606.ENSP00000287766	17.2	1
1842128	9606.ENSP00000005257	222	7
1856010	9606.ENSP00000363018	414	8
1846443	9606.ENSP00000275428	144	3
1852250	9606.ENSP00000339787	29.3	2
1850046	9606.ENSP00000318406	7.96	1
1858444	9606.ENSP00000380184	21.9	1
1854824	9606.ENSP00000357564	135	7
1862025	9606.ENSP00000436318	38.2	1
1863130	9606.ENSP00000457539	17.5	2
1858066	9606.ENSP00000376800	925	8
1854895	9606.ENSP00000357835	186	4
1855173	9606.ENSP00000359100	207	41
1861509	9606.ENSP00000420939	229	9
1858354	9606.ENSP00000379339	538	4
1857250	9606.ENSP00000369965	177	1
1848662	9606.ENSP00000304697	748	96
1860871	9606.ENSP00000410815	178	49
1844326	9606.ENSP00000254806	92.9	2
1856352	9606.ENSP00000364805	29.6	9
1844573	9606.ENSP00000258123	18.9	2
1845960	9606.ENSP00000267622	7.16	2
1842433	9606.ENSP00000205948	1521	36
1848914	9606.ENSP00000307096	624	16
1848521	9606.ENSP00000303356	891	26
1849166	9606.ENSP00000309334	562	12
1857096	9606.ENSP00000369129	2.61	1
1861468	9606.ENSP00000420227	32.5	4
1860649	9606.ENSP00000407182	4.42	1
1853912	9606.ENSP00000352918	66.3	1
1844594	9606.ENSP00000258390	1.33	1
1853289	9606.ENSP00000348380	19.2	1
1842645	9606.ENSP00000217182	840	71
1848670	9606.ENSP00000304782	76.3	2
1853891	9606.ENSP00000352706	12.4	1
1853437	9606.ENSP00000349415	940	26
1843038	9606.ENSP00000225614	41.9	2
1846264	9606.ENSP00000272519	409	10
1858384	9606.ENSP00000379616	0.288	1
1848210	9606.ENSP00000300747	40.5	10
1844979	9606.ENSP00000261735	708	15
1846653	9606.ENSP00000280154	143	6
1842985	9606.ENSP00000223500	210	2
1854092	9606.ENSP00000354219	81.2	8
1842988	9606.ENSP00000223642	12.2	2
1844414	9606.ENSP00000256196	76.0	2
1855399	9606.ENSP00000360124	929	55
1849268	9606.ENSP00000310189	27.4	1
1856332	9606.ENSP00000364721	32.6	1
1854562	9606.ENSP00000356263	57.5	3
1854905	9606.ENSP00000357879	206	5
1861168	9606.ENSP00000415635	10.4	1
1844074	9606.ENSP00000251636	6.13	1
1845042	9606.ENSP00000262027	42.9	4
1861905	9606.ENSP00000432279	321	3
1845680	9606.ENSP00000265070	99.3	3
1847279	9606.ENSP00000291295	173	8
1858506	9606.ENSP00000380702	79.5	1
1862217	9606.ENSP00000442365	22.3	1
1860446	9606.ENSP00000404011	13.1	8
1843761	9606.ENSP00000245503	0.274	1
1843994	9606.ENSP00000250124	144	2
1854861	9606.ENSP00000357727	183	3
1842461	9606.ENSP00000210444	176	6
1846869	9606.ENSP00000283871	15.9	1
1853405	9606.ENSP00000349174	105	2
1849571	9606.ENSP00000312734	92.6	8
1851807	9606.ENSP00000335083	10.4	1
1858807	9606.ENSP00000383168	81.2	10
1851956	9606.ENSP00000337053	11.9	1
1850719	9606.ENSP00000325240	607	18
1850651	9606.ENSP00000324549	7.94	1
1846554	9606.ENSP00000278222	568	9
1855757	9606.ENSP00000361878	381	22
1848411	9606.ENSP00000302486	75.5	4
1857423	9606.ENSP00000371138	967	8
1858792	9606.ENSP00000382982	73.3	18
1856324	9606.ENSP00000364691	1.45	1
1858216	9606.ENSP00000378160	926	10
1845059	9606.ENSP00000262094	10.5	3
1846936	9606.ENSP00000284981	33.1	3
1857503	9606.ENSP00000371715	1233	23
1850749	9606.ENSP00000325562	119	1
1854437	9606.ENSP00000355689	30.9	1
1855296	9606.ENSP00000359594	35.3	3
1856175	9606.ENSP00000363891	9.61	1
1850713	9606.ENSP00000325136	16.4	1
1847783	9606.ENSP00000296754	77.2	7
1860029	9606.ENSP00000397843	1052	3
1844551	9606.ENSP00000257904	2.59	2
1854551	9606.ENSP00000356218	29.8	1
1857095	9606.ENSP00000369127	96.7	4
1853228	9606.ENSP00000347890	9.84	1
1843563	9606.ENSP00000240343	207	4
1854489	9606.ENSP00000355955	66.5	1
1844324	9606.ENSP00000254801	2333	48
1846627	9606.ENSP00000279263	49.2	1
1853766	9606.ENSP00000351777	572	53
1853420	9606.ENSP00000349297	13.4	1
1845208	9606.ENSP00000262746	1789	34
1850599	9606.ENSP00000323929	63.4	13
1845252	9606.ENSP00000262958	13.6	1
1852952	9606.ENSP00000345575	22.5	1
1856087	9606.ENSP00000363411	107	1
1853541	9606.ENSP00000350052	104	87
1860845	9606.ENSP00000410403	6.86	3
1855029	9606.ENSP00000358470	32.6	1
1854858	9606.ENSP00000357711	67.6	1
1845696	9606.ENSP00000265131	182	47
1842301	9606.ENSP00000167588	13.0	8
1850897	9606.ENSP00000327145	8.01	9
1844115	9606.ENSP00000252252	563	139
1859774	9606.ENSP00000394107	18.0	1
1853089	9606.ENSP00000346762	410	47
1861867	9606.ENSP00000431254	5447	110
1845353	9606.ENSP00000263408	96.9	5
1849707	9606.ENSP00000314458	584	10
1847627	9606.ENSP00000295822	250	9
1854179	9606.ENSP00000354649	108	4
1861855	9606.ENSP00000431049	257	7
1845973	9606.ENSP00000267884	60.2	1
1844285	9606.ENSP00000254301	311	5
1849891	9606.ENSP00000316664	54.4	2
1857491	9606.ENSP00000371594	163	2
1854730	9606.ENSP00000357075	405	15
1845230	9606.ENSP00000262873	0.257	1
1853315	9606.ENSP00000348565	180	6
1854402	9606.ENSP00000355537	59.8	18
1847404	9606.ENSP00000293308	133	43
1861420	9606.ENSP00000419449	93.0	2
1843912	9606.ENSP00000248437	53.5	14
1845095	9606.ENSP00000262219	8.28	1
1842679	9606.ENSP00000217958	79.9	1
1863176	9606.ENSP00000458075	20.1	1
1852166	9606.ENSP00000339027	607	15
1861371	9606.ENSP00000418707	6.53	1
1846489	9606.ENSP00000276390	7.81	1
1854329	9606.ENSP00000355217	21.6	1
1852377	9606.ENSP00000340864	39.5	1
1852793	9606.ENSP00000344259	487	7
1858193	9606.ENSP00000377941	343	67
1846132	9606.ENSP00000270142	1191	8
1846688	9606.ENSP00000280756	111	2
1848121	9606.ENSP00000300026	2272	45
1861324	9606.ENSP00000417763	43.9	1
1854763	9606.ENSP00000357204	1337	17
1848848	9606.ENSP00000306477	80.2	4
1855943	9606.ENSP00000362688	17.5	1
1851050	9606.ENSP00000328521	313	6
1855972	9606.ENSP00000362807	206	4
1850072	9606.ENSP00000318697	29.4	5
1858997	9606.ENSP00000384900	21.0	2
1861418	9606.ENSP00000419425	3154	50
1856869	9606.ENSP00000367697	28.6	1
1856558	9606.ENSP00000366005	67.7	7
1844112	9606.ENSP00000252244	9315	749
1847903	9606.ENSP00000297785	318	14
1850118	9606.ENSP00000319141	233	3
1848102	9606.ENSP00000299767	1340	121
1846269	9606.ENSP00000272610	29.9	1
1859499	9606.ENSP00000390500	18.9	1
1845628	9606.ENSP00000264832	37.6	2
1849080	9606.ENSP00000308541	293	15
1847048	9606.ENSP00000287038	1174	14
1843827	9606.ENSP00000246635	242	80
1854108	9606.ENSP00000354347	322	29
1850618	9606.ENSP00000324173	1191	68
1852130	9606.ENSP00000338703	1950	95
1844415	9606.ENSP00000256246	5.85	5
1842558	9606.ENSP00000216181	37.3	15
1857955	9606.ENSP00000375730	458	7
1844750	9606.ENSP00000260056	15.6	1
1864926	9606.ENSP00000473172	34.8	2
1858553	9606.ENSP00000381081	624	16
1845175	9606.ENSP00000262584	2157	32
1853178	9606.ENSP00000347498	5.44	1
1850450	9606.ENSP00000322439	43.3	3
1854111	9606.ENSP00000354376	141	6
1850218	9606.ENSP00000320209	1122	18
1856787	9606.ENSP00000367202	10.1	1
1859634	9606.ENSP00000392330	529	16
1857206	9606.ENSP00000369703	47.5	14
1862335	9606.ENSP00000446743	20.7	2
1854932	9606.ENSP00000357998	11.1	1
1856192	9606.ENSP00000363993	39.8	1
1861022	9606.ENSP00000413479	72.3	41
1846470	9606.ENSP00000276066	10.6	3
1848430	9606.ENSP00000302621	992	37
1858678	9606.ENSP00000381968	5.28	1
1853991	9606.ENSP00000353508	4.86	1
1857461	9606.ENSP00000371393	62.5	4
1852164	9606.ENSP00000339007	32.7	1
1843934	9606.ENSP00000248935	229	3
1844322	9606.ENSP00000254770	46.5	2
1852912	9606.ENSP00000345230	380	14
1852102	9606.ENSP00000338358	51.7	2
1846311	9606.ENSP00000273308	28.2	2
1843303	9606.ENSP00000231751	41546	4045
1861661	9606.ENSP00000425634	77.4	5
1856686	9606.ENSP00000366662	895	21
1848317	9606.ENSP00000301653	518	209
1845584	9606.ENSP00000264657	11.4	1
1860439	9606.ENSP00000403936	367	19
1843785	9606.ENSP00000245932	178	6
1845382	9606.ENSP00000263645	1518	17
1856276	9606.ENSP00000364475	97.4	4
1854684	9606.ENSP00000356903	22.6	1
1854241	9606.ENSP00000354876	46.8	1
1858704	9606.ENSP00000382178	8.43	1
1849018	9606.ENSP00000307900	30.1	1
1847843	9606.ENSP00000297265	15.1	1
1843345	9606.ENSP00000233242	467	278
1854589	9606.ENSP00000356395	28.9	1
1853681	9606.ENSP00000351190	8.79	1
1851624	9606.ENSP00000333769	50.2	2
1858329	9606.ENSP00000379110	181	5
1857030	9606.ENSP00000368752	40.3	1
1842591	9606.ENSP00000216392	71.0	17
1842264	9606.ENSP00000156626	94.6	9
1853346	9606.ENSP00000348775	28.4	3
1859034	9606.ENSP00000385432	318	12
1847132	9606.ENSP00000288666	115	10
1847961	9606.ENSP00000298428	32.5	3
1848467	9606.ENSP00000302896	541	10
1858011	9606.ENSP00000376268	11.7	1
1843192	9606.ENSP00000229277	124	11
1844483	9606.ENSP00000256999	35.9	3
1845126	9606.ENSP00000262374	18.4	1
1853556	9606.ENSP00000350199	26.4	3
1846685	9606.ENSP00000280704	62.0	10
1854887	9606.ENSP00000357799	129	1
1858108	9606.ENSP00000377192	58.7	5
1852121	9606.ENSP00000338607	202	5
1856272	9606.ENSP00000364448	6.73	1
1847885	9606.ENSP00000297564	223	2
1843162	9606.ENSP00000228825	285	5
1858598	9606.ENSP00000381412	3.54	1
1861507	9606.ENSP00000420914	119	9
1859569	9606.ENSP00000391490	163	4
1859718	9606.ENSP00000393393	477	5
1859747	9606.ENSP00000393840	52.7	1
1843022	9606.ENSP00000225426	280	5
1853477	9606.ENSP00000349679	63.7	2
1862804	9606.ENSP00000452521	28.2	1
1842535	9606.ENSP00000216038	57.0	3
1845791	9606.ENSP00000265717	59.3	3
1842568	9606.ENSP00000216225	252	1
1844953	9606.ENSP00000261636	40.5	1
1859522	9606.ENSP00000390849	33.6	1
1861531	9606.ENSP00000421566	34.7	2
1848295	9606.ENSP00000301455	232	8
1850938	9606.ENSP00000327583	55.4	1
1843188	9606.ENSP00000229264	49.1	6
1845149	9606.ENSP00000262455	307	14
1846913	9606.ENSP00000284551	33.9	10
1854610	9606.ENSP00000356481	10.9	1
1858257	9606.ENSP00000378430	631	2
1861356	9606.ENSP00000418401	227	5
1859791	9606.ENSP00000394316	54.5	3
1859428	9606.ENSP00000389465	118	4
1856126	9606.ENSP00000363614	59.5	2
1846222	9606.ENSP00000272065	82.4	2
1855743	9606.ENSP00000361818	311	7
1862087	9606.ENSP00000438262	9.19	1
1857282	9606.ENSP00000370129	43.1	8
1852220	9606.ENSP00000339467	84.4	4
1848882	9606.ENSP00000306788	74.2	1
1848580	9606.ENSP00000303908	8.23	1
1844701	9606.ENSP00000259477	189	2
1853267	9606.ENSP00000348163	32.4	6
1852551	9606.ENSP00000342098	25.3	1
1860732	9606.ENSP00000408631	19.8	1
1855298	9606.ENSP00000359600	105	6
1842405	9606.ENSP00000202773	869	24
1848910	9606.ENSP00000307077	18.4	2
1860352	9606.ENSP00000402551	185	5
1848687	9606.ENSP00000304930	770	18
1852374	9606.ENSP00000340836	208	3
1843675	9606.ENSP00000243611	32.1	1
1844633	9606.ENSP00000258761	79.1	4
1858383	9606.ENSP00000379612	9.06	1
1843597	9606.ENSP00000241436	7.27	1
1856924	9606.ENSP00000368017	1.09	1
1843400	9606.ENSP00000234396	7.23	1
1844528	9606.ENSP00000257694	11.4	1
1849358	9606.ENSP00000310861	3396	431
1855610	9606.ENSP00000361124	41.4	1
1851147	9606.ENSP00000329419	92.9	10
1857082	9606.ENSP00000369018	109	4
1843974	9606.ENSP00000249750	15.9	2
1857368	9606.ENSP00000370748	102	3
1861681	9606.ENSP00000426296	148	1
1852957	9606.ENSP00000345656	416	9
1856019	9606.ENSP00000363054	154	4
1850194	9606.ENSP00000319977	228	5
1853006	9606.ENSP00000346037	413	1
1846231	9606.ENSP00000272167	26.0	2
1844001	9606.ENSP00000250244	15.0	2
1858077	9606.ENSP00000376886	712	28
1842579	9606.ENSP00000216277	2.46	2
1843076	9606.ENSP00000226209	0.267	1
1843046	9606.ENSP00000225726	29.5	2
1854649	9606.ENSP00000356671	799	31
1844876	9606.ENSP00000261263	128	5
1846664	9606.ENSP00000280326	132	8
1853324	9606.ENSP00000348634	0.272	1
1847443	9606.ENSP00000293831	305	22
1849481	9606.ENSP00000311997	1.1	1
1842701	9606.ENSP00000218340	39.0	1
1858037	9606.ENSP00000376472	67.9	4
1844967	9606.ENSP00000261693	89.7	4
1843444	9606.ENSP00000236957	347	5
1847722	9606.ENSP00000296412	20.6	1
1845579	9606.ENSP00000264639	46.2	3
1862287	9606.ENSP00000445077	93.9	8
1851492	9606.ENSP00000332604	50.5	8
1850110	9606.ENSP00000319060	3.05	1
1842672	9606.ENSP00000217515	61.0	2
1845983	9606.ENSP00000267996	279	12
1856769	9606.ENSP00000367123	25.0	1
1855678	9606.ENSP00000361508	38.3	2
1842740	9606.ENSP00000219302	97.9	2
1861626	9606.ENSP00000424381	13.6	1
1845428	9606.ENSP00000263864	393	5
1857286	9606.ENSP00000370194	226	10
1849036	9606.ENSP00000308137	1638	33
1854859	9606.ENSP00000357721	420	4
1861478	9606.ENSP00000420381	106	4
1851302	9606.ENSP00000331019	694	8
1845524	9606.ENSP00000264335	1792	55
1844101	9606.ENSP00000252071	65.2	4
1857057	9606.ENSP00000368884	2.95	1
1846694	9606.ENSP00000280904	14.6	1
1849952	9606.ENSP00000317334	177	11
1862334	9606.ENSP00000446714	533	13
1856376	9606.ENSP00000364934	993	25
1842758	9606.ENSP00000219481	17.9	1
1854304	9606.ENSP00000355124	87.1	68
1846206	9606.ENSP00000271638	1524	18
1845315	9606.ENSP00000263246	39.3	2
1850612	9606.ENSP00000324105	137	11
1843197	9606.ENSP00000229319	1713	69
1855599	9606.ENSP00000361076	1292	31
1854117	9606.ENSP00000354416	2039	11
1843839	9606.ENSP00000246868	230	7
1847334	9606.ENSP00000292169	1586	9
1843095	9606.ENSP00000226578	13.1	1
1844221	9606.ENSP00000253382	254	13
1849420	9606.ENSP00000311430	789	30
1845046	9606.ENSP00000262033	173	3
1842109	9606.ENSP00000000233	199	10
1856615	9606.ENSP00000366326	14.8	2
1845366	9606.ENSP00000263559	25.4	1
1850396	9606.ENSP00000321853	247	10
1852298	9606.ENSP00000340211	301	12
1846102	9606.ENSP00000269576	7498	589
1859246	9606.ENSP00000387176	81.8	67
1860870	9606.ENSP00000410769	113	3
1846674	9606.ENSP00000280557	447	7
1854153	9606.ENSP00000354573	0.499	1
1844699	9606.ENSP00000259469	2411	12
1843380	9606.ENSP00000234038	174	8
1851595	9606.ENSP00000333547	322	15
1856578	9606.ENSP00000366124	6786	79
1850587	9606.ENSP00000323858	2.19	2
1851211	9606.ENSP00000330054	4629	159
1843828	9606.ENSP00000246646	21.4	27
1858357	9606.ENSP00000379364	27.4	1
1842300	9606.ENSP00000167586	983	240
1856803	9606.ENSP00000367299	27.8	2
1855016	9606.ENSP00000358417	395	18
1843075	9606.ENSP00000226207	0.269	1
1858470	9606.ENSP00000380378	206	9
1849235	9606.ENSP00000309845	40.5	4
1850592	9606.ENSP00000323889	20.5	1
1861539	9606.ENSP00000421725	1562	65
1851407	9606.ENSP00000331901	567	36
1860141	9606.ENSP00000399168	61.6	8
1850725	9606.ENSP00000325312	29.4	1
1842830	9606.ENSP00000221418	109	5
1853554	9606.ENSP00000350195	2.94	1
1845703	9606.ENSP00000265164	84.7	2
1860696	9606.ENSP00000407952	578	53
1850686	9606.ENSP00000324842	50.4	4
1850066	9606.ENSP00000318646	401	10
1861975	9606.ENSP00000434516	111	7
1848075	9606.ENSP00000299529	29.3	2
1854219	9606.ENSP00000354791	35.7	5
1844727	9606.ENSP00000259818	47.5	14
1853527	9606.ENSP00000349977	103	11
1852398	9606.ENSP00000340989	947	24
1846923	9606.ENSP00000284719	148	6
1843991	9606.ENSP00000250101	108	2
1843869	9606.ENSP00000247470	36.4	1
1843405	9606.ENSP00000234590	4969	193
1851003	9606.ENSP00000328178	111	2
1845074	9606.ENSP00000262139	23.6	1
1859157	9606.ENSP00000386385	39.1	1
1847597	9606.ENSP00000295640	221	15
1853159	9606.ENSP00000347329	20.4	2
1853020	9606.ENSP00000346142	119	2
1844300	9606.ENSP00000254521	152	4
1842618	9606.ENSP00000216774	55.7	4
1858491	9606.ENSP00000380597	50.2	2
1845102	9606.ENSP00000262269	0.27	1
1848971	9606.ENSP00000307567	44.0	5
1844373	9606.ENSP00000255381	0.269	1
1863869	9606.ENSP00000464265	605	79
1852522	9606.ENSP00000341938	82.3	3
1849267	9606.ENSP00000310182	108	1
1846793	9606.ENSP00000282412	19.7	2
1854122	9606.ENSP00000354458	56.8	2
1854014	9606.ENSP00000353660	237	4
1858515	9606.ENSP00000380795	83.5	2
1850286	9606.ENSP00000320828	33.5	3
