#id: 216
#name: H.sapiens - Earwax, SC (Wilhelm,Nature,2014)
#score: 5.04
#weight: 100%
#description: abundance based on Spectral counting, from<a href="http://www.nature.com/nature/journal/v509/n7502/full/nature13319.html" target="_blank">Wilhelm,Nature,2014</a><br/><b>Interaction consistency score</b>: 5.04&nbsp<b>Coverage</b>: 6
#organ: EARWAX
#integrated: false
#coverage: 6
#publication_year: 2014
#filename: 9606-earwax_Wilhelm_2014_Maxquant.txt
#
#internal_id	string_external_id	abundance	raw_spectral_count
1848483	9606.ENSP00000303057	118	1
1858156	9606.ENSP00000377616	50.7	13
1843626	9606.ENSP00000242375	84.0	3
1854999	9606.ENSP00000358312	51.3	1
1848245	9606.ENSP00000301072	643	73
1845214	9606.ENSP00000262776	1113	41
1857503	9606.ENSP00000371715	118	2
1852518	9606.ENSP00000341885	541	12
1850586	9606.ENSP00000323856	234	97
1860535	9606.ENSP00000405573	794	24
1856306	9606.ENSP00000364620	69.0	3
1849473	9606.ENSP00000311876	111	3
1861305	9606.ENSP00000417580	48.3	1
1845339	9606.ENSP00000263368	666	9
1845583	9606.ENSP00000264651	181	70
1848692	9606.ENSP00000304987	6.22	1
1842898	9606.ENSP00000222256	10.8	2
1856747	9606.ENSP00000366984	64.2	12
1848072	9606.ENSP00000299502	417	12
1856140	9606.ENSP00000363676	268	2
1851354	9606.ENSP00000331514	2041	160
1853007	9606.ENSP00000346045	213	3
1844971	9606.ENSP00000261712	75.7	3
1851571	9606.ENSP00000333298	1233	24
1854397	9606.ENSP00000355518	75.7	1
1850332	9606.ENSP00000321320	12.9	1
1854615	9606.ENSP00000356520	88.8	7
1848508	9606.ENSP00000303222	212	4
1854822	9606.ENSP00000357555	636	3
1842974	9606.ENSP00000223321	395	10
1860937	9606.ENSP00000411825	244	14
1855226	9606.ENSP00000359368	19.4	1
1850875	9606.ENSP00000326869	75.1	1
1854268	9606.ENSP00000354961	75.9	1
1844701	9606.ENSP00000259477	239	2
1845411	9606.ENSP00000263774	46.6	1
1843722	9606.ENSP00000244534	182	6
1843731	9606.ENSP00000244661	909	30
1842805	9606.ENSP00000220849	38.9	2
1862814	9606.ENSP00000452762	450	8
1856904	9606.ENSP00000367891	4407	85
1848820	9606.ENSP00000306223	46.3	3
1855086	9606.ENSP00000358737	388	9
1854594	9606.ENSP00000356411	271	9
1851428	9606.ENSP00000332111	12.1	1
1847542	9606.ENSP00000295137	538	90
1842626	9606.ENSP00000216840	17.0	1
1860790	9606.ENSP00000409382	17.6	8
1844077	9606.ENSP00000251645	3076	254
1844353	9606.ENSP00000255084	19.5	3
1854866	9606.ENSP00000357739	800	20
1861438	9606.ENSP00000419751	21.5	1
1852440	9606.ENSP00000341285	407	12
1860680	9606.ENSP00000407749	193	2
1852109	9606.ENSP00000338477	14.7	1
1857486	9606.ENSP00000371554	104	1
1844779	9606.ENSP00000260356	10.8	1
1846625	9606.ENSP00000279247	765	37
1844229	9606.ENSP00000253452	277	4
1845691	9606.ENSP00000265100	316	5
1852641	9606.ENSP00000342935	295	3
1846187	9606.ENSP00000271308	1134	17
1857094	9606.ENSP00000369126	56.4	3
1853013	9606.ENSP00000346080	114	2
1842398	9606.ENSP00000201586	1201	26
1848824	9606.ENSP00000306261	2985	148
1857202	9606.ENSP00000369689	8678	73
1854428	9606.ENSP00000355645	600	93
1857384	9606.ENSP00000370867	867	41
1856799	9606.ENSP00000367263	49.4	24
1860021	9606.ENSP00000397679	27.2	1
1843563	9606.ENSP00000240343	398	6
1843632	9606.ENSP00000242577	990	10
1855437	9606.ENSP00000360268	26.1	2
1858158	9606.ENSP00000377640	262	2
1856035	9606.ENSP00000363149	62.7	1
1843112	9606.ENSP00000227378	1847	91
1858184	9606.ENSP00000377865	456	4
1861582	9606.ENSP00000423067	12.4	1
1843701	9606.ENSP00000244137	155	5
1848151	9606.ENSP00000300161	1472	38
1847841	9606.ENSP00000297258	14570	119
1848200	9606.ENSP00000300648	7.04	2
1847236	9606.ENSP00000290472	59.6	3
1842815	9606.ENSP00000221138	16.9	1
1845244	9606.ENSP00000262919	218	16
1848801	9606.ENSP00000306010	309	9
1846003	9606.ENSP00000268182	67.7	9
1857794	9606.ENSP00000373730	251	14
1862638	9606.ENSP00000449770	119	2
1843650	9606.ENSP00000243045	75.1	1
1845020	9606.ENSP00000261890	506	16
1856800	9606.ENSP00000367265	610	25
1845837	9606.ENSP00000265986	1654	99
1861685	9606.ENSP00000426638	53.3	2
1842446	9606.ENSP00000207437	81.0	2
1857297	9606.ENSP00000370254	510	24
1847419	9606.ENSP00000293502	1721	46
1851261	9606.ENSP00000330484	50.4	7
1844460	9606.ENSP00000256682	412	12
1848760	9606.ENSP00000305692	330	11
1847027	9606.ENSP00000286713	225	6
1856891	9606.ENSP00000367817	25.9	1
1863589	9606.ENSP00000461269	36.3	1
1854629	9606.ENSP00000356574	145	7
1851162	9606.ENSP00000329554	909	30
1853333	9606.ENSP00000348706	337	33
1844542	9606.ENSP00000257857	402	4
1849633	9606.ENSP00000313571	4407	85
1853151	9606.ENSP00000347271	174	2
1857753	9606.ENSP00000373370	1190	107
1847808	9606.ENSP00000296930	927	10
1855499	9606.ENSP00000360569	55.1	2
1858981	9606.ENSP00000384774	96.8	7
1851313	9606.ENSP00000331127	20.1	1
1853568	9606.ENSP00000350275	909	30
1848526	9606.ENSP00000303408	225	23
1857133	9606.ENSP00000369349	2027	277
1846563	9606.ENSP00000278407	101	2
1844377	9606.ENSP00000255409	156	3
1862126	9606.ENSP00000439444	38.3	2
1860209	9606.ENSP00000400168	14.4	2
1849396	9606.ENSP00000311245	625	3
1846836	9606.ENSP00000283179	420	17
1861633	9606.ENSP00000424707	585	3
1855990	9606.ENSP00000362924	169	5
1846529	9606.ENSP00000277480	2363	25
1842671	9606.ENSP00000217456	20.5	1
1846175	9606.ENSP00000270776	482	17
1852434	9606.ENSP00000341247	13.7	1
1843439	9606.ENSP00000236671	4542	133
1853510	9606.ENSP00000349891	7.09	2
1853835	9606.ENSP00000352319	190	5
1855279	9606.ENSP00000359540	511	7
1859939	9606.ENSP00000396505	547	5
1845665	9606.ENSP00000265016	29.2	1
1857748	9606.ENSP00000373343	5.06	2
1845249	9606.ENSP00000262947	85.7	1
1849183	9606.ENSP00000309503	2855	59
1846868	9606.ENSP00000283752	11582	357
1848265	9606.ENSP00000301258	621	4
1846291	9606.ENSP00000273047	247	8
1845652	9606.ENSP00000264954	54.0	1
1846951	9606.ENSP00000285208	60.4	9
1843830	9606.ENSP00000246662	2700	78
1850792	9606.ENSP00000326031	15.9	1
1853220	9606.ENSP00000347823	40.7	5
1856176	9606.ENSP00000363894	24.9	1
1862734	9606.ENSP00000450995	14.4	2
1842673	9606.ENSP00000217652	97.0	3
1851568	9606.ENSP00000333277	909	30
1847224	9606.ENSP00000290349	1084	23
1861167	9606.ENSP00000415634	89.0	1
1860202	9606.ENSP00000400101	26.7	1
1852636	9606.ENSP00000342886	225	23
1852322	9606.ENSP00000340427	99.0	5
1849488	9606.ENSP00000312042	66.3	5
1852156	9606.ENSP00000338934	829	51
1862194	9606.ENSP00000441875	815	20
1857413	9606.ENSP00000371073	66.4	2
1852653	9606.ENSP00000343040	148	1
1854006	9606.ENSP00000353624	846	79
1846114	9606.ENSP00000269848	82.6	5
1856676	9606.ENSP00000366618	317	32
1843743	9606.ENSP00000244926	2243	8
1853365	9606.ENSP00000348886	59.8	1
1846728	9606.ENSP00000281456	459	40
1845594	9606.ENSP00000264677	24.6	5
1844133	9606.ENSP00000252519	134	6
1850327	9606.ENSP00000321259	740	16
1846746	9606.ENSP00000281828	132	6
1846064	9606.ENSP00000269122	510	64
1855671	9606.ENSP00000361467	7.74	1
1854869	9606.ENSP00000357753	1144	50
1846735	9606.ENSP00000281589	60.7	8
1850467	9606.ENSP00000322594	43.8	8
1855221	9606.ENSP00000359345	200	3
1850288	9606.ENSP00000320866	517	13
1849206	9606.ENSP00000309629	849	13
1848846	9606.ENSP00000306461	1520	14
1845757	9606.ENSP00000265462	239	5
1850828	9606.ENSP00000326381	406	26
1842214	9606.ENSP00000044462	1799	25
1849314	9606.ENSP00000310573	555	73
1844015	9606.ENSP00000250559	37.5	1
1855864	9606.ENSP00000362352	15.4	1
1843615	9606.ENSP00000242210	152	4
1844190	9606.ENSP00000253039	44.3	2
1848179	9606.ENSP00000300413	146	1
1853004	9606.ENSP00000346027	1569	7
1843937	9606.ENSP00000248975	80.7	14
1843224	9606.ENSP00000229824	109	8
1858179	9606.ENSP00000377833	783	19
1857216	9606.ENSP00000369757	552	4
1853135	9606.ENSP00000347168	846	79
1844696	9606.ENSP00000259457	395	5
1852549	9606.ENSP00000342082	281	2
1844558	9606.ENSP00000257951	105	65
1844387	9606.ENSP00000255674	11.4	3
1860043	9606.ENSP00000398064	491	1
1842505	9606.ENSP00000215773	52.9	1
1853445	9606.ENSP00000349467	452	11
1853504	9606.ENSP00000349873	251	14
1852107	9606.ENSP00000338413	119	6
1850900	9606.ENSP00000327191	32.0	1
1843062	9606.ENSP00000225927	73.0	3
1858063	9606.ENSP00000376793	671	19
1847208	9606.ENSP00000290158	80.9	4
1843747	9606.ENSP00000245121	126	5
1843162	9606.ENSP00000228825	189	2
1851687	9606.ENSP00000334163	116	3
1845096	9606.ENSP00000262225	81.1	1
1858149	9606.ENSP00000377558	682	111
1849273	9606.ENSP00000310219	518	42
1843974	9606.ENSP00000249750	4.64	2
1851254	9606.ENSP00000330408	85.3	2
1843750	9606.ENSP00000245206	427	12
1861575	9606.ENSP00000422846	21.2	1
1849481	9606.ENSP00000311997	31.0	14
1842399	9606.ENSP00000201647	97.2	5
1855382	9606.ENSP00000360021	95.6	1
1851406	9606.ENSP00000331897	111	4
1856376	9606.ENSP00000364934	747	14
1851117	9606.ENSP00000329165	275	77
1855272	9606.ENSP00000359525	113	2
1859246	9606.ENSP00000387176	95.2	33
1861467	9606.ENSP00000420213	21.2	4
1844907	9606.ENSP00000261416	880	22
1845779	9606.ENSP00000265627	71.1	2
1843185	9606.ENSP00000229239	6304	96
1849982	9606.ENSP00000317780	46.1	1
1844986	9606.ENSP00000261755	89.9	3
1852972	9606.ENSP00000345771	24.8	3
1856185	9606.ENSP00000363965	2570	82
1857811	9606.ENSP00000373918	112	6
1861347	9606.ENSP00000418193	145	5
1842679	9606.ENSP00000217958	47.9	1
1852066	9606.ENSP00000338034	94.1	2
1847772	9606.ENSP00000296674	479	3
1853366	9606.ENSP00000348888	135	8
1843580	9606.ENSP00000240851	104	2
1861432	9606.ENSP00000419628	269	3
1846512	9606.ENSP00000276689	97.8	1
1846079	9606.ENSP00000269243	34.8	13
1842303	9606.ENSP00000168216	595	12
1852037	9606.ENSP00000337761	83.4	10
1849232	9606.ENSP00000309830	1088	3
1856397	9606.ENSP00000365025	26.2	1
1844013	9606.ENSP00000250498	395	3
1854953	9606.ENSP00000358106	56.0	3
1842726	9606.ENSP00000219169	86.3	1
1857263	9606.ENSP00000370023	490	23
1858105	9606.ENSP00000377148	43.4	2
1846097	9606.ENSP00000269491	4383	112
1863114	9606.ENSP00000457299	164	4
1846489	9606.ENSP00000276390	95.2	3
1849816	9606.ENSP00000315757	9.17	2
1852335	9606.ENSP00000340510	391	50
1848951	9606.ENSP00000307340	731	10
1842179	9606.ENSP00000014914	155	1
1856191	9606.ENSP00000363988	18.6	2
1852251	9606.ENSP00000339795	1018	13
1858470	9606.ENSP00000380378	129	3
1848906	9606.ENSP00000307014	161	62
1845647	9606.ENSP00000264933	181	2
1845429	9606.ENSP00000263867	55.9	1
1842152	9606.ENSP00000007735	1848	186
1846379	9606.ENSP00000274364	2.32	1
1863897	9606.ENSP00000464814	45.8	1
1847982	9606.ENSP00000298690	3856	31
1854793	9606.ENSP00000357392	230	3
1859907	9606.ENSP00000396045	73.5	7
1858609	9606.ENSP00000381488	59.1	3
1861848	9606.ENSP00000430706	538	11
1842374	9606.ENSP00000196551	77.5	1
1844605	9606.ENSP00000258424	155	2
1849263	9606.ENSP00000310129	9.94	1
1855926	9606.ENSP00000362618	25.0	2
1845475	9606.ENSP00000264071	282	58
1858579	9606.ENSP00000381237	46.2	1
1854079	9606.ENSP00000354125	56.2	3
1845373	9606.ENSP00000263593	125	4
1845458	9606.ENSP00000264018	14.6	1
1849403	9606.ENSP00000311313	1128	13
1856351	9606.ENSP00000364802	482	45
1851972	9606.ENSP00000337212	887	20
1856350	9606.ENSP00000364801	482	45
1844341	9606.ENSP00000254950	9.54	1
1848445	9606.ENSP00000302728	339	6
1845192	9606.ENSP00000262646	140	4
1855892	9606.ENSP00000362463	248	3
1851905	9606.ENSP00000336666	72.0	1
1861565	9606.ENSP00000422473	418	5
1862121	9606.ENSP00000439189	141	57
1856670	9606.ENSP00000366581	846	79
1847848	9606.ENSP00000297283	217	11
1861076	9606.ENSP00000414321	319	4
1842641	9606.ENSP00000217133	72.0	29
1843319	9606.ENSP00000232564	12.8	1
1856118	9606.ENSP00000363559	210	3
1852618	9606.ENSP00000342710	5870	337
1859702	9606.ENSP00000393241	1769	18
1842645	9606.ENSP00000217182	2560	119
1857065	9606.ENSP00000368959	229	2
1847637	9606.ENSP00000295897	8155	371
1858222	9606.ENSP00000378191	42.8	1
1842225	9606.ENSP00000054668	79.6	1
1845991	9606.ENSP00000268097	110	4
1861922	9606.ENSP00000432799	123	1
1860195	9606.ENSP00000400010	67.9	5
1854004	9606.ENSP00000353608	177	7
1844127	9606.ENSP00000252486	39.7	1
1861042	9606.ENSP00000413896	193	2
1854060	9606.ENSP00000353998	118	1
1850234	9606.ENSP00000320324	69.6	6
1852326	9606.ENSP00000340463	2355	14
1844915	9606.ENSP00000261454	19.2	1
1843041	9606.ENSP00000225665	347	7
1846473	9606.ENSP00000276079	92.3	3
1846666	9606.ENSP00000280346	62.1	2
1855516	9606.ENSP00000360671	2035	68
1848975	9606.ENSP00000307607	367	10
1844747	9606.ENSP00000260010	16.7	1
1854502	9606.ENSP00000356015	257	4
1847604	9606.ENSP00000295685	502	10
1852112	9606.ENSP00000338523	3.48	1
1842876	9606.ENSP00000221992	16.0	2
1852586	9606.ENSP00000342374	104	1
1842267	9606.ENSP00000157812	117	4
1842954	9606.ENSP00000223029	43.3	1
1856738	9606.ENSP00000366950	69.9	3
1844153	9606.ENSP00000252711	51.5	1
1842662	9606.ENSP00000217402	87.3	1
1854631	9606.ENSP00000356581	93.8	5
1854230	9606.ENSP00000354841	306	4
1842281	9606.ENSP00000161559	22.0	2
1844492	9606.ENSP00000257198	362	19
1857897	9606.ENSP00000375149	93.7	3
1853009	9606.ENSP00000346050	818	14
1849591	9606.ENSP00000313007	103	11
1852902	9606.ENSP00000345156	398	4
1852056	9606.ENSP00000337950	161	1
1859666	9606.ENSP00000392718	107	42
1850172	9606.ENSP00000319690	740	16
1853667	9606.ENSP00000351075	136	4
1852180	9606.ENSP00000339157	143	4
1853189	9606.ENSP00000347596	117	3
1846162	9606.ENSP00000270586	207	3
1846350	9606.ENSP00000273986	87.8	1
1854354	9606.ENSP00000355325	1347	25
1850385	9606.ENSP00000321746	18.2	1
1847242	9606.ENSP00000290573	12.4	2
1842799	9606.ENSP00000220763	33.7	1
1862281	9606.ENSP00000444823	909	30
1853890	9606.ENSP00000352704	8.74	1
1847834	9606.ENSP00000297185	161	8
1864341	9606.ENSP00000470240	47.1	1
1854857	9606.ENSP00000357708	692	2
1854853	9606.ENSP00000357692	763	9
1846497	9606.ENSP00000276461	19.5	1
1847296	9606.ENSP00000291568	1643	14
1845993	9606.ENSP00000268122	98.6	2
1859676	9606.ENSP00000392859	35.5	1
1849761	9606.ENSP00000315130	1186	27
1858412	9606.ENSP00000379888	823	9
1844491	9606.ENSP00000257192	1985	84
1842640	9606.ENSP00000217131	99.3	2
1845569	9606.ENSP00000264595	379	5
1853123	9606.ENSP00000347043	67.5	2
1855527	9606.ENSP00000360718	11.3	2
1843314	9606.ENSP00000232461	4.06	1
1847998	9606.ENSP00000298852	41.5	2
1842516	9606.ENSP00000215882	102	2
1859992	9606.ENSP00000397157	1313	5
1858441	9606.ENSP00000380177	337	33
1855121	9606.ENSP00000358867	4.61	1
1842511	9606.ENSP00000215829	660	5
1851928	9606.ENSP00000336799	688	78
1847815	9606.ENSP00000297012	262	13
1851407	9606.ENSP00000331901	568	20
1843232	9606.ENSP00000230036	42.4	2
1851832	9606.ENSP00000335304	26.0	1
1855862	9606.ENSP00000362335	111	3
1843931	9606.ENSP00000248923	71.6	5
1863029	9606.ENSP00000456200	76.6	1
1842666	9606.ENSP00000217426	669	19
1858151	9606.ENSP00000377570	2830	142
1842884	9606.ENSP00000222120	57.0	3
1860940	9606.ENSP00000411904	4.75	2
1857928	9606.ENSP00000375430	578	1
1850958	9606.ENSP00000327763	18.7	1
1843461	9606.ENSP00000237500	97.0	3
1852214	9606.ENSP00000339399	347	9
1847771	9606.ENSP00000296666	43.9	1
1854001	9606.ENSP00000353581	909	30
1855706	9606.ENSP00000361635	1191	24
1850027	9606.ENSP00000318195	52.4	2
1847409	9606.ENSP00000293371	289	1
1843781	9606.ENSP00000245907	234	28
1847222	9606.ENSP00000290332	6.51	1
1848523	9606.ENSP00000303373	211	13
1854523	9606.ENSP00000356104	702	22
1862740	9606.ENSP00000451112	242	3
1861786	9606.ENSP00000429301	109	1
1855997	9606.ENSP00000362946	360	7
1851950	9606.ENSP00000336994	75.6	2
1852628	9606.ENSP00000342830	301	36
1847350	9606.ENSP00000292401	26154	429
1849918	9606.ENSP00000316938	76.6	1
1854798	9606.ENSP00000357425	58.1	1
1848465	9606.ENSP00000302886	243	9
1854969	9606.ENSP00000358162	846	79
1848170	9606.ENSP00000300289	461	20
1845428	9606.ENSP00000263864	283	2
1845491	9606.ENSP00000264161	145	7
1853025	9606.ENSP00000346173	135	4
1852284	9606.ENSP00000340019	942	35
1853012	9606.ENSP00000346067	568	15
1851814	9606.ENSP00000335153	951	87
1844443	9606.ENSP00000256496	128	2
1845341	9606.ENSP00000263370	30.0	1
1847953	9606.ENSP00000298316	317	3
1860980	9606.ENSP00000412566	46.3	3
1861160	9606.ENSP00000415481	56.2	2
1846108	9606.ENSP00000269703	78.7	3
1858750	9606.ENSP00000382595	97.4	3
1859610	9606.ENSP00000391944	170	8
1850780	9606.ENSP00000325875	2218	139
1847605	9606.ENSP00000295688	97.9	4
1853038	9606.ENSP00000346300	42.0	1
1858959	9606.ENSP00000384593	41.7	3
1860306	9606.ENSP00000401802	190	5
1846031	9606.ENSP00000268668	168	2
1854029	9606.ENSP00000353741	82.6	3
1844690	9606.ENSP00000259396	404	6
1861168	9606.ENSP00000415635	16.2	1
1847292	9606.ENSP00000291552	53.9	1
1851945	9606.ENSP00000336927	5558	90
1858372	9606.ENSP00000379475	118	6
1862027	9606.ENSP00000436337	96.1	20
1842411	9606.ENSP00000203407	76.8	2
1853363	9606.ENSP00000348849	499	3
1860049	9606.ENSP00000398131	62.2	3
1853420	9606.ENSP00000349297	1416	77
1853089	9606.ENSP00000346762	39.1	3
1857570	9606.ENSP00000372221	1405	40
1858390	9606.ENSP00000379680	35.6	1
1847965	9606.ENSP00000298510	51.7	1
1852328	9606.ENSP00000340466	85.2	4
1858934	9606.ENSP00000384363	1259	29
1842933	9606.ENSP00000222673	6.47	1
1849428	9606.ENSP00000311489	12.2	2
1849949	9606.ENSP00000317331	189	2
1852193	9606.ENSP00000339251	1050	5
1856751	9606.ENSP00000366999	909	30
1849179	9606.ENSP00000309474	30.7	2
1856276	9606.ENSP00000364475	45.4	1
1855083	9606.ENSP00000358719	360	11
1846014	9606.ENSP00000268379	406	8
1850446	9606.ENSP00000322419	81.5	1
1845265	9606.ENSP00000263025	64.2	1
1852043	9606.ENSP00000337838	292	16
1847700	9606.ENSP00000296255	190	7
1849551	9606.ENSP00000312618	172	8
1858234	9606.ENSP00000378312	10.8	2
1843639	9606.ENSP00000242776	81.4	5
1854958	9606.ENSP00000358140	22.8	1
1849381	9606.ENSP00000311121	600	16
1853733	9606.ENSP00000351589	251	14
1861789	9606.ENSP00000429374	2051	15
1857277	9606.ENSP00000370115	614	17
1856574	9606.ENSP00000366098	121	1
1860230	9606.ENSP00000400591	148	1
1842222	9606.ENSP00000053867	86.4	2
1859665	9606.ENSP00000392709	122	6
1853438	9606.ENSP00000349428	477	11
1855365	9606.ENSP00000359910	1725	35
1859193	9606.ENSP00000386717	799	7
1859618	9606.ENSP00000392094	12.6	2
1856467	9606.ENSP00000365439	330	8
1856105	9606.ENSP00000363500	9.23	1
1845159	9606.ENSP00000262493	4.34	1
1855148	9606.ENSP00000358994	56.0	3
1855883	9606.ENSP00000362413	1603	46
1862475	9606.ENSP00000448035	648	17
1844882	9606.ENSP00000261303	30.1	1
1855312	9606.ENSP00000359664	259	5
1849997	9606.ENSP00000317955	109	10
1855691	9606.ENSP00000361562	482	9
1859324	9606.ENSP00000388107	2548	64
1849621	9606.ENSP00000313420	6.52	2
1852997	9606.ENSP00000345988	2.68	1
1856252	9606.ENSP00000364310	175	13
1857531	9606.ENSP00000371886	53.9	7
1851127	9606.ENSP00000329243	211	59
1856553	9606.ENSP00000365946	408	2
1856081	9606.ENSP00000363392	81.1	1
1844399	9606.ENSP00000256001	45.2	4
1856500	9606.ENSP00000365630	12.4	8
1847810	9606.ENSP00000296953	39.2	2
1861343	9606.ENSP00000418082	605	2
1848368	9606.ENSP00000302088	376	2
1858520	9606.ENSP00000380869	73.1	3
1844052	9606.ENSP00000251337	3.87	1
1859833	9606.ENSP00000394863	178	2
1862041	9606.ENSP00000436691	755	4
1847723	9606.ENSP00000296417	60.7	8
1854899	9606.ENSP00000357842	38.8	1
1842611	9606.ENSP00000216554	101	2
1844672	9606.ENSP00000259212	570	3
1843499	9606.ENSP00000238738	60.5	1
1854141	9606.ENSP00000354532	587	15
1859151	9606.ENSP00000386341	9.37	1
1844227	9606.ENSP00000253413	172	2
1844618	9606.ENSP00000258530	24.6	1
1848521	9606.ENSP00000303356	257	6
1860955	9606.ENSP00000412189	44.5	2
1846224	9606.ENSP00000272102	412	12
1858152	9606.ENSP00000377576	69.9	3
1853238	9606.ENSP00000347942	11.2	1
1851574	9606.ENSP00000333326	322	43
1847228	9606.ENSP00000290378	600	93
1853766	9606.ENSP00000351777	492	28
1862935	9606.ENSP00000455047	125	7
1858199	9606.ENSP00000377958	412	13
1855173	9606.ENSP00000359100	50.4	7
1844266	9606.ENSP00000254043	672	164
1848830	9606.ENSP00000306330	631	24
1850738	9606.ENSP00000325448	39.1	1
1857335	9606.ENSP00000370517	25.7	1
1844550	9606.ENSP00000257901	4057	285
1848093	9606.ENSP00000299705	273	5
1845584	9606.ENSP00000264657	39.9	2
1862793	9606.ENSP00000452237	1944	286
1852558	9606.ENSP00000342137	2129	31
1843297	9606.ENSP00000231572	97.8	5
1854824	9606.ENSP00000357564	80.2	8
1843191	9606.ENSP00000229270	3884	92
1858097	9606.ENSP00000377055	509	11
1857168	9606.ENSP00000369530	19.2	1
1848279	9606.ENSP00000301329	42.3	1
1854349	9606.ENSP00000355315	5867	1
1857170	9606.ENSP00000369538	339	15
1844096	9606.ENSP00000252029	153	4
1847933	9606.ENSP00000298159	171	5
1842358	9606.ENSP00000192788	35.4	3
1851439	9606.ENSP00000332163	143	1
1851299	9606.ENSP00000330945	570	9
1842744	9606.ENSP00000219334	27.4	1
1845281	9606.ENSP00000263088	14.5	1
1846002	9606.ENSP00000268171	111	5
1851278	9606.ENSP00000330720	1224	7
1853254	9606.ENSP00000348068	760	17
1846244	9606.ENSP00000272317	2117	64
1850680	9606.ENSP00000324804	164	7
1845639	9606.ENSP00000264896	76.4	2
1846416	9606.ENSP00000274813	30.0	1
1851044	9606.ENSP00000328484	251	14
1861827	9606.ENSP00000430242	1484	60
1854720	9606.ENSP00000357048	67.2	6
1853550	9606.ENSP00000350159	846	79
1863674	9606.ENSP00000462023	172	4
1844777	9606.ENSP00000260324	86.6	7
1848306	9606.ENSP00000301522	6081	66
1857765	9606.ENSP00000373487	119	53
1849411	9606.ENSP00000311364	15208	22
1862805	9606.ENSP00000452549	89.2	2
1849028	9606.ENSP00000308022	27.4	1
1851181	9606.ENSP00000329748	5.12	2
1855116	9606.ENSP00000358857	373	5
1848092	9606.ENSP00000299698	2016	180
1845761	9606.ENSP00000265498	496	2
1862289	9606.ENSP00000445175	2832	83
1860530	9606.ENSP00000405455	1408	28
1848835	9606.ENSP00000306361	174	8
1846948	9606.ENSP00000285093	240	5
1858832	9606.ENSP00000383392	15.2	1
1847354	9606.ENSP00000292432	6.04	1
1852905	9606.ENSP00000345179	28157	261
1850177	9606.ENSP00000319730	753	9
1842203	9606.ENSP00000037243	70.3	1
1861483	9606.ENSP00000420443	1353	2
1860246	9606.ENSP00000400882	365	6
1844723	9606.ENSP00000259791	211	13
1847981	9606.ENSP00000298687	122	2
1846176	9606.ENSP00000270792	851	2
1844559	9606.ENSP00000257974	133	28
1842705	9606.ENSP00000218388	63.5	1
1856920	9606.ENSP00000367991	54.6	1
1853902	9606.ENSP00000352834	36.6	3
1846710	9606.ENSP00000281154	203	21
1854262	9606.ENSP00000354947	61.9	1
1855955	9606.ENSP00000362744	399	12
1842504	9606.ENSP00000215770	41.3	1
1844250	9606.ENSP00000253792	25.7	3
1850730	9606.ENSP00000325376	417	14
1849067	9606.ENSP00000308405	60.7	8
1853204	9606.ENSP00000347717	447	7
1850666	9606.ENSP00000324672	44.2	1
1856711	9606.ENSP00000366819	318	5
1844978	9606.ENSP00000261733	805	31
1851135	9606.ENSP00000329312	74.2	2
1851933	9606.ENSP00000336831	9.81	2
1846410	9606.ENSP00000274764	92.5	13
1847746	9606.ENSP00000296511	137	3
1856757	9606.ENSP00000367034	846	79
1849737	9606.ENSP00000314879	322	14
1862158	9606.ENSP00000440698	1650	12
1859399	9606.ENSP00000389087	247	6
1850128	9606.ENSP00000319240	34.4	1
1843031	9606.ENSP00000225550	569	81
1860016	9606.ENSP00000397582	40.1	6
1845582	9606.ENSP00000264649	20.8	1
1854472	9606.ENSP00000355890	34.9	3
1852771	9606.ENSP00000344106	79.4	5
1859182	9606.ENSP00000386541	144	2
1844837	9606.ENSP00000260985	438	11
1842779	9606.ENSP00000220166	1515	27
1851667	9606.ENSP00000334051	4.16	1
1853976	9606.ENSP00000353408	348	38
1852245	9606.ENSP00000339740	90.8	2
1850202	9606.ENSP00000320043	733	8
1852818	9606.ENSP00000344456	55.8	6
1842630	9606.ENSP00000216951	349	10
1842619	9606.ENSP00000216775	4.49	2
1842964	9606.ENSP00000223136	286	3
1848318	9606.ENSP00000301656	1378	130
1855095	9606.ENSP00000358777	102	2
1852622	9606.ENSP00000342790	193	2
1859291	9606.ENSP00000387654	47.9	2
1846470	9606.ENSP00000276066	40.4	8
1849079	9606.ENSP00000308540	18.0	1
1854966	9606.ENSP00000358158	251	14
1842349	9606.ENSP00000185206	6.51	1
1859420	9606.ENSP00000389338	14.3	1
1858108	9606.ENSP00000377192	48.8	2
1847357	9606.ENSP00000292475	118	2
1854790	9606.ENSP00000357380	1536	28
1844669	9606.ENSP00000259205	234	3
1849781	9606.ENSP00000315383	1908	16
1848184	9606.ENSP00000300456	67.0	4
1843473	9606.ENSP00000237858	570	3
1842549	9606.ENSP00000216124	320	6
1848062	9606.ENSP00000299427	387	8
1855120	9606.ENSP00000358866	31.2	5
1862013	9606.ENSP00000435777	1473	13
1842623	9606.ENSP00000216802	603	8
1845104	9606.ENSP00000262288	1188	26
1861396	9606.ENSP00000419088	117	1
1853877	9606.ENSP00000352627	251	14
1846560	9606.ENSP00000278353	283	4
1843846	9606.ENSP00000246957	123	6
1844972	9606.ENSP00000261714	4097	105
1853380	9606.ENSP00000348984	41.9	5
1842816	9606.ENSP00000221166	19.8	1
1845501	9606.ENSP00000264202	530	12
1855774	9606.ENSP00000361949	46.4	5
1849274	9606.ENSP00000310226	276	14
1845923	9606.ENSP00000267119	859	76
1848019	9606.ENSP00000299138	46.2	3
1852830	9606.ENSP00000344547	616	2
1854982	9606.ENSP00000358224	42.2	2
1843797	9606.ENSP00000246069	326	4
1848182	9606.ENSP00000300441	22.0	1
1853918	9606.ENSP00000352936	37.5	2
1852861	9606.ENSP00000344818	334	64
1849535	9606.ENSP00000312435	46.4	2
1850793	9606.ENSP00000326042	286	47
1852262	9606.ENSP00000339835	343	25
1847279	9606.ENSP00000291295	452	11
1846366	9606.ENSP00000274192	139	2
1842472	9606.ENSP00000211998	598	39
1853096	9606.ENSP00000346827	43.2	3
1843868	9606.ENSP00000247461	61.2	2
1850599	9606.ENSP00000323929	7.27	1
1861855	9606.ENSP00000431049	257	5
1852032	9606.ENSP00000337733	397	5
1844765	9606.ENSP00000260227	130	1
1853302	9606.ENSP00000348461	296	4
1857763	9606.ENSP00000373477	89.3	1
1856198	9606.ENSP00000364016	286	8
1844113	9606.ENSP00000252245	1217	185
1862361	9606.ENSP00000447001	443	4
1844893	9606.ENSP00000261366	46.0	2
1843553	9606.ENSP00000240185	294	6
1852360	9606.ENSP00000340703	800	20
1854212	9606.ENSP00000354769	421	8
1849892	9606.ENSP00000316670	387	9
1850023	9606.ENSP00000318176	85.6	1
1845705	9606.ENSP00000265171	27.9	2
1845646	9606.ENSP00000264932	253	8
1843448	9606.ENSP00000237014	1023	5
1847408	9606.ENSP00000293362	171	4
1851914	9606.ENSP00000336725	324	33
1845296	9606.ENSP00000263168	648	9
1845210	9606.ENSP00000262753	2013	67
1843051	9606.ENSP00000225777	126	1
1853821	9606.ENSP00000352257	235	8
1848716	9606.ENSP00000305255	131	1
1852441	9606.ENSP00000341289	800	104
1846282	9606.ENSP00000272895	264	38
1846102	9606.ENSP00000269576	30437	1005
1851595	9606.ENSP00000333547	452	16
1856690	9606.ENSP00000366679	251	14
1849458	9606.ENSP00000311746	1410	22
1853490	9606.ENSP00000349748	64.5	3
1846132	9606.ENSP00000270142	1439	8
1857554	9606.ENSP00000372112	79.4	1
1845721	9606.ENSP00000265304	148	1
1849863	9606.ENSP00000316333	41.8	1
1851909	9606.ENSP00000336702	854	13
1859243	9606.ENSP00000387123	34.5	1
1864009	9606.ENSP00000468367	80.0	6
1855842	9606.ENSP00000362261	81.2	1
1846449	9606.ENSP00000275603	114	4
1856133	9606.ENSP00000363641	1321	10
1859361	9606.ENSP00000388631	5.96	1
1852297	9606.ENSP00000340210	1498	17
1849017	9606.ENSP00000307889	652	7
1854125	9606.ENSP00000354476	21.0	1
1853440	9606.ENSP00000349436	14.4	1
1846765	9606.ENSP00000282050	2959	96
1851078	9606.ENSP00000328808	104	36
1842112	9606.ENSP00000001008	20.0	1
1851932	9606.ENSP00000336829	81.3	3
1858987	9606.ENSP00000384863	61.5	4
1864900	9606.ENSP00000473047	172	3
1848244	9606.ENSP00000301071	464	61
1857982	9606.ENSP00000375975	354	2
1843372	9606.ENSP00000233893	465	3
1851365	9606.ENSP00000331602	16.6	1
1857377	9606.ENSP00000370808	820	48
1843476	9606.ENSP00000238018	186	6
1844152	9606.ENSP00000252699	290	37
1857426	9606.ENSP00000371152	1178	35
1844999	9606.ENSP00000261813	136	1
1849703	9606.ENSP00000314414	17.7	2
1861189	9606.ENSP00000415941	25.4	5
1847061	9606.ENSP00000287275	98.5	2
1843915	9606.ENSP00000248553	6926	89
1843728	9606.ENSP00000244601	337	33
1852488	9606.ENSP00000341674	68.8	4
1844755	9606.ENSP00000260118	1661	23
1848223	9606.ENSP00000300935	65.7	8
1849021	9606.ENSP00000307940	1524	86
1852305	9606.ENSP00000340278	1658	13
1855927	9606.ENSP00000362621	25.0	2
1843478	9606.ENSP00000238081	1230	31
1844600	9606.ENSP00000258412	240	1
1851730	9606.ENSP00000334499	68.4	4
1847374	9606.ENSP00000292644	19.3	1
1853980	9606.ENSP00000353444	127	6
1861952	9606.ENSP00000433821	1788	40
1847164	9606.ENSP00000289352	846	79
1860613	9606.ENSP00000406577	680	27
1852546	9606.ENSP00000342070	1504	28
1853997	9606.ENSP00000353542	869	17
1864285	9606.ENSP00000470004	169	2
1851443	9606.ENSP00000332194	251	14
1855084	9606.ENSP00000358727	195	3
1861513	9606.ENSP00000421076	179	2
1861595	9606.ENSP00000423563	54.9	2
1854902	9606.ENSP00000357861	19.2	1
1848185	9606.ENSP00000300482	8.4	1
1845725	9606.ENSP00000265333	719	19
1849852	9606.ENSP00000316176	138	2
1858594	9606.ENSP00000381339	3.57	1
1862080	9606.ENSP00000438144	866	10
1856225	9606.ENSP00000364188	269	7
1861807	9606.ENSP00000429824	42.5	1
1842561	9606.ENSP00000216190	30.1	1
1856523	9606.ENSP00000365773	32.5	1
1864409	9606.ENSP00000470555	169	3
1856899	9606.ENSP00000367869	106	2
1842858	9606.ENSP00000221740	6051	109
1844427	9606.ENSP00000256383	24.8	1
1844670	9606.ENSP00000259206	84.7	1
1851102	9606.ENSP00000329008	3157	61
1845337	9606.ENSP00000263354	156	4
1856856	9606.ENSP00000367615	645	10
1842925	9606.ENSP00000222553	179	12
1847444	9606.ENSP00000293842	393	6
1855535	9606.ENSP00000360776	102	3
1847732	9606.ENSP00000296456	604	21
1859622	9606.ENSP00000392189	93.7	3
1846958	9606.ENSP00000285379	347	6
1847944	9606.ENSP00000298283	113	3
1845819	9606.ENSP00000265866	120	2
1842813	9606.ENSP00000221130	36.8	1
1843587	9606.ENSP00000241052	1415	45
1853820	9606.ENSP00000352252	909	30
1862133	9606.ENSP00000439660	909	30
1843777	9606.ENSP00000245816	53.8	1
1842301	9606.ENSP00000167588	377	71
1843190	9606.ENSP00000229268	77.9	4
1858473	9606.ENSP00000380414	38.4	1
1851241	9606.ENSP00000330307	251	14
1863961	9606.ENSP00000466639	54.6	1
1857769	9606.ENSP00000373565	26.0	2
1853001	9606.ENSP00000346015	275	3
1852162	9606.ENSP00000339001	674	95
1848074	9606.ENSP00000299518	77.3	2
1863825	9606.ENSP00000463847	393	6
1856669	9606.ENSP00000366565	101	1
1842429	9606.ENSP00000205402	593	14
1856921	9606.ENSP00000367992	39.9	1
1854803	9606.ENSP00000357452	306	4
1845556	9606.ENSP00000264474	8782	62
1853798	9606.ENSP00000352101	70.4	4
1844060	9606.ENSP00000251453	1706	17
1854124	9606.ENSP00000354468	267	5
1854432	9606.ENSP00000355656	211	13
1852845	9606.ENSP00000344666	23.3	6
1855197	9606.ENSP00000359233	80.6	4
1853368	9606.ENSP00000348901	34.2	1
1843157	9606.ENSP00000228740	34.4	2
1849713	9606.ENSP00000314508	453	13
1854135	9606.ENSP00000354511	128	2
1858155	9606.ENSP00000377583	176	5
1843003	9606.ENSP00000224784	545	90
1858318	9606.ENSP00000379042	114	5
1855861	9606.ENSP00000362334	1532	16
1848313	9606.ENSP00000301607	258	32
1864297	9606.ENSP00000470059	49.6	2
1857012	9606.ENSP00000368646	781	34
1858030	9606.ENSP00000376423	875	20
1847220	9606.ENSP00000290299	387	9
1862168	9606.ENSP00000441000	31.8	7
1859976	9606.ENSP00000396937	21.7	1
1844020	9606.ENSP00000250784	220	9
1846042	9606.ENSP00000268720	4.31	2
1854865	9606.ENSP00000357737	421	13
1848327	9606.ENSP00000301729	153	2
1859328	9606.ENSP00000388169	433	11
1855415	9606.ENSP00000360184	47.4	1
1848897	9606.ENSP00000306920	67.5	3
1857999	9606.ENSP00000376176	1095	14
1856519	9606.ENSP00000365745	180	7
1844920	9606.ENSP00000261479	1054	24
1857219	9606.ENSP00000369784	39.7	12
1855172	9606.ENSP00000359098	278	1
1846167	9606.ENSP00000270625	1646	18
1848717	9606.ENSP00000305260	12.9	1
1861183	9606.ENSP00000415840	2208	74
1852991	9606.ENSP00000345957	617	3
1843991	9606.ENSP00000250101	148	2
1859260	9606.ENSP00000387286	361	15
1855769	9606.ENSP00000361927	177	6
1862243	9606.ENSP00000443189	381	2
1858016	9606.ENSP00000376309	283	4
1861716	9606.ENSP00000427687	405	9
1853276	9606.ENSP00000348258	846	79
1852430	9606.ENSP00000341214	34.1	2
1851918	9606.ENSP00000336741	39.6	2
1853523	9606.ENSP00000349960	2041	160
1850120	9606.ENSP00000319169	20.3	1
1842159	9606.ENSP00000009180	694	2
1852399	9606.ENSP00000340995	14.0	1
1846903	9606.ENSP00000284382	205	4
1847225	9606.ENSP00000290354	335	13
1850365	9606.ENSP00000321584	133	4
1857270	9606.ENSP00000370074	20.8	5
1844269	9606.ENSP00000254072	86.7	3
1843228	9606.ENSP00000229922	31.7	3
1861358	9606.ENSP00000418447	16.9	1
1861384	9606.ENSP00000418842	344	3
1861450	9606.ENSP00000419970	221	9
1849549	9606.ENSP00000312606	162	6
1844568	9606.ENSP00000258091	93.8	4
1857064	9606.ENSP00000368952	48.9	3
1857950	9606.ENSP00000375682	157	4
1848319	9606.ENSP00000301659	1493	45
1849772	9606.ENSP00000315263	558	9
1858776	9606.ENSP00000382840	461	39
1846240	9606.ENSP00000272238	41.2	1
1853800	9606.ENSP00000352119	251	14
1851808	9606.ENSP00000335084	18.7	1
1853349	9606.ENSP00000348786	37.9	1
1851897	9606.ENSP00000336591	17.7	1
1847239	9606.ENSP00000290541	555	8
1857899	9606.ENSP00000375151	94.5	2
1852545	9606.ENSP00000342056	356	9
1842119	9606.ENSP00000003100	126	3
1861813	9606.ENSP00000429969	25.7	1
1845879	9606.ENSP00000266544	51.6	1
1855171	9606.ENSP00000359096	50.4	7
1847679	9606.ENSP00000296122	50.6	2
1845247	9606.ENSP00000262942	218	4
1842894	9606.ENSP00000222247	680	6
1859839	9606.ENSP00000394936	86.8	2
1858683	9606.ENSP00000382004	16.7	1
1848034	9606.ENSP00000299218	89.1	6
1860280	9606.ENSP00000401450	466	5
1862692	9606.ENSP00000450353	108	5
1858733	9606.ENSP00000382434	193	7
1858250	9606.ENSP00000378394	26.0	1
1844111	9606.ENSP00000252242	9412	562
1860192	9606.ENSP00000399970	17.5	1
1849775	9606.ENSP00000315299	1999	26
1853077	9606.ENSP00000346635	29.9	2
1856129	9606.ENSP00000363624	571	4
1860626	9606.ENSP00000406861	1022	89
1846820	9606.ENSP00000282878	10.8	2
1854590	9606.ENSP00000356399	5.71	1
1844509	9606.ENSP00000257497	50.0	1
1844660	9606.ENSP00000259037	155	1
1861604	9606.ENSP00000423673	98.3	2
1842572	9606.ENSP00000216254	77.2	4
1863798	9606.ENSP00000463483	50.7	13
1848494	9606.ENSP00000303145	905	14
1858078	9606.ENSP00000376889	817	32
1849590	9606.ENSP00000312999	3.82	1
1854862	9606.ENSP00000357731	215	1
1861691	9606.ENSP00000426909	1714	35
1849707	9606.ENSP00000314458	308	2
1854968	9606.ENSP00000358160	909	30
1844470	9606.ENSP00000256854	259	6
1848071	9606.ENSP00000299498	246	5
1852166	9606.ENSP00000339027	1196	20
1855489	9606.ENSP00000360525	37.0	1
1848495	9606.ENSP00000303147	74.2	1
1844112	9606.ENSP00000252244	33545	1362
1848037	9606.ENSP00000299259	53.2	2
1852662	9606.ENSP00000343129	168	8
1852496	9606.ENSP00000341730	202	3
1861989	9606.ENSP00000435096	532	4
1847300	9606.ENSP00000291577	74.2	1
1850229	9606.ENSP00000320295	284	59
1854887	9606.ENSP00000357799	487	2
1844953	9606.ENSP00000261636	133	2
1857927	9606.ENSP00000375429	679	1
1854209	9606.ENSP00000354739	1138	13
1844865	9606.ENSP00000261208	5311	193
1848799	9606.ENSP00000305995	118	6
1855566	9606.ENSP00000360939	699	14
1853006	9606.ENSP00000346037	1447	5
1857513	9606.ENSP00000371798	220	7
1844051	9606.ENSP00000251312	54.0	1
1842263	9606.ENSP00000156499	313	7
1852975	9606.ENSP00000345774	95.1	6
1858792	9606.ENSP00000382982	286	47
1858474	9606.ENSP00000380427	82.1	9
1844700	9606.ENSP00000259470	733	15
1852864	9606.ENSP00000344829	246	5
1856045	9606.ENSP00000363216	6.45	1
1854120	9606.ENSP00000354451	2.06	1
1844813	9606.ENSP00000260665	241	27
1848998	9606.ENSP00000307786	2279	18
1863592	9606.ENSP00000461295	12.6	1
1850504	9606.ENSP00000323036	292	5
1852999	9606.ENSP00000346001	1392	23
1843485	9606.ENSP00000238497	8.81	1
1845293	9606.ENSP00000263126	153	16
1862154	9606.ENSP00000440586	69.6	4
1843738	9606.ENSP00000244751	4.61	2
1849440	9606.ENSP00000311572	32.6	1
1853078	9606.ENSP00000346643	11.1	1
1858230	9606.ENSP00000378292	2999	109
1846322	9606.ENSP00000273398	922	36
1843571	9606.ENSP00000240617	296	8
1861242	9606.ENSP00000416706	210	43
1853439	9606.ENSP00000349430	337	33
1842861	9606.ENSP00000221801	41.0	1
1853070	9606.ENSP00000346598	499	14
1843040	9606.ENSP00000225655	381	5
1846243	9606.ENSP00000272298	452	11
1842444	9606.ENSP00000206765	4467	194
1852230	9606.ENSP00000339566	185	6
1849071	9606.ENSP00000308452	7209	414
1850028	9606.ENSP00000318197	237	36
1850702	9606.ENSP00000325002	29.0	2
1855756	9606.ENSP00000361875	174	1
1852542	9606.ENSP00000342026	840	17
1852404	9606.ENSP00000341031	161	4
1853925	9606.ENSP00000352980	846	79
1856347	9606.ENSP00000364794	22.5	2
1854504	9606.ENSP00000356022	605	5
1853847	9606.ENSP00000352438	111	5
1850888	9606.ENSP00000327070	2941	76
1851258	9606.ENSP00000330442	36.1	3
1845602	9606.ENSP00000264710	617	15
1856764	9606.ENSP00000367086	264	8
1855379	9606.ENSP00000359998	134	1
1853003	9606.ENSP00000346022	990	10
1856063	9606.ENSP00000363329	366	1
1851778	9606.ENSP00000334922	145	3
1842680	9606.ENSP00000217961	119	5
1845770	9606.ENSP00000265563	26.1	1
1861079	9606.ENSP00000414359	853	20
1847717	9606.ENSP00000296370	271	1
1849303	9606.ENSP00000310491	266	9
1862118	9606.ENSP00000439146	42.2	2
1854817	9606.ENSP00000357516	1232	33
1855881	9606.ENSP00000362409	136	6
1853378	9606.ENSP00000348965	36.6	12
1852725	9606.ENSP00000343657	20.3	1
1844159	9606.ENSP00000252785	63.1	1
1845836	9606.ENSP00000265983	32.9	1
1854724	9606.ENSP00000357066	5775	106
1847749	9606.ENSP00000296522	620	12
1851450	9606.ENSP00000332256	3.96	2
1852652	9606.ENSP00000343027	4.61	1
1856712	9606.ENSP00000366826	7.28	2
1854854	9606.ENSP00000357697	905	2
1849251	9606.ENSP00000310040	200	4
1854765	9606.ENSP00000357218	168	3
1852273	9606.ENSP00000339933	71.6	7
1848800	9606.ENSP00000306003	154	1
1851030	9606.ENSP00000328358	503	147
1851336	9606.ENSP00000331368	140	9
1842489	9606.ENSP00000215567	777	14
1849942	9606.ENSP00000317257	240	3
1856473	9606.ENSP00000365465	143	3
1848966	9606.ENSP00000307519	107	3
1843678	9606.ENSP00000243662	98.7	2
1856304	9606.ENSP00000364609	12.6	1
1854882	9606.ENSP00000357789	641	158
1848718	9606.ENSP00000305263	700	134
1844249	9606.ENSP00000253788	700	6
1848476	9606.ENSP00000302961	34.7	2
1847272	9606.ENSP00000291009	19238	229
1857206	9606.ENSP00000369703	650	94
1842892	9606.ENSP00000222219	77.8	1
1856742	9606.ENSP00000366962	337	33
1853014	9606.ENSP00000346088	2798	17
1846686	9606.ENSP00000280706	172	18
1857907	9606.ENSP00000375237	176	5
1842377	9606.ENSP00000198765	88.2	4
1846084	9606.ENSP00000269321	515	3
1855840	9606.ENSP00000362249	74.2	1
1842635	9606.ENSP00000217073	21.1	3
1862262	9606.ENSP00000443989	42.2	2
1846691	9606.ENSP00000280800	115	4
1851758	9606.ENSP00000334798	214	42
1843108	9606.ENSP00000227266	629	12
1843050	9606.ENSP00000225740	47.1	4
1846238	9606.ENSP00000272227	47.9	1
1850232	9606.ENSP00000320309	42.1	1
1859061	9606.ENSP00000385721	65.2	5
1842881	9606.ENSP00000222032	2989	2
1845900	9606.ENSP00000266735	399	1
1855709	9606.ENSP00000361642	67.0	1
1843505	9606.ENSP00000238875	199	2
1843138	9606.ENSP00000228318	487	11
1858630	9606.ENSP00000381607	1782	25
1862492	9606.ENSP00000448220	117	36
1853623	9606.ENSP00000350708	107	1
1855509	9606.ENSP00000360635	117	4
1845462	9606.ENSP00000264028	57.0	2
1856694	9606.ENSP00000366697	7.13	2
1861414	9606.ENSP00000419378	277	6
1856398	9606.ENSP00000365040	21.7	1
1854169	9606.ENSP00000354610	40.1	6
1844114	9606.ENSP00000252250	3405	495
1844078	9606.ENSP00000251646	1691	200
1844329	9606.ENSP00000254835	7.28	2
1857926	9606.ENSP00000375428	1479	2
1843237	9606.ENSP00000230085	85.2	1
1852461	9606.ENSP00000341481	193	2
1861891	9606.ENSP00000431872	1127	9
1853478	9606.ENSP00000349687	3535	29
1854883	9606.ENSP00000357791	127	10
1857267	9606.ENSP00000370055	82.1	1
1852962	9606.ENSP00000345689	94.1	6
1853048	9606.ENSP00000346402	111	3
1849174	9606.ENSP00000309431	173	43
1848876	9606.ENSP00000306752	20.1	1
1850255	9606.ENSP00000320516	10.8	1
1847526	9606.ENSP00000295065	29.8	1
1859091	9606.ENSP00000386104	233	5
1848205	9606.ENSP00000300688	293	3
1850648	9606.ENSP00000324527	9.84	1
1845441	9606.ENSP00000263946	292	18
1860664	9606.ENSP00000407487	37.6	2
1847391	9606.ENSP00000293217	1020	28
1847505	9606.ENSP00000294785	339	13
1848169	9606.ENSP00000300283	680	27
1847338	9606.ENSP00000292199	350	24
1843130	9606.ENSP00000227918	1431	3
1844517	9606.ENSP00000257570	37.6	1
1853389	9606.ENSP00000349078	313	5
1853005	9606.ENSP00000346032	5159	135
1851519	9606.ENSP00000332790	211	10
1849720	9606.ENSP00000314606	269	7
1851218	9606.ENSP00000330101	400	143
1858278	9606.ENSP00000378611	16.9	1
1846865	9606.ENSP00000283646	114	2
1842800	9606.ENSP00000220764	604	13
1844064	9606.ENSP00000251507	33.8	2
1853429	9606.ENSP00000349356	4.94	1
1855378	9606.ENSP00000359991	691	18
1862032	9606.ENSP00000436455	25.3	1
1856453	9606.ENSP00000365370	83.3	4
1859071	9606.ENSP00000385834	92.6	8
1861580	9606.ENSP00000423014	105	1
1861836	9606.ENSP00000430344	6.23	1
1860717	9606.ENSP00000408411	170	4
1848121	9606.ENSP00000300026	1516	14
1843820	9606.ENSP00000246533	51.4	2
1856010	9606.ENSP00000363018	404	7
1855208	9606.ENSP00000359297	41.6	1
1853610	9606.ENSP00000350580	225	23
1848075	9606.ENSP00000299529	26.3	1
1844499	9606.ENSP00000257264	149	2
1849150	9606.ENSP00000309148	447	11
1856083	9606.ENSP00000363395	69.3	4
1843949	9606.ENSP00000249071	46.5	1
1846727	9606.ENSP00000281455	155	8
1843463	9606.ENSP00000237530	82.4	2
1848744	9606.ENSP00000305556	336	10
1843084	9606.ENSP00000226299	192	10
1848935	9606.ENSP00000307240	182	65
1862767	9606.ENSP00000451560	227	59
1852481	9606.ENSP00000341625	166	2
1852680	9606.ENSP00000343282	846	79
1860146	9606.ENSP00000399259	26.5	1
1846789	9606.ENSP00000282382	9.37	1
1856678	9606.ENSP00000366623	12.9	1
1855278	9606.ENSP00000359539	544	12
1849423	9606.ENSP00000311449	217	12
1842370	9606.ENSP00000196371	74.8	2
1862296	9606.ENSP00000445677	104	26
1844196	9606.ENSP00000253083	11.2	1
1843052	9606.ENSP00000225792	164	14
1850212	9606.ENSP00000320171	1479	61
1843945	9606.ENSP00000249042	222	5
1845951	9606.ENSP00000267512	69.8	6
1849373	9606.ENSP00000311028	776	4
1856744	9606.ENSP00000366974	846	79
1842904	9606.ENSP00000222286	24.6	2
1856384	9606.ENSP00000364978	112	1
1855782	9606.ENSP00000362010	40.4	1
1859957	9606.ENSP00000396688	25.4	5
1845311	9606.ENSP00000263238	43.8	4
1858807	9606.ENSP00000383168	39.9	3
1852173	9606.ENSP00000339095	993	11
1853442	9606.ENSP00000349456	56.7	4
1857124	9606.ENSP00000369317	3830	513
1842128	9606.ENSP00000005257	48.4	1
1844574	9606.ENSP00000258145	106	3
1850420	9606.ENSP00000322175	126	2
1857364	9606.ENSP00000370736	47.9	1
1843106	9606.ENSP00000227251	355	4
1857908	9606.ENSP00000375238	176	5
1852412	9606.ENSP00000341094	251	14
1848424	9606.ENSP00000302579	117	6
1848662	9606.ENSP00000304697	1020	64
1860446	9606.ENSP00000404011	85.8	40
1854804	9606.ENSP00000357453	28.8	1
1857846	9606.ENSP00000374332	52.7	1
1857096	9606.ENSP00000369129	4514	811
1861468	9606.ENSP00000420227	23.5	2
1853869	9606.ENSP00000352584	133	4
1853912	9606.ENSP00000352918	111	1
1854433	9606.ENSP00000355657	909	30
1844188	9606.ENSP00000253024	19.5	1
1846668	9606.ENSP00000280357	41.9	1
1853437	9606.ENSP00000349415	104	3
1846264	9606.ENSP00000272519	51.2	1
1858384	9606.ENSP00000379616	39.1	16
1846414	9606.ENSP00000274793	120	3
1854092	9606.ENSP00000354219	411	18
1845610	9606.ENSP00000264728	212	2
1854963	9606.ENSP00000358153	846	79
1858423	9606.ENSP00000380033	112	14
1848936	9606.ENSP00000307241	45.8	1
1849729	9606.ENSP00000314733	125	2
1855017	9606.ENSP00000358421	28.9	2
1861905	9606.ENSP00000432279	262	1
1863975	9606.ENSP00000467123	9.04	1
1854818	9606.ENSP00000357535	224	5
1856352	9606.ENSP00000364805	201	28
1848043	9606.ENSP00000299299	106	1
1843624	9606.ENSP00000242338	77.6	1
1854861	9606.ENSP00000357727	21681	180
1855451	9606.ENSP00000360316	91.0	3
1853630	9606.ENSP00000350767	846	79
1849571	9606.ENSP00000312734	66.4	8
1845043	9606.ENSP00000262030	2441	91
1844128	9606.ENSP00000252487	657	8
1850651	9606.ENSP00000324549	23.0	2
1854454	9606.ENSP00000355778	909	30
1857423	9606.ENSP00000371138	183	1
1851375	9606.ENSP00000331678	134	9
1858216	9606.ENSP00000378160	564	3
1845059	9606.ENSP00000262094	85.5	10
1849380	9606.ENSP00000311113	3059	165
1862129	9606.ENSP00000439493	909	30
1854437	9606.ENSP00000355689	37.7	1
1850713	9606.ENSP00000325136	365	11
1850936	9606.ENSP00000327557	166	4
1843690	9606.ENSP00000243924	2027	14
1851532	9606.ENSP00000332887	117	1
1854552	9606.ENSP00000356224	1.21	1
1854551	9606.ENSP00000356218	53.4	1
1845087	9606.ENSP00000262193	1668	21
1852553	9606.ENSP00000342109	401	14
1847163	9606.ENSP00000289316	337	33
1846627	9606.ENSP00000279263	184	2
1851281	9606.ENSP00000330737	104	2
1849038	9606.ENSP00000308165	39.6	1
1845208	9606.ENSP00000262746	6319	107
1849166	9606.ENSP00000309334	256	3
1847255	9606.ENSP00000290776	5.8	2
1853848	9606.ENSP00000352442	337	33
1851182	9606.ENSP00000329757	1468	3
1848986	9606.ENSP00000307705	185	6
1853541	9606.ENSP00000350052	142	57
1860845	9606.ENSP00000410403	27.9	8
1855402	9606.ENSP00000360141	23.3	2
1858039	9606.ENSP00000376504	17.8	1
1854858	9606.ENSP00000357711	9337	110
1850897	9606.ENSP00000327145	1.64	1
1844115	9606.ENSP00000252252	4110	526
1859774	9606.ENSP00000394107	171	5
1861867	9606.ENSP00000431254	1706	23
1843726	9606.ENSP00000244573	50.4	2
1847627	9606.ENSP00000295822	492	11
1844285	9606.ENSP00000254301	532	5
1854730	9606.ENSP00000357075	934	17
1853385	9606.ENSP00000349017	10.2	1
1854402	9606.ENSP00000355537	25.9	7
1847404	9606.ENSP00000293308	349	114
1843912	9606.ENSP00000248437	909	70
1856733	9606.ENSP00000366927	5.44	2
1859034	9606.ENSP00000385432	111	3
1860562	9606.ENSP00000405926	20.7	1
1863176	9606.ENSP00000458075	18.1	1
1854153	9606.ENSP00000354573	2.4	3
1852793	9606.ENSP00000344259	91.0	1
1858193	9606.ENSP00000377941	124	25
1850707	9606.ENSP00000325074	141	4
1845950	9606.ENSP00000267502	785	15
1854763	9606.ENSP00000357204	3681	27
1848848	9606.ENSP00000306477	139	4
1855943	9606.ENSP00000362688	113	3
1847426	9606.ENSP00000293670	2094	280
1850072	9606.ENSP00000318697	265	42
1858997	9606.ENSP00000384900	20.5	1
1861418	9606.ENSP00000419425	2624	25
1856869	9606.ENSP00000367697	96.0	2
1846086	9606.ENSP00000269349	233	11
1847903	9606.ENSP00000297785	44.9	6
1848773	9606.ENSP00000305790	16.5	1
1848102	9606.ENSP00000299767	543	34
1847420	9606.ENSP00000293525	1944	286
1848178	9606.ENSP00000300408	364	9
1847048	9606.ENSP00000287038	431	4
1843827	9606.ENSP00000246635	852	149
1850618	9606.ENSP00000324173	1200	50
1846069	9606.ENSP00000269159	528	8
1842558	9606.ENSP00000216181	1135	148
1848400	9606.ENSP00000302393	97.2	10
1857955	9606.ENSP00000375730	1571	15
1859406	9606.ENSP00000389160	46.8	1
1858612	9606.ENSP00000381494	279	5
1845175	9606.ENSP00000262584	330	3
1850450	9606.ENSP00000322439	539	17
1854111	9606.ENSP00000354376	28.8	2
1859634	9606.ENSP00000392330	74.1	1
1842599	9606.ENSP00000216455	903	16
1850893	9606.ENSP00000327116	11.2	1
1853397	9606.ENSP00000349142	261	5
1849765	9606.ENSP00000315167	2342	104
1847021	9606.ENSP00000286621	37.7	1
1853373	9606.ENSP00000348924	337	33
1852698	9606.ENSP00000343445	7795	267
1861761	9606.ENSP00000428845	232	4
1846235	9606.ENSP00000272217	27.6	1
1857461	9606.ENSP00000371393	73.2	4
1843371	9606.ENSP00000233840	33.8	1
1852912	9606.ENSP00000345230	1525	34
1852102	9606.ENSP00000338358	544	14
1843813	9606.ENSP00000246194	55.5	1
1843303	9606.ENSP00000231751	311	23
1848317	9606.ENSP00000301653	5591	421
1854873	9606.ENSP00000357762	457	17
1860439	9606.ENSP00000403936	368	11
1844885	9606.ENSP00000261313	442	4
1859771	9606.ENSP00000394071	82.6	6
1860696	9606.ENSP00000407952	158	11
1854241	9606.ENSP00000354876	809	7
1849018	9606.ENSP00000307900	172	4
1846249	9606.ENSP00000272348	373	1
1856793	9606.ENSP00000367220	506	10
1862989	9606.ENSP00000455744	395	10
1847431	9606.ENSP00000293745	302	72
1843711	9606.ENSP00000244333	496	9
1844101	9606.ENSP00000252071	126	4
1856687	9606.ENSP00000366672	596	5
1854041	9606.ENSP00000353826	29.0	2
1847132	9606.ENSP00000288666	61.2	4
1848467	9606.ENSP00000302896	2822	25
1852252	9606.ENSP00000339801	21.1	1
1853556	9606.ENSP00000350199	35.2	3
1846685	9606.ENSP00000280704	77.6	8
1857091	9606.ENSP00000369081	220	4
1847624	9606.ENSP00000295777	732	15
1845161	9606.ENSP00000262506	78.6	2
1847885	9606.ENSP00000297564	261	1
1861507	9606.ENSP00000420914	482	24
1849961	9606.ENSP00000317445	175	6
1848653	9606.ENSP00000304592	737	106
1859718	9606.ENSP00000393393	740	3
1843022	9606.ENSP00000225426	1587	16
1854964	9606.ENSP00000358154	909	30
1854962	9606.ENSP00000358151	225	23
1843060	9606.ENSP00000225899	177	77
1854274	9606.ENSP00000354982	631	3
1843188	9606.ENSP00000229264	15.4	1
1862912	9606.ENSP00000454746	769	10
1842452	9606.ENSP00000209718	1453	50
1859791	9606.ENSP00000394316	61.0	1
1859428	9606.ENSP00000389465	172	4
1846222	9606.ENSP00000272065	57.3	1
1857282	9606.ENSP00000370129	350	17
1861946	9606.ENSP00000433721	232	4
1856229	9606.ENSP00000364212	422	5
1845413	9606.ENSP00000263780	247	2
1853267	9606.ENSP00000348163	82.7	6
1842405	9606.ENSP00000202773	2037	25
1851493	9606.ENSP00000332613	135	2
1849313	9606.ENSP00000310572	34.1	1
1853215	9606.ENSP00000347778	6.47	1
1853404	9606.ENSP00000349168	193	7
1860352	9606.ENSP00000402551	363	5
1843081	9606.ENSP00000226253	114	4
1844444	9606.ENSP00000256497	4.74	1
1844633	9606.ENSP00000258761	56.9	1
1855579	9606.ENSP00000360998	274	4
1852480	9606.ENSP00000341610	407	2
1849358	9606.ENSP00000310861	4956	413
1851147	9606.ENSP00000329419	55.5	4
1849694	9606.ENSP00000314299	26.3	1
1853981	9606.ENSP00000353452	5.58	1
1846035	9606.ENSP00000268695	86.7	2
1847035	9606.ENSP00000286788	43.8	2
1858077	9606.ENSP00000376886	1230	28
1861022	9606.ENSP00000413479	520	153
1844327	9606.ENSP00000254810	909	30
1854773	9606.ENSP00000357283	2645	132
1844876	9606.ENSP00000261263	21.9	1
1846664	9606.ENSP00000280326	175	5
1857956	9606.ENSP00000375736	205	22
1847443	9606.ENSP00000293831	1683	55
1842503	9606.ENSP00000215754	117	1
1842921	9606.ENSP00000222482	2718	51
1845677	9606.ENSP00000265062	509	11
1842482	9606.ENSP00000215375	262	2
1845579	9606.ENSP00000264639	49.4	2
1862287	9606.ENSP00000445077	42.0	2
1847574	9606.ENSP00000295448	78.8	2
1843712	9606.ENSP00000244336	21.6	2
1861932	9606.ENSP00000433352	14.3	1
1845983	9606.ENSP00000267996	524	19
1846443	9606.ENSP00000275428	4355	56
1842546	9606.ENSP00000216117	565	11
1853008	9606.ENSP00000346046	213	3
1854859	9606.ENSP00000357721	36743	196
1851302	9606.ENSP00000331019	136	1
1845524	9606.ENSP00000264335	1173	39
1843861	9606.ENSP00000247207	679	48
1854965	9606.ENSP00000358155	251	14
1845102	9606.ENSP00000262269	187	36
1862334	9606.ENSP00000446714	554	7
1861690	9606.ENSP00000426906	41.6	1
1854304	9606.ENSP00000355124	1268	187
1846206	9606.ENSP00000271638	7744	48
1857460	9606.ENSP00000371388	50.3	1
1843197	9606.ENSP00000229319	508	19
1855599	9606.ENSP00000361076	2189	24
1853039	9606.ENSP00000346316	846	79
1858539	9606.ENSP00000380998	163	1
1843095	9606.ENSP00000226578	77.0	4
1849420	9606.ENSP00000311430	83.4	2
1859040	9606.ENSP00000385479	909	30
1842109	9606.ENSP00000000233	149	7
1857983	9606.ENSP00000375977	158	7
1842551	9606.ENSP00000216129	135	7
1844419	9606.ENSP00000256319	101	1
1844943	9606.ENSP00000261592	5.22	1
1844699	9606.ENSP00000259469	2828	7
1856578	9606.ENSP00000366124	289	3
1842165	9606.ENSP00000011473	214	3
1851211	9606.ENSP00000330054	5653	187
1843828	9606.ENSP00000246646	839	96
1850962	9606.ENSP00000327801	449	15
1842300	9606.ENSP00000167586	9086	534
1850346	9606.ENSP00000321389	211	13
1855016	9606.ENSP00000358417	26.4	1
1849034	9606.ENSP00000308107	22.5	1
1850592	9606.ENSP00000323889	159	8
1844076	9606.ENSP00000251643	139	41
1850384	9606.ENSP00000321744	337	33
1842830	9606.ENSP00000221418	557	11
1855683	9606.ENSP00000361536	104	1
1842174	9606.ENSP00000013034	1237	27
1862300	9606.ENSP00000445831	314	33
1850066	9606.ENSP00000318646	1880	17
1843906	9606.ENSP00000248272	42.9	2
1853938	9606.ENSP00000353074	337	33
1842488	9606.ENSP00000215565	181	1
1844727	9606.ENSP00000259818	608	93
1858589	9606.ENSP00000381293	40.4	3
1846725	9606.ENSP00000281441	81.0	1
1852398	9606.ENSP00000340989	6409	92
1846923	9606.ENSP00000284719	313	6
1843869	9606.ENSP00000247470	87.6	1
1843405	9606.ENSP00000234590	3010	70
1852478	9606.ENSP00000341584	88.7	3
1855757	9606.ENSP00000361878	463	15
1859157	9606.ENSP00000386385	420	6
1848361	9606.ENSP00000302021	79.8	1
1856177	9606.ENSP00000363899	116	3
1859870	9606.ENSP00000395473	41.3	3
1852510	9606.ENSP00000341826	594	17
1862096	9606.ENSP00000438465	81.1	3
1849952	9606.ENSP00000317334	235	13
1848971	9606.ENSP00000307567	82.2	6
1863869	9606.ENSP00000464265	574	43
1854940	9606.ENSP00000358045	251	9
1857244	9606.ENSP00000369927	357	21
1859748	9606.ENSP00000393845	13.5	1
1858515	9606.ENSP00000380795	143	2
1861538	9606.ENSP00000421689	55.4	3
1857951	9606.ENSP00000375683	3560	36
