#id: 185
#name: H.sapiens - Skin, SC (L.Amon,FHCRC,ID18251-18264)
#score: 3.38
#weight: 100%
#description: abundance based on Spectral counting, from<a href="http://www.ebi.ac.uk/pride/" target="_blank">L.Amon,FHCRC,ID18251-18264</a><br/><b>Interaction consistency score</b>: 3.38&nbsp<b>Coverage</b>: 9
#organ: SKIN
#integrated: false
#coverage: 9
#publication_year: 
#filename: 9606-human4_normal_PRIDE.txt
#
#internal_id	string_external_id	abundance	raw_spectral_count
1863965	9606.ENSP00000466775	681	69
1847584	9606.ENSP00000295522	41.2	12
1848483	9606.ENSP00000303057	5.24	2
1863607	9606.ENSP00000461388	3.3	3
1845059	9606.ENSP00000262094	2.95	2
1859255	9606.ENSP00000387262	788	1167
1850804	9606.ENSP00000326219	9.31	9
1849380	9606.ENSP00000311113	1033	1384
1848245	9606.ENSP00000301072	465	1459
1845214	9606.ENSP00000262776	121	122
1854901	9606.ENSP00000357858	14.1	8
1855883	9606.ENSP00000362413	348	201
1859080	9606.ENSP00000385927	20.6	9
1856125	9606.ENSP00000363603	9.63	9
1854706	9606.ENSP00000356988	199	102
1857559	9606.ENSP00000372136	47.8	30
1850586	9606.ENSP00000323856	103	928
1860535	9606.ENSP00000405573	41.1	37
1849473	9606.ENSP00000311876	60.9	48
1844247	9606.ENSP00000253754	45.2	29
1844650	9606.ENSP00000258955	29.6	35
1845339	9606.ENSP00000263368	2181	614
1845583	9606.ENSP00000264651	393	5437
1852226	9606.ENSP00000339521	146	30
1854889	9606.ENSP00000357807	20.2	6
1853151	9606.ENSP00000347271	134	32
1848072	9606.ENSP00000299502	44.9	24
1847466	9606.ENSP00000294119	110	26
1856140	9606.ENSP00000363676	42.5	11
1851354	9606.ENSP00000331514	14623	26754
1863597	9606.ENSP00000461324	14.9	25
1843382	9606.ENSP00000234071	73.6	16
1845114	9606.ENSP00000262306	75.2	15
1858204	9606.ENSP00000377995	371	158
1844123	9606.ENSP00000252456	296	163
1843830	9606.ENSP00000246662	7040	5296
1852451	9606.ENSP00000341361	7.37	2
1853670	9606.ENSP00000351108	203	72
1851571	9606.ENSP00000333298	371	191
1854397	9606.ENSP00000355518	39.2	30
1845376	9606.ENSP00000263620	2.51	9
1854615	9606.ENSP00000356520	3.1	5
1849495	9606.ENSP00000312122	146	51
1842974	9606.ENSP00000223321	4.2	5
1851504	9606.ENSP00000332706	43.9	6
1860937	9606.ENSP00000411825	552	639
1854585	9606.ENSP00000356382	46.4	60
1855030	9606.ENSP00000358474	13.3	8
1844701	9606.ENSP00000259477	10.8	3
1853069	9606.ENSP00000346577	12.9	36
1843722	9606.ENSP00000244534	139	91
1843731	9606.ENSP00000244661	32.0	23
1855516	9606.ENSP00000360671	14.1	23
1855600	9606.ENSP00000361083	660	54
1845897	9606.ENSP00000266718	4235	2560
1862814	9606.ENSP00000452762	266	170
1847664	9606.ENSP00000296028	23.5	7
1855522	9606.ENSP00000360688	3.98	2
1853814	9606.ENSP00000352208	6.87	30
1847771	9606.ENSP00000296666	145	58
1848820	9606.ENSP00000306223	6.75	18
1855086	9606.ENSP00000358737	21.8	14
1842266	9606.ENSP00000157600	12.4	8
1855858	9606.ENSP00000362329	308	164
1861487	9606.ENSP00000420487	6.17	16
1847542	9606.ENSP00000295137	4396	17398
1852693	9606.ENSP00000343412	20.7	13
1843262	9606.ENSP00000230658	2.35	2
1844077	9606.ENSP00000251645	175	4697
1849840	9606.ENSP00000316042	2.04	1
1854866	9606.ENSP00000357739	28.5	34
1851265	9606.ENSP00000330523	14.4	6
1855708	9606.ENSP00000361640	75.3	43
1852440	9606.ENSP00000341285	138	186
1858066	9606.ENSP00000376800	455	81
1860680	9606.ENSP00000407749	6.51	7
1842838	9606.ENSP00000221466	48.3	27
1857486	9606.ENSP00000371554	919	368
1844779	9606.ENSP00000260356	39.4	84
1851881	9606.ENSP00000335632	54.6	10
1856998	9606.ENSP00000368528	14.5	6
1852641	9606.ENSP00000342935	22.3	5
1846187	9606.ENSP00000271308	156	67
1855855	9606.ENSP00000362308	304	60
1848197	9606.ENSP00000300605	18.0	4
1848824	9606.ENSP00000306261	52.4	535
1842851	9606.ENSP00000221566	21.7	11
1859549	9606.ENSP00000391266	716	174
1853243	9606.ENSP00000347988	139	23
1854428	9606.ENSP00000355645	4634	17060
1846772	9606.ENSP00000282111	12.3	6
1846241	9606.ENSP00000272252	112	66
1857384	9606.ENSP00000370867	19.2	25
1856799	9606.ENSP00000367263	629	5258
1842532	9606.ENSP00000216034	4.65	2
1854507	9606.ENSP00000356037	42.0	52
1843632	9606.ENSP00000242577	121	27
1854604	9606.ENSP00000356448	15.3	46
1853986	9606.ENSP00000353472	1457	4280
1843112	9606.ENSP00000227378	441	1000
1846014	9606.ENSP00000268379	6.26	4
1848151	9606.ENSP00000300161	352	909
1852186	9606.ENSP00000339191	197	60
1847841	9606.ENSP00000297258	814	167
1843442	9606.ENSP00000236850	4072	2149
1845181	9606.ENSP00000262613	126	60
1849409	9606.ENSP00000311344	122	234
1856105	9606.ENSP00000363500	275	135
1845244	9606.ENSP00000262919	20.6	40
1858297	9606.ENSP00000378812	156	15
1855975	9606.ENSP00000362817	21.2	4
1843307	9606.ENSP00000232003	68.4	57
1847212	9606.ENSP00000290216	123	70
1857211	9606.ENSP00000369736	71.3	5
1848801	9606.ENSP00000306010	59.0	77
1853263	9606.ENSP00000348129	3.22	6
1851987	9606.ENSP00000337358	7.1	7
1847997	9606.ENSP00000298841	3.01	3
1854832	9606.ENSP00000357594	3.18	2
1845671	9606.ENSP00000265029	148	48
1850519	9606.ENSP00000323178	5.21	10
1845020	9606.ENSP00000261890	236	189
1856800	9606.ENSP00000367265	47.3	38
1848923	9606.ENSP00000307156	17.7	44
1843534	9606.ENSP00000239730	148	26
1849058	9606.ENSP00000308334	9.11	11
1856265	9606.ENSP00000364403	1.24	13
1844589	9606.ENSP00000258341	7.01	20
1856950	9606.ENSP00000368189	4.01	9
1861305	9606.ENSP00000417580	137	36
1845616	9606.ENSP00000264758	93.5	110
1842446	9606.ENSP00000207437	408	324
1855051	9606.ENSP00000358548	26.5	42
1842734	9606.ENSP00000219252	8.08	4
1844723	9606.ENSP00000259791	163	685
1847312	9606.ENSP00000291744	10.3	6
1846551	9606.ENSP00000278193	6.34	3
1844460	9606.ENSP00000256682	61.7	98
1856660	9606.ENSP00000366525	1241	399
1847027	9606.ENSP00000286713	178	110
1844711	9606.ENSP00000259632	26.7	8
1844317	9606.ENSP00000254722	517	351
1858628	9606.ENSP00000381599	12.6	12
1850374	9606.ENSP00000321691	34.8	18
1852863	9606.ENSP00000344822	107	13
1854629	9606.ENSP00000356574	9.09	11
1856159	9606.ENSP00000363794	3.31	2
1848019	9606.ENSP00000299138	6.8	10
1846386	9606.ENSP00000274458	3.14	3
1852826	9606.ENSP00000344504	47.4	8
1853333	9606.ENSP00000348706	628	1317
1853096	9606.ENSP00000346827	65.8	68
1847266	9606.ENSP00000290921	9.58	14
1845087	9606.ENSP00000262193	47.9	19
1849633	9606.ENSP00000313571	540	290
1860177	9606.ENSP00000399696	11.8	18
1852071	9606.ENSP00000338082	2168	1660
1842726	9606.ENSP00000219169	36.9	11
1847808	9606.ENSP00000296930	601	262
1854062	9606.ENSP00000354003	499	28
1846906	9606.ENSP00000284440	324	71
1852387	9606.ENSP00000340937	5.88	13
1848672	9606.ENSP00000304802	24.5	8
1851313	9606.ENSP00000331127	38.9	40
1853568	9606.ENSP00000350275	32.0	23
1844989	9606.ENSP00000261772	7.01	16
1851474	9606.ENSP00000332449	20.9	3
1854055	9606.ENSP00000353942	4.22	9
1856491	9606.ENSP00000365569	106	142
1845152	9606.ENSP00000262461	7.02	9
1846563	9606.ENSP00000278407	166	120
1849940	9606.ENSP00000317232	6.47	8
1862126	9606.ENSP00000439444	380	504
1843569	9606.ENSP00000240587	1.35	5
1860209	9606.ENSP00000400168	2.3	10
1849396	9606.ENSP00000311245	10.8	2
1846836	9606.ENSP00000283179	80.4	68
1855990	9606.ENSP00000362924	775	610
1858211	9606.ENSP00000378130	323	373
1842671	9606.ENSP00000217456	97.7	104
1853595	9606.ENSP00000350425	363	268
1861233	9606.ENSP00000416561	590	1269
1842943	9606.ENSP00000222800	26.8	16
1854904	9606.ENSP00000357873	46.0	32
1845743	9606.ENSP00000265394	29.1	24
1849226	9606.ENSP00000309790	1.21	3
1843439	9606.ENSP00000236671	587	620
1849703	9606.ENSP00000314414	52.6	157
1844012	9606.ENSP00000250495	55.0	13
1854926	9606.ENSP00000357943	15.3	12
1848600	9606.ENSP00000304102	47.8	27
1855755	9606.ENSP00000361871	17.4	3
1855279	9606.ENSP00000359540	16.1	4
1853007	9606.ENSP00000346045	25.0	6
1863911	9606.ENSP00000465194	4.15	1
1845249	9606.ENSP00000262947	33.3	10
1849183	9606.ENSP00000309503	2193	1654
1845812	9606.ENSP00000265838	342	245
1852755	9606.ENSP00000343924	1137	751
1842521	9606.ENSP00000215909	402	105
1844885	9606.ENSP00000261313	2618	582
1845637	9606.ENSP00000264893	100.0	111
1844129	9606.ENSP00000252491	39.0	2
1850781	9606.ENSP00000325905	93.1	28
1852498	9606.ENSP00000341743	354	101
1861881	9606.ENSP00000431538	11.7	6
1846951	9606.ENSP00000285208	12.5	14
1847555	9606.ENSP00000295237	0.624	4
1850792	9606.ENSP00000326031	109	199
1858681	9606.ENSP00000381992	34.6	46
1848044	9606.ENSP00000299300	102	94
1845520	9606.ENSP00000264312	83.5	18
1862734	9606.ENSP00000450995	2.3	10
1850038	9606.ENSP00000318318	18.6	17
1854707	9606.ENSP00000356989	19.1	7
1851568	9606.ENSP00000333277	32.0	23
1847224	9606.ENSP00000290349	275	220
1861167	9606.ENSP00000415634	174	98
1844144	9606.ENSP00000252603	238	78
1844198	9606.ENSP00000253108	36.2	17
1849932	9606.ENSP00000317141	66.2	39
1854504	9606.ENSP00000356022	1856	636
1852156	9606.ENSP00000338934	54.3	173
1858761	9606.ENSP00000382707	28.8	15
1854774	9606.ENSP00000357288	41.7	12
1861306	9606.ENSP00000417581	1.64	1
1848987	9606.ENSP00000307706	347	143
1852653	9606.ENSP00000343040	55.7	40
1854006	9606.ENSP00000353624	94.2	120
1845517	9606.ENSP00000264265	112	22
1854899	9606.ENSP00000357842	78.8	57
1847580	9606.ENSP00000295470	103	124
1856676	9606.ENSP00000366618	628	1317
1853365	9606.ENSP00000348886	430	233
1846728	9606.ENSP00000281456	10.9	20
1855425	9606.ENSP00000360217	45.7	9
1856647	9606.ENSP00000366466	649	75
1850327	9606.ENSP00000321259	289	166
1861891	9606.ENSP00000431872	68.4	25
1847083	9606.ENSP00000287706	5.59	3
1846064	9606.ENSP00000269122	9.81	41
1842957	9606.ENSP00000223061	90.9	82
1854869	9606.ENSP00000357753	3.98	6
1851925	9606.ENSP00000336775	19.1	37
1846009	9606.ENSP00000268261	7.33	4
1858510	9606.ENSP00000380762	19.7	4
1853944	9606.ENSP00000353099	3133	1332
1848121	9606.ENSP00000300026	146	46
1850288	9606.ENSP00000320866	18.2	13
1849201	9606.ENSP00000309591	10.8	8
1848935	9606.ENSP00000307240	31.5	514
1856583	9606.ENSP00000366156	2.95	2
1845757	9606.ENSP00000265462	681	297
1842332	9606.ENSP00000178638	31.5	12
1863943	9606.ENSP00000466214	112	25
1863037	9606.ENSP00000456318	19.1	6
1850828	9606.ENSP00000326381	39.0	89
1842214	9606.ENSP00000044462	13.0	10
1848223	9606.ENSP00000300935	8.13	4
1861313	9606.ENSP00000417656	45.9	1
1844015	9606.ENSP00000250559	43.1	56
1845647	9606.ENSP00000264933	95.2	28
1858185	9606.ENSP00000377867	19.4	29
1861219	9606.ENSP00000416293	11.5	10
1858492	9606.ENSP00000380598	11.0	10
1847909	9606.ENSP00000297848	41.7	114
1849619	9606.ENSP00000313391	8.71	9
1843937	9606.ENSP00000248975	230	792
1856207	9606.ENSP00000364076	311	152
1848473	9606.ENSP00000302936	19.7	12
1854719	9606.ENSP00000357047	12.7	12
1858179	9606.ENSP00000377833	2060	1185
1857216	9606.ENSP00000369757	48.6	9
1847717	9606.ENSP00000296370	95.2	14
1853135	9606.ENSP00000347168	94.2	120
1859771	9606.ENSP00000394071	109	228
1844696	9606.ENSP00000259457	23.5	7
1844558	9606.ENSP00000257951	28.6	686
1844406	9606.ENSP00000256103	17.4	5
1855976	9606.ENSP00000362820	107	28
1854141	9606.ENSP00000354532	642	309
1842505	9606.ENSP00000215773	237	95
1853504	9606.ENSP00000349873	163	685
1852107	9606.ENSP00000338413	72.7	128
1842599	9606.ENSP00000216455	18.6	8
1856131	9606.ENSP00000363638	36.6	8
1858191	9606.ENSP00000377914	35.3	23
1858063	9606.ENSP00000376793	894	738
1847208	9606.ENSP00000290158	1.94	3
1853014	9606.ENSP00000346088	41.3	7
1852102	9606.ENSP00000338358	17.7	14
1859724	9606.ENSP00000393541	29.5	10
1842985	9606.ENSP00000223500	27.9	6
1843162	9606.ENSP00000228825	408	134
1842160	9606.ENSP00000009530	385	156
1847937	9606.ENSP00000298223	36.6	19
1845411	9606.ENSP00000263774	257	132
1852723	9606.ENSP00000343645	113	189
1848865	9606.ENSP00000306614	29.8	12
1855347	9606.ENSP00000359804	512	391
1861981	9606.ENSP00000434724	18.1	10
1858149	9606.ENSP00000377558	164	4680
1849273	9606.ENSP00000310219	200	1030
1853696	9606.ENSP00000351314	27.7	12
1844184	9606.ENSP00000253003	54.0	19
1843271	9606.ENSP00000231004	119	67
1844251	9606.ENSP00000253794	4.84	3
1843750	9606.ENSP00000245206	41.7	37
1856167	9606.ENSP00000363827	6.4	43
1850494	9606.ENSP00000322909	165	102
1855382	9606.ENSP00000360021	247	36
1851406	9606.ENSP00000331897	20.0	11
1853980	9606.ENSP00000353444	18.8	18
1851117	9606.ENSP00000329165	191	4686
1855272	9606.ENSP00000359525	49.3	24
1856733	9606.ENSP00000366927	41.3	34
1843493	9606.ENSP00000238647	2.5	3
1850610	9606.ENSP00000324074	35.9	10
1862817	9606.ENSP00000452780	1811	239
1846617	9606.ENSP00000279146	206	117
1844907	9606.ENSP00000261416	75.1	64
1848963	9606.ENSP00000307508	23.3	16
1857229	9606.ENSP00000369855	17.8	5
1842632	9606.ENSP00000216968	24.3	8
1848401	9606.ENSP00000302397	25.0	107
1845797	9606.ENSP00000265729	291	103
1843185	9606.ENSP00000229239	3320	1878
1849982	9606.ENSP00000317780	70.7	16
1844986	9606.ENSP00000261755	19.8	19
1859748	9606.ENSP00000393845	18.0	34
1853252	9606.ENSP00000348054	47.8	13
1861347	9606.ENSP00000418193	5.34	11
1854424	9606.ENSP00000355627	429	317
1845927	9606.ENSP00000267202	23.6	7
1853366	9606.ENSP00000348888	5.31	8
1846609	9606.ENSP00000279022	274	157
1855297	9606.ENSP00000359596	8.38	9
1847940	9606.ENSP00000298248	18.2	12
1858997	9606.ENSP00000384900	47.0	72
1853520	9606.ENSP00000349955	7.13	7
1853006	9606.ENSP00000346037	172	25
1848617	9606.ENSP00000304236	119	45
1843580	9606.ENSP00000240851	112	45
1851466	9606.ENSP00000332371	3.74	13
1863176	9606.ENSP00000458075	38.6	36
1852886	9606.ENSP00000345024	3.73	7
1859600	9606.ENSP00000391826	76.8	34
1846079	9606.ENSP00000269243	1.71	25
1843169	9606.ENSP00000228872	71.2	18
1842303	9606.ENSP00000168216	687	308
1844013	9606.ENSP00000250498	91.7	17
1848511	9606.ENSP00000303242	57.1	100
1857323	9606.ENSP00000370419	13.3	11
1856904	9606.ENSP00000367891	540	290
1855026	9606.ENSP00000358460	103	48
1846097	9606.ENSP00000269491	41.1	35
1863114	9606.ENSP00000457299	16.5	9
1846902	9606.ENSP00000284322	123	260
1855084	9606.ENSP00000358727	397	165
1852466	9606.ENSP00000341524	246	133
1853158	9606.ENSP00000347324	6.42	3
1849102	9606.ENSP00000308720	325	138
1849816	9606.ENSP00000315757	616	939
1852335	9606.ENSP00000340510	318	842
1849459	9606.ENSP00000311747	20.2	6
1850566	9606.ENSP00000323663	7.39	10
1848951	9606.ENSP00000307340	376	141
1860451	9606.ENSP00000404042	20.3	11
1845372	9606.ENSP00000263579	42.7	26
1849168	9606.ENSP00000309338	43.6	20
1851288	9606.ENSP00000330825	55.7	15
1852967	9606.ENSP00000345728	4.14	15
1858295	9606.ENSP00000378786	592	252
1846338	9606.ENSP00000273853	9.06	24
1842451	9606.ENSP00000209668	150	184
1843634	9606.ENSP00000242592	41.4	33
1845429	9606.ENSP00000263867	1459	788
1842152	9606.ENSP00000007735	6.21	17
1851035	9606.ENSP00000328405	15.4	32
1843703	9606.ENSP00000244217	2.08	1
1857558	9606.ENSP00000372126	47.8	30
1850693	9606.ENSP00000324897	66.2	10
1850438	9606.ENSP00000322316	18.0	7
1856790	9606.ENSP00000367208	8.92	10
1859907	9606.ENSP00000396045	1.72	12
1861595	9606.ENSP00000423563	16.5	12
1861848	9606.ENSP00000430706	22.9	16
1842374	9606.ENSP00000196551	33.2	8
1848300	9606.ENSP00000301464	4.06	2
1844034	9606.ENSP00000251047	7.82	5
1847749	9606.ENSP00000296522	7.68	7
1855912	9606.ENSP00000362566	44.7	78
1853763	9606.ENSP00000351755	15.2	5
1855545	9606.ENSP00000360822	2.91	20
1847973	9606.ENSP00000298556	179	94
1860725	9606.ENSP00000408526	40.4	17
1852652	9606.ENSP00000343027	9.28	19
1845475	9606.ENSP00000264071	154	805
1858579	9606.ENSP00000381237	11.8	10
1847032	9606.ENSP00000286749	10.7	13
1854079	9606.ENSP00000354125	8.29	11
1861812	9606.ENSP00000429931	59.7	32
1848180	9606.ENSP00000300417	0.823	5
1842319	9606.ENSP00000173527	16.2	12
1858928	9606.ENSP00000384296	7.9	16
1853456	9606.ENSP00000349541	459	155
1849403	9606.ENSP00000311313	82.6	24
1854951	9606.ENSP00000358099	67.4	21
1856350	9606.ENSP00000364801	307	1324
1851691	9606.ENSP00000334188	14.6	5
1848116	9606.ENSP00000299964	11.1	3
1845192	9606.ENSP00000262646	64.4	63
1850131	9606.ENSP00000319255	17.7	7
1851905	9606.ENSP00000336666	7.63	2
1858764	9606.ENSP00000382714	26.5	15
1862121	9606.ENSP00000439189	2568	15242
1853695	9606.ENSP00000351310	2.01	5
1856670	9606.ENSP00000366581	94.2	120
1847848	9606.ENSP00000297283	295	356
1843124	9606.ENSP00000227667	856	171
1843595	9606.ENSP00000241337	792	935
1852929	9606.ENSP00000345395	61.0	115
1843319	9606.ENSP00000232564	7.96	23
1847243	9606.ENSP00000290575	194	234
1856118	9606.ENSP00000363559	78.6	31
1851814	9606.ENSP00000335153	24.9	36
1853406	9606.ENSP00000349175	12.2	4
1847637	9606.ENSP00000295897	118220	138554
1852571	9606.ENSP00000342235	5.15	46
1849852	9606.ENSP00000316176	232	54
1846359	9606.ENSP00000274063	8.13	4
1852714	9606.ENSP00000343577	3060	2618
1846309	9606.ENSP00000273283	70.9	91
1862639	9606.ENSP00000449784	3.04	20
1854480	9606.ENSP00000355922	0.54	3
1854004	9606.ENSP00000353608	288	346
1844127	9606.ENSP00000252486	946	538
1854664	9606.ENSP00000356789	99.6	42
1861042	9606.ENSP00000413896	6.51	7
1852326	9606.ENSP00000340463	354	60
1845308	9606.ENSP00000263212	16.6	7
1853952	9606.ENSP00000353157	185	141
1852134	9606.ENSP00000338742	34.4	102
1859782	9606.ENSP00000394183	13.5	5
1846473	9606.ENSP00000276079	8.2	19
1843948	9606.ENSP00000249066	14.0	6
1857237	9606.ENSP00000369889	3.89	22
1846666	9606.ENSP00000280346	19.8	22
1850745	9606.ENSP00000325527	28.4	140
1845384	9606.ENSP00000263655	145	36
1853254	9606.ENSP00000348068	9313	6510
1861140	9606.ENSP00000415151	113	24
1854502	9606.ENSP00000356015	206	83
1851336	9606.ENSP00000331368	11.4	11
1857024	9606.ENSP00000368699	17.5	6
1845668	9606.ENSP00000265023	272	350
1852586	9606.ENSP00000342374	32.1	4
1852636	9606.ENSP00000342886	617	1294
1861781	9606.ENSP00000429243	23.5	16
1846118	9606.ENSP00000269886	30.3	12
1860871	9606.ENSP00000410815	373	1518
1844465	9606.ENSP00000256733	37.0	10
1856473	9606.ENSP00000365465	202	78
1843120	9606.ENSP00000227525	39.8	12
1857956	9606.ENSP00000375736	617	1294
1854230	9606.ENSP00000354841	697	197
1845497	9606.ENSP00000264187	68.1	147
1857846	9606.ENSP00000374332	63.0	36
1844264	9606.ENSP00000254035	9.28	30
1864741	9606.ENSP00000472249	11.5	3
1850612	9606.ENSP00000324105	462	606
1852622	9606.ENSP00000342790	6.51	7
1863725	9606.ENSP00000462730	7.6	6
1850793	9606.ENSP00000326042	269	1112
1852056	9606.ENSP00000337950	29.9	8
1858240	9606.ENSP00000378332	32.8	24
1859666	9606.ENSP00000392718	389	6388
1858664	9606.ENSP00000381844	89.9	60
1859264	9606.ENSP00000387307	27.1	16
1853667	9606.ENSP00000351075	3.02	3
1843028	9606.ENSP00000225519	5.2	6
1854546	9606.ENSP00000356198	17.3	13
1853189	9606.ENSP00000347596	845	940
1846162	9606.ENSP00000270586	52.1	21
1854354	9606.ENSP00000355325	15.3	9
1845636	9606.ENSP00000264883	26.0	22
1844348	9606.ENSP00000255030	3.65	1
1847333	9606.ENSP00000292147	48.1	21
1850918	9606.ENSP00000327431	1953	1531
1856563	9606.ENSP00000366032	47.3	10
1849386	9606.ENSP00000311165	2396	621
1842799	9606.ENSP00000220763	45.2	27
1859755	9606.ENSP00000393887	937	384
1862281	9606.ENSP00000444823	32.0	23
1855068	9606.ENSP00000358635	31.1	33
1857197	9606.ENSP00000369654	19082	12815
1847834	9606.ENSP00000297185	195	288
1857925	9606.ENSP00000375416	2.81	6
1849080	9606.ENSP00000308541	595	744
1848091	9606.ENSP00000299687	1.88	5
1854857	9606.ENSP00000357708	712	76
1847048	9606.ENSP00000287038	39.3	9
1854853	9606.ENSP00000357692	68.7	22
1846497	9606.ENSP00000276461	116	105
1843964	9606.ENSP00000249442	6.98	5
1843024	9606.ENSP00000225430	104	6
1847296	9606.ENSP00000291568	95.4	16
1857851	9606.ENSP00000374372	58.9	183
1862133	9606.ENSP00000439660	32.0	23
1843190	9606.ENSP00000229268	5.28	4
1849761	9606.ENSP00000315130	640	364
1848188	9606.ENSP00000300527	577	896
1845755	9606.ENSP00000265447	612	350
1855432	9606.ENSP00000360250	13.1	9
1844491	9606.ENSP00000257192	95.8	129
1842640	9606.ENSP00000217131	117	63
1845569	9606.ENSP00000264595	132	50
1842452	9606.ENSP00000209718	25.4	68
1845806	9606.ENSP00000265800	81.8	71
1843535	9606.ENSP00000239761	38.5	176
1853107	9606.ENSP00000346921	290	134
1847998	9606.ENSP00000298852	39.4	34
1843936	9606.ENSP00000248958	7.28	3
1855971	9606.ENSP00000362803	19.1	4
1859992	9606.ENSP00000397157	31.1	6
1862038	9606.ENSP00000436585	62.6	39
1860827	9606.ENSP00000410076	12.4	14
1858441	9606.ENSP00000380177	628	1317
1842892	9606.ENSP00000222219	55.2	20
1852241	9606.ENSP00000339720	52.4	9
1851928	9606.ENSP00000336799	505	1615
1858171	9606.ENSP00000377783	78.5	77
1851407	9606.ENSP00000331901	26.4	33
1843232	9606.ENSP00000230036	8.67	12
1851832	9606.ENSP00000335304	322	258
1855862	9606.ENSP00000362335	72.4	41
1862092	9606.ENSP00000438349	5.11	4
1844111	9606.ENSP00000252242	2710	6273
1842666	9606.ENSP00000217426	36.6	25
1842290	9606.ENSP00000164139	9.85	59
1842884	9606.ENSP00000222120	4.2	2
1862641	9606.ENSP00000449795	5.78	2
1844542	9606.ENSP00000257857	63.3	13
1855679	9606.ENSP00000361512	19.7	20
1843461	9606.ENSP00000237500	370	223
1848583	9606.ENSP00000303920	60.3	14
1845040	9606.ENSP00000262017	8.5	19
1853838	9606.ENSP00000352400	2.44	10
1854001	9606.ENSP00000353581	32.0	23
1861311	9606.ENSP00000417653	354	213
1847726	9606.ENSP00000296424	16.6	7
1850027	9606.ENSP00000318195	31.4	29
1858249	9606.ENSP00000378368	34.6	37
1842641	9606.ENSP00000217133	37.1	428
1847409	9606.ENSP00000293371	739	56
1843781	9606.ENSP00000245907	310	954
1849345	9606.ENSP00000310785	13.2	11
1848523	9606.ENSP00000303373	163	685
1845567	9606.ENSP00000264563	30.2	3
1853414	9606.ENSP00000349259	14.2	81
1862740	9606.ENSP00000451112	305	95
1861786	9606.ENSP00000429301	186	48
1855997	9606.ENSP00000362946	63.2	29
1852778	9606.ENSP00000344166	61.8	158
1849837	9606.ENSP00000316029	272	982
1843544	9606.ENSP00000239940	37.2	10
1843069	9606.ENSP00000226004	19.6	9
1845374	9606.ENSP00000263598	5.15	1
1853397	9606.ENSP00000349142	10.3	6
1854620	9606.ENSP00000356541	61.9	11
1854798	9606.ENSP00000357425	4.34	3
1861636	9606.ENSP00000424737	0.641	5
1848465	9606.ENSP00000302886	7.75	10
1854969	9606.ENSP00000358162	94.2	120
1848170	9606.ENSP00000300289	236	276
1847742	9606.ENSP00000296503	66.0	40
1853025	9606.ENSP00000346173	135	71
1852284	9606.ENSP00000340019	1070	778
1849255	9606.ENSP00000310088	105	6
1847666	9606.ENSP00000296043	5.96	36
1852618	9606.ENSP00000342710	384	2201
1856414	9606.ENSP00000365147	218	50
1844443	9606.ENSP00000256496	19.3	15
1845341	9606.ENSP00000263370	3.55	3
1860980	9606.ENSP00000412566	6.75	18
1846958	9606.ENSP00000285379	1183	523
1842151	9606.ENSP00000007722	16.9	26
1850081	9606.ENSP00000318822	24.4	16
1848681	9606.ENSP00000304891	6.67	8
1846568	9606.ENSP00000278483	60.2	13
1853181	9606.ENSP00000347532	11.4	12
1853602	9606.ENSP00000350512	48.9	35
1858750	9606.ENSP00000382595	55.2	32
1845819	9606.ENSP00000265866	897	381
1850780	9606.ENSP00000325875	20.1	28
1855521	9606.ENSP00000360687	70.1	22
1848055	9606.ENSP00000299367	132	292
1858899	9606.ENSP00000384084	11.0	27
1850169	9606.ENSP00000319664	105	77
1854225	9606.ENSP00000354826	88.5	66
1848424	9606.ENSP00000302579	10.4	10
1844326	9606.ENSP00000254806	297	104
1860306	9606.ENSP00000401802	37.5	21
1843108	9606.ENSP00000227266	169	120
1843538	9606.ENSP00000239878	292	21
1851318	9606.ENSP00000331201	25.6	14
1844350	9606.ENSP00000255040	131	54
1851297	9606.ENSP00000330918	1.6	1
1858461	9606.ENSP00000380318	407	277
1844690	9606.ENSP00000259396	424	202
1849729	9606.ENSP00000314733	251	124
1851267	9606.ENSP00000330587	24.1	15
1863878	9606.ENSP00000464383	168	98
1851945	9606.ENSP00000336927	897	705
1862246	9606.ENSP00000443246	4.01	8
1842411	9606.ENSP00000203407	78.9	58
1843808	9606.ENSP00000246151	95.1	37
1860446	9606.ENSP00000404011	61.6	674
1855744	9606.ENSP00000361824	111	446
1857570	9606.ENSP00000372221	1300	851
1858390	9606.ENSP00000379680	53.6	36
1847965	9606.ENSP00000298510	258	143
1861988	9606.ENSP00000435061	60.9	27
1852312	9606.ENSP00000340305	135	158
1854577	9606.ENSP00000356348	803	320
1847667	9606.ENSP00000296046	110	92
1842933	9606.ENSP00000222673	5.66	9
1843726	9606.ENSP00000244573	73.3	55
1861618	9606.ENSP00000424151	3.14	6
1849949	9606.ENSP00000317331	140	45
1852193	9606.ENSP00000339251	47.6	10
1848806	9606.ENSP00000306099	1330	1418
1843868	9606.ENSP00000247461	14.4	12
1849179	9606.ENSP00000309474	6.96	16
1858156	9606.ENSP00000377616	213	1188
1843701	9606.ENSP00000244137	17.0	13
1850446	9606.ENSP00000322419	55.6	9
1849481	9606.ENSP00000311997	31.5	236
1852043	9606.ENSP00000337838	35.2	59
1849782	9606.ENSP00000315386	3.73	3
1842498	9606.ENSP00000215727	64.0	58
1854962	9606.ENSP00000358151	617	1294
1859146	9606.ENSP00000386284	447	259
1845473	9606.ENSP00000264059	25.3	10
1853931	9606.ENSP00000353025	2.32	1
1854757	9606.ENSP00000357175	0.48	1
1844784	9606.ENSP00000260385	3.03	4
1855932	9606.ENSP00000362638	20.5	4
1847109	9606.ENSP00000288087	9.85	5
1858287	9606.ENSP00000378720	164	315
1854669	9606.ENSP00000356807	19.0	9
1850938	9606.ENSP00000327583	395	78
1849381	9606.ENSP00000311121	59.3	49
1853733	9606.ENSP00000351589	163	685
1847596	9606.ENSP00000295633	9.91	6
1847860	9606.ENSP00000297354	46.4	25
1861789	9606.ENSP00000429374	82.1	12
1857277	9606.ENSP00000370115	23.5	17
1842222	9606.ENSP00000053867	94.5	87
1847740	9606.ENSP00000296498	19.1	344
1859481	9606.ENSP00000390158	0.111	5
1860116	9606.ENSP00000398803	17.1	12
1855365	9606.ENSP00000359910	106	72
1852914	9606.ENSP00000345259	44.4	37
1859193	9606.ENSP00000386717	123	23
1859880	9606.ENSP00000395590	60.7	33
1858293	9606.ENSP00000378782	17.9	8
1844453	9606.ENSP00000256594	697	608
1856467	9606.ENSP00000365439	1048	687
1842815	9606.ENSP00000221138	215	268
1859291	9606.ENSP00000387654	83.8	64
1844176	9606.ENSP00000252951	199	341
1850064	9606.ENSP00000318635	229	144
1854105	9606.ENSP00000354340	33.8	21
1844902	9606.ENSP00000261401	243	89
1862475	9606.ENSP00000448035	21.1	21
1850834	9606.ENSP00000326432	12.8	2
1849997	9606.ENSP00000317955	172	326
1844455	9606.ENSP00000256644	26.2	6
1859324	9606.ENSP00000388107	3220	2299
1843653	9606.ENSP00000243077	1.15	8
1854024	9606.ENSP00000353720	30.0	50
1857360	9606.ENSP00000370710	20.6	45
1845235	9606.ENSP00000262890	13.3	9
1856252	9606.ENSP00000364310	187	685
1857531	9606.ENSP00000371886	1.34	12
1851127	9606.ENSP00000329243	457	974
1856553	9606.ENSP00000365946	36.1	3
1851481	9606.ENSP00000332511	387	289
1843336	9606.ENSP00000233078	63.3	29
1844399	9606.ENSP00000256001	25.1	59
1853098	9606.ENSP00000346839	1118	3458
1851261	9606.ENSP00000330484	8.92	44
1857167	9606.ENSP00000369519	24.1	27
1853064	9606.ENSP00000346550	267	211
1854363	9606.ENSP00000355377	9.72	15
1851162	9606.ENSP00000329554	32.0	23
1853925	9606.ENSP00000352980	94.2	120
1849736	9606.ENSP00000314837	10.5	9
1851070	9606.ENSP00000328729	18.9	7
1842871	9606.ENSP00000221957	630	530
1851619	9606.ENSP00000333725	2.81	6
1862492	9606.ENSP00000448220	234	619
1856325	9606.ENSP00000364694	294	213
1862041	9606.ENSP00000436691	29.7	3
1847723	9606.ENSP00000296417	122	468
1855329	9606.ENSP00000359727	20.5	8
1847517	9606.ENSP00000294973	12.9	6
1846880	9606.ENSP00000284031	29.9	39
1848679	9606.ENSP00000304854	9.98	2
1854453	9606.ENSP00000355777	8.59	4
1846003	9606.ENSP00000268182	3.67	8
1843327	9606.ENSP00000232905	19.4	11
1850456	9606.ENSP00000322524	2.96	1
1859151	9606.ENSP00000386341	3.68	13
1844819	9606.ENSP00000260746	4.92	3
1857794	9606.ENSP00000373730	163	685
1847108	9606.ENSP00000288078	2.73	7
1844227	9606.ENSP00000253413	8.14	8
1845286	9606.ENSP00000263097	103	109
1848521	9606.ENSP00000303356	25.4	18
1862746	9606.ENSP00000451235	4.09	12
1860955	9606.ENSP00000412189	186	278
1846224	9606.ENSP00000272102	61.7	98
1855509	9606.ENSP00000360635	38.0	35
1857466	9606.ENSP00000371420	50.0	30
1862712	9606.ENSP00000450635	61.8	158
1862188	9606.ENSP00000441691	17.3	38
1853583	9606.ENSP00000350364	9.01	5
1842673	9606.ENSP00000217652	370	223
1860237	9606.ENSP00000400717	5.25	9
1857753	9606.ENSP00000373370	34.2	76
1858199	9606.ENSP00000377958	16.2	14
1851760	9606.ENSP00000334801	9.93	9
1848863	9606.ENSP00000306606	213	220
1842631	9606.ENSP00000216962	7.38	55
1848830	9606.ENSP00000306330	324	857
1847770	9606.ENSP00000296658	5.79	3
1849465	9606.ENSP00000311825	1.93	10
1845697	9606.ENSP00000265132	154	128
1854862	9606.ENSP00000357731	425	33
1844420	9606.ENSP00000256324	45.5	45
1848163	9606.ENSP00000300215	6.97	9
1843133	9606.ENSP00000228251	93.4	35
1860738	9606.ENSP00000408697	3.54	5
1855094	9606.ENSP00000358770	1.03	2
1854724	9606.ENSP00000357066	142	60
1849608	9606.ENSP00000313199	627	275
1846624	9606.ENSP00000279242	8.82	3
1843444	9606.ENSP00000236957	26.6	8
1845765	9606.ENSP00000265523	20.1	10
1859106	9606.ENSP00000386156	29.1	10
1856013	9606.ENSP00000363023	2.96	5
1859079	9606.ENSP00000385916	68.4	27
1854637	9606.ENSP00000356602	99.6	35
1843191	9606.ENSP00000229270	3209	2455
1855385	9606.ENSP00000360034	342	205
1854747	9606.ENSP00000357130	12.9	49
1845788	9606.ENSP00000265709	137	365
1843498	9606.ENSP00000238721	11.3	7
1853798	9606.ENSP00000352101	141	236
1848279	9606.ENSP00000301329	675	286
1853626	9606.ENSP00000350719	0.783	18
1858251	9606.ENSP00000378400	9.35	13
1852993	9606.ENSP00000345968	161	116
1849130	9606.ENSP00000308938	123	508
1857170	9606.ENSP00000369538	556	722
1844833	9606.ENSP00000260956	29.5	19
1847933	9606.ENSP00000298159	121	74
1842800	9606.ENSP00000220764	79.0	52
1862158	9606.ENSP00000440698	2414	247
1851299	9606.ENSP00000330945	26.0	21
1856481	9606.ENSP00000365505	27.9	9
1847150	9606.ENSP00000288988	11.9	10
1850680	9606.ENSP00000324804	129	234
1845639	9606.ENSP00000264896	13.7	18
1842124	9606.ENSP00000004982	71.3	22
1850768	9606.ENSP00000325748	26.4	29
1851044	9606.ENSP00000328484	163	685
1860745	9606.ENSP00000408910	222	143
1861827	9606.ENSP00000430242	329	477
1843033	9606.ENSP00000225573	57.9	48
1848372	9606.ENSP00000302111	31.4	12
1849069	9606.ENSP00000308430	16.4	5
1853550	9606.ENSP00000350159	94.2	120
1850011	9606.ENSP00000318089	96.6	101
1842438	9606.ENSP00000206423	9.34	18
1846244	9606.ENSP00000272317	1537	2299
1843817	9606.ENSP00000246515	93.3	8
1854799	9606.ENSP00000357429	64.2	9
1844433	9606.ENSP00000256433	4.15	1
1847684	9606.ENSP00000296135	69.7	36
1848306	9606.ENSP00000301522	6201	1429
1846959	9606.ENSP00000285381	133	66
1855700	9606.ENSP00000361603	5.25	2
1854675	9606.ENSP00000356840	26.3	11
1842424	9606.ENSP00000205061	2.69	4
1851662	9606.ENSP00000334037	51.6	7
1849028	9606.ENSP00000308022	15.0	18
1857347	9606.ENSP00000370588	82.6	21
1855116	9606.ENSP00000358857	14.3	7
1842267	9606.ENSP00000157812	11.3	7
1858520	9606.ENSP00000380869	35.3	45
1860067	9606.ENSP00000398350	17.2	9
1857765	9606.ENSP00000373487	287	4743
1850868	9606.ENSP00000326806	34.5	7
1845575	9606.ENSP00000264613	1233	2234
1857971	9606.ENSP00000375863	17.4	12
1862289	9606.ENSP00000445175	601	608
1860530	9606.ENSP00000405455	54.9	36
1858577	9606.ENSP00000381216	518	424
1846948	9606.ENSP00000285093	9.93	7
1847433	9606.ENSP00000293760	4.77	3
1845538	9606.ENSP00000264389	127	115
1852905	9606.ENSP00000345179	455	202
1852063	9606.ENSP00000338019	18.1	10
1862909	9606.ENSP00000454697	12.0	10
1849950	9606.ENSP00000317332	24.3	18
1850249	9606.ENSP00000320485	3.25	11
1842846	9606.ENSP00000221515	3.25	1
1855196	9606.ENSP00000359225	67.6	108
1847981	9606.ENSP00000298687	73.3	47
1846176	9606.ENSP00000270792	927	95
1864285	9606.ENSP00000470004	156	33
1844183	9606.ENSP00000252999	8.29	47
1853853	9606.ENSP00000352458	70.5	36
1853902	9606.ENSP00000352834	6.42	10
1845352	9606.ENSP00000263401	31.8	10
1846710	9606.ENSP00000281154	6.22	14
1861240	9606.ENSP00000416683	36.2	34
1843003	9606.ENSP00000224784	5239	17998
1846925	9606.ENSP00000284770	26.0	18
1849934	9606.ENSP00000317159	8.52	5
1844407	9606.ENSP00000256104	145	28
1842504	9606.ENSP00000215770	147	95
1844250	9606.ENSP00000253792	9.21	16
1844864	9606.ENSP00000261207	9.74	10
1849067	9606.ENSP00000308405	122	468
1842662	9606.ENSP00000217402	2.57	1
1856711	9606.ENSP00000366819	170	86
1845714	9606.ENSP00000265260	149	50
1844978	9606.ENSP00000261733	416	475
1851135	9606.ENSP00000329312	5.13	3
1851596	9606.ENSP00000333551	147	71
1855889	9606.ENSP00000362456	5.73	1
1846410	9606.ENSP00000274764	127	366
1847746	9606.ENSP00000296511	1868	832
1856757	9606.ENSP00000367034	94.2	120
1849628	9606.ENSP00000313490	3.97	7
1859399	9606.ENSP00000389087	8.07	6
1858774	9606.ENSP00000382815	0.147	2
1843031	9606.ENSP00000225550	235	4680
1860016	9606.ENSP00000397582	8.83	44
1842205	9606.ENSP00000037869	13.6	4
1859548	9606.ENSP00000391249	14.9	12
1846927	9606.ENSP00000284811	57.3	8
1848589	9606.ENSP00000303992	25.2	11
1852771	9606.ENSP00000344106	4.45	10
1859182	9606.ENSP00000386541	65.9	25
1854929	9606.ENSP00000357981	136	63
1844837	9606.ENSP00000260985	115	74
1842779	9606.ENSP00000220166	79.3	46
1853084	9606.ENSP00000346694	817	359
1862668	9606.ENSP00000450085	26.6	19
1846436	9606.ENSP00000275230	3.18	4
1844492	9606.ENSP00000257198	32.9	65
1846685	9606.ENSP00000280704	110	264
1862152	9606.ENSP00000440485	333	109
1856531	9606.ENSP00000365817	1469	4280
1849590	9606.ENSP00000312999	153	119
1843029	9606.ENSP00000225525	55.5	8
1850202	9606.ENSP00000320043	67.5	28
1847267	9606.ENSP00000290942	109	33
1856022	9606.ENSP00000363071	1260	1783
1842630	9606.ENSP00000216951	92.0	65
1850491	9606.ENSP00000322887	412	84
1858479	9606.ENSP00000380467	15.3	9
1851668	9606.ENSP00000334052	46.9	42
1845739	9606.ENSP00000265379	1.01	5
1848318	9606.ENSP00000301656	714	3130
1855438	9606.ENSP00000360269	8.61	4
1855095	9606.ENSP00000358777	15.3	8
1848946	9606.ENSP00000307292	67.0	34
1850014	9606.ENSP00000318115	52.9	21
1845460	9606.ENSP00000264025	14.4	8
1854701	9606.ENSP00000356969	2035	336
1858867	9606.ENSP00000383690	46.7	64
1844098	9606.ENSP00000252034	445	154
1842349	9606.ENSP00000185206	26.0	27
1843834	9606.ENSP00000246792	39.0	27
1862162	9606.ENSP00000440847	295	254
1847357	9606.ENSP00000292475	13.1	10
1849781	9606.ENSP00000315383	71.1	24
1845172	9606.ENSP00000262570	179	63
1844877	9606.ENSP00000261267	75.0	15
1843473	9606.ENSP00000237858	75.4	11
1855053	9606.ENSP00000358554	30.7	16
1849845	9606.ENSP00000316109	1.89	2
1847754	9606.ENSP00000296557	32.3	24
1849456	9606.ENSP00000311713	18.3	15
1859034	9606.ENSP00000385432	45.8	36
1855120	9606.ENSP00000358866	552	2406
1857098	9606.ENSP00000369134	12.6	11
1842623	9606.ENSP00000216802	777	350
1843621	9606.ENSP00000242285	39.8	1
1845104	9606.ENSP00000262288	85.8	45
1853877	9606.ENSP00000352627	163	685
1845287	9606.ENSP00000263100	620	416
1846560	9606.ENSP00000278353	13.7	6
1852461	9606.ENSP00000341481	6.51	7
1846139	9606.ENSP00000270225	10.0	4
1844972	9606.ENSP00000261714	20.5	21
1859555	9606.ENSP00000391397	371	158
1859883	9606.ENSP00000395650	4.95	8
1856083	9606.ENSP00000363395	244	328
1842816	9606.ENSP00000221166	19.3	236
1845501	9606.ENSP00000264202	1205	722
1859976	9606.ENSP00000396937	267	209
1845951	9606.ENSP00000267512	32.6	12
1843767	9606.ENSP00000245552	30.6	11
1845923	9606.ENSP00000267119	34.1	519
1858159	9606.ENSP00000377655	0.866	5
1845992	9606.ENSP00000268099	40.7	13
1846327	9606.ENSP00000273550	403	226
1855133	9606.ENSP00000358921	145	97
1852830	9606.ENSP00000344547	182	28
1854982	9606.ENSP00000358224	342	504
1850172	9606.ENSP00000319690	130	77
1842603	9606.ENSP00000216479	32.2	12
1849166	9606.ENSP00000309334	49.0	8
1852861	9606.ENSP00000344818	402	2299
1849535	9606.ENSP00000312435	9.83	20
1842994	9606.ENSP00000224181	18.5	10
1845836	9606.ENSP00000265983	2192	1379
1847279	9606.ENSP00000291295	49.1	40
1845184	9606.ENSP00000262626	47.4	344
1842472	9606.ENSP00000211998	296	556
1857088	9606.ENSP00000369071	762	1015
1844096	9606.ENSP00000252029	637	631
1858614	9606.ENSP00000381504	12.5	16
1851285	9606.ENSP00000330787	33.1	4
1861829	9606.ENSP00000430271	1.2	1
1856081	9606.ENSP00000363392	124	45
1858691	9606.ENSP00000382034	773	570
1843022	9606.ENSP00000225426	107	41
1861855	9606.ENSP00000431049	184	88
1854523	9606.ENSP00000356104	4.68	5
1860287	9606.ENSP00000401508	261	270
1851050	9606.ENSP00000328521	9.83	3
1848128	9606.ENSP00000300060	19.9	33
1858301	9606.ENSP00000378857	3.25	10
1857763	9606.ENSP00000373477	343	105
1855634	9606.ENSP00000361254	29.8	10
1844113	9606.ENSP00000252245	793	3788
1850908	9606.ENSP00000327268	252	144
1847013	9606.ENSP00000286428	71.7	32
1852730	9606.ENSP00000343690	5.1	7
1843345	9606.ENSP00000233242	66.2	518
1843553	9606.ENSP00000240185	116	44
1852360	9606.ENSP00000340703	28.5	34
1852628	9606.ENSP00000342830	50.5	173
1855223	9606.ENSP00000359356	0.547	2
1861423	9606.ENSP00000419475	6.55	7
1849242	9606.ENSP00000309968	9.3	10
1845646	9606.ENSP00000264932	33.1	36
1859328	9606.ENSP00000388169	40.0	42
1847408	9606.ENSP00000293362	183	68
1845219	9606.ENSP00000262812	338	124
1854713	9606.ENSP00000357012	9.69	9
1856782	9606.ENSP00000367189	15.4	2
1853839	9606.ENSP00000352401	89.8	24
1856905	9606.ENSP00000367893	7.48	6
1847228	9606.ENSP00000290378	5239	17999
1857012	9606.ENSP00000368646	147	150
1853821	9606.ENSP00000352257	30.4	20
1852441	9606.ENSP00000341289	264	1118
1851574	9606.ENSP00000333326	146	662
1856937	9606.ENSP00000368119	22.2	30
1846102	9606.ENSP00000269576	10470	16017
1851595	9606.ENSP00000333547	325	220
1856690	9606.ENSP00000366679	163	685
1850411	9606.ENSP00000322061	47.4	73
1853490	9606.ENSP00000349748	31.6	38
1846132	9606.ENSP00000270142	2016	256
1857554	9606.ENSP00000372112	116	55
1845721	9606.ENSP00000265304	12.8	3
1851909	9606.ENSP00000336702	171	40
1848535	9606.ENSP00000303476	4.85	48
1853041	9606.ENSP00000346340	217	81
1842591	9606.ENSP00000216392	6.75	46
1847679	9606.ENSP00000296122	107	192
1853629	9606.ENSP00000350757	15.1	4
1859243	9606.ENSP00000387123	104	106
1864009	9606.ENSP00000468367	2.79	10
1848886	9606.ENSP00000306864	12.5	8
1848614	9606.ENSP00000304229	116	17
1856133	9606.ENSP00000363641	519	141
1859445	9606.ENSP00000389649	895	199
1852297	9606.ENSP00000340210	69.7	32
1849017	9606.ENSP00000307889	84.3	15
1855499	9606.ENSP00000360569	28.9	30
1848522	9606.ENSP00000303366	68.8	37
1850385	9606.ENSP00000321746	17.2	19
1844535	9606.ENSP00000257770	65.9	56
1855250	9606.ENSP00000359446	0.931	1
1851357	9606.ENSP00000331544	429	364
1844670	9606.ENSP00000259206	14.0	4
1845899	9606.ENSP00000266732	35.5	45
1846765	9606.ENSP00000282050	465	360
1851932	9606.ENSP00000336829	2949	3363
1860567	9606.ENSP00000405965	716	174
1843093	9606.ENSP00000226524	5.81	4
1858987	9606.ENSP00000384863	7.1	11
1848244	9606.ENSP00000301071	445	1514
1843372	9606.ENSP00000233893	1484	188
1846216	9606.ENSP00000271835	40.9	18
1857377	9606.ENSP00000370808	25.2	33
1846607	9606.ENSP00000278968	2645	1056
1844152	9606.ENSP00000252699	244	845
1851141	9606.ENSP00000329374	15.5	16
1863147	9606.ENSP00000457733	7.72	6
1857426	9606.ENSP00000371152	579	418
1856784	9606.ENSP00000367196	58.7	20
1845847	9606.ENSP00000266041	1450	1814
1842110	9606.ENSP00000000412	65.2	29
1843403	9606.ENSP00000234454	157	66
1857102	9606.ENSP00000369146	183	143
1855903	9606.ENSP00000362532	89.8	47
1861189	9606.ENSP00000415941	730	2669
1855488	9606.ENSP00000360519	980	328
1843915	9606.ENSP00000248553	4149	1401
1843728	9606.ENSP00000244601	628	1317
1848526	9606.ENSP00000303408	617	1294
1855776	9606.ENSP00000361965	11.1	6
1844185	9606.ENSP00000253004	13.7	10
1861362	9606.ENSP00000418529	436	279
1852488	9606.ENSP00000341674	260	326
1843119	9606.ENSP00000227524	3.2	2
1853389	9606.ENSP00000349078	8.72	6
1844755	9606.ENSP00000260118	57.3	28
1856405	9606.ENSP00000365081	25.0	13
1849314	9606.ENSP00000310573	258	1778
1849021	9606.ENSP00000307940	10.4	18
1859184	9606.ENSP00000386588	0.99	12
1852213	9606.ENSP00000339398	536	110
1844543	9606.ENSP00000257860	93.5	408
1844187	9606.ENSP00000253023	2.6	1
1843478	9606.ENSP00000238081	609	988
1842140	9606.ENSP00000006101	39.0	8
1844600	9606.ENSP00000258412	27.0	8
1857224	9606.ENSP00000369816	248	188
1847374	9606.ENSP00000292644	95.2	76
1850641	9606.ENSP00000324422	193	183
1861952	9606.ENSP00000433821	23.1	15
1847164	9606.ENSP00000289352	94.2	120
1860613	9606.ENSP00000406577	35.7	51
1845226	9606.ENSP00000262854	2.18	20
1853997	9606.ENSP00000353542	28.5	34
1850644	9606.ENSP00000324463	5.24	10
1848342	9606.ENSP00000301838	24.2	4
1842218	9606.ENSP00000052754	3317	1683
1861655	9606.ENSP00000425446	37.8	22
1845980	9606.ENSP00000267973	15.1	6
1854665	9606.ENSP00000356791	185	39
1854902	9606.ENSP00000357861	1323	1398
1846362	9606.ENSP00000274137	4.95	1
1845725	9606.ENSP00000265333	57.2	58
1855955	9606.ENSP00000362744	26.3	10
1845231	9606.ENSP00000262878	9.61	12
1844006	9606.ENSP00000250378	34.0	20
1862080	9606.ENSP00000438144	503	153
1855119	9606.ENSP00000358865	38.1	236
1856385	9606.ENSP00000364979	7.91	24
1852646	9606.ENSP00000342991	14.2	7
1856523	9606.ENSP00000365773	8.99	6
1851090	9606.ENSP00000328928	2.86	2
1842858	9606.ENSP00000221740	615	285
1844427	9606.ENSP00000256383	1.54	1
1851938	9606.ENSP00000336866	7.81	2
1851102	9606.ENSP00000329008	11.6	7
1843749	9606.ENSP00000245185	371	158
1845337	9606.ENSP00000263354	204	188
1856856	9606.ENSP00000367615	94.5	39
1863791	9606.ENSP00000463376	45.2	12
1842233	9606.ENSP00000058691	121	39
1851144	9606.ENSP00000329403	58.8	5
1856977	9606.ENSP00000368391	204	50
1853796	9606.ENSP00000352071	282	510
1861732	9606.ENSP00000428209	175	167
1847953	9606.ENSP00000298316	23.4	7
1854318	9606.ENSP00000355180	529	1005
1843400	9606.ENSP00000234396	3.87	11
1859610	9606.ENSP00000391944	116	92
1845635	9606.ENSP00000264870	48.6	66
1842180	9606.ENSP00000014930	151	51
1843587	9606.ENSP00000241052	368	433
1853820	9606.ENSP00000352252	32.0	23
1843777	9606.ENSP00000245816	9.92	4
1842301	9606.ENSP00000167588	311	2157
1858473	9606.ENSP00000380414	14.2	9
1851241	9606.ENSP00000330307	163	685
1857366	9606.ENSP00000370741	19.0	16
1858990	9606.ENSP00000384880	152	123
1843430	9606.ENSP00000235835	210	124
1844988	9606.ENSP00000261769	16.0	13
1843043	9606.ENSP00000225698	16.8	7
1844266	9606.ENSP00000254043	1622	11473
1852162	9606.ENSP00000339001	369	1326
1847393	9606.ENSP00000293230	18.3	9
1853226	9606.ENSP00000347872	1395	801
1848074	9606.ENSP00000299518	499	239
1856669	9606.ENSP00000366565	124	56
1848156	9606.ENSP00000300181	9.24	5
1856921	9606.ENSP00000367992	245	139
1844071	9606.ENSP00000251595	40479	16041
1854803	9606.ENSP00000357452	12.0	5
1845556	9606.ENSP00000264474	253	30
1852537	9606.ENSP00000342012	1365	763
1861270	9606.ENSP00000417175	98.3	33
1844060	9606.ENSP00000251453	115	16
1854124	9606.ENSP00000354468	200	125
1854432	9606.ENSP00000355656	163	685
1860677	9606.ENSP00000407685	1024	926
1846175	9606.ENSP00000270776	31.6	29
1852845	9606.ENSP00000344666	3.24	23
1847010	9606.ENSP00000286371	204	103
1853368	9606.ENSP00000348901	5.79	7
1854135	9606.ENSP00000354511	360	161
1846318	9606.ENSP00000273368	227	173
1861697	9606.ENSP00000427123	5.18	9
1852294	9606.ENSP00000340176	29.7	9
1854262	9606.ENSP00000354947	50.9	48
1858318	9606.ENSP00000379042	39.6	36
1855861	9606.ENSP00000362334	134	76
1848313	9606.ENSP00000301607	4.69	11
1855602	9606.ENSP00000361087	56.2	15
1864297	9606.ENSP00000470059	9.31	12
1857838	9606.ENSP00000374265	12.1	18
1858030	9606.ENSP00000376423	28.5	34
1847845	9606.ENSP00000297268	828	1715
1862304	9606.ENSP00000445920	15.0	4
1847220	9606.ENSP00000290299	23.7	12
1850457	9606.ENSP00000322530	104	120
1850513	9606.ENSP00000323076	25.8	9
1858100	9606.ENSP00000377078	3.5	1
1849142	9606.ENSP00000309103	87.2	18
1855918	9606.ENSP00000362590	6.35	10
1854865	9606.ENSP00000357737	8.98	16
1848327	9606.ENSP00000301729	151	83
1850962	9606.ENSP00000327801	66.8	49
1843205	9606.ENSP00000229390	14.7	4
1861355	9606.ENSP00000418397	4.25	4
1855677	9606.ENSP00000361502	66.2	28
1852947	9606.ENSP00000345528	35.1	16
1844968	9606.ENSP00000261700	282	115
1857999	9606.ENSP00000376176	453	180
1856519	9606.ENSP00000365745	39.0	22
1844920	9606.ENSP00000261479	21.2	12
1857219	9606.ENSP00000369784	5.41	63
1855172	9606.ENSP00000359098	118	20
1848717	9606.ENSP00000305260	18.0	27
1842385	9606.ENSP00000199708	4.17	2
1861183	9606.ENSP00000415840	752	598
1843934	9606.ENSP00000248935	12.1	6
1864751	9606.ENSP00000472299	4.6	4
1852991	9606.ENSP00000345957	288	56
1843991	9606.ENSP00000250101	67.4	17
1859260	9606.ENSP00000387286	305	229
1857966	9606.ENSP00000375829	40.3	28
1855769	9606.ENSP00000361927	87.0	116
1854410	9606.ENSP00000355572	82.8	22
1862243	9606.ENSP00000443189	40.7	16
1853282	9606.ENSP00000348307	11.4	10
1858016	9606.ENSP00000376309	108	51
1861289	9606.ENSP00000417378	37.6	10
1849910	9606.ENSP00000316854	83.2	6
1852430	9606.ENSP00000341214	36.7	55
1853523	9606.ENSP00000349960	14623	26754
1849670	9606.ENSP00000313967	35.4	15
1853348	9606.ENSP00000348784	7.79	6
1842159	9606.ENSP00000009180	254	24
1844104	9606.ENSP00000252102	46.9	4
1848798	9606.ENSP00000305988	35.4	23
1850661	9606.ENSP00000324628	20.0	6
1847225	9606.ENSP00000290354	185	151
1857270	9606.ENSP00000370074	1.69	1
1848209	9606.ENSP00000300738	1.32	4
1854689	9606.ENSP00000356918	110	43
1861358	9606.ENSP00000418447	212	266
1851616	9606.ENSP00000333697	31.9	8
1849549	9606.ENSP00000312606	143	104
1844568	9606.ENSP00000258091	20.8	12
1844848	9606.ENSP00000261070	104	11
1857950	9606.ENSP00000375682	8.32	4
1844272	9606.ENSP00000254101	4.62	3
1847414	9606.ENSP00000293406	15.6	6
1849772	9606.ENSP00000315263	11.9	6
1844076	9606.ENSP00000251643	60.1	519
1846493	9606.ENSP00000276420	4.23	4
1853800	9606.ENSP00000352119	163	685
1862360	9606.ENSP00000447000	25.6	30
1850747	9606.ENSP00000325548	66.5	85
1851808	9606.ENSP00000335084	118	192
1851658	9606.ENSP00000333994	86559	40840
1849038	9606.ENSP00000308165	5.69	4
1848867	9606.ENSP00000306637	0.937	12
1847815	9606.ENSP00000297012	205	685
1842638	9606.ENSP00000217121	772	412
1853349	9606.ENSP00000348786	43.4	56
1856155	9606.ENSP00000363768	30.9	18
1844225	9606.ENSP00000253408	39.7	236
1851897	9606.ENSP00000336591	12.2	26
1847239	9606.ENSP00000290541	126	41
1854129	9606.ENSP00000354490	24.1	107
1853269	9606.ENSP00000348170	5990	3996
1847295	9606.ENSP00000291565	91.1	47
1854735	9606.ENSP00000357087	3.82	2
1852545	9606.ENSP00000342056	310	129
1860425	9606.ENSP00000403636	12.1	10
1850148	9606.ENSP00000319464	6.81	4
1861409	9606.ENSP00000419325	282	204
1843038	9606.ENSP00000225614	82.2	50
1845879	9606.ENSP00000266544	4.17	6
1844404	9606.ENSP00000256078	29.7	41
1855171	9606.ENSP00000359096	8.92	44
1858308	9606.ENSP00000378957	809	155
1860415	9606.ENSP00000403536	45.0	10
1843641	9606.ENSP00000242786	11.8	13
1859839	9606.ENSP00000394936	163	92
1858683	9606.ENSP00000382004	7.2	21
1848034	9606.ENSP00000299218	4.28	11
1860317	9606.ENSP00000401980	5.61	5
1845183	9606.ENSP00000262623	5.86	37
1862692	9606.ENSP00000450353	159	158
1845744	9606.ENSP00000265395	258	154
1858250	9606.ENSP00000378394	319	373
1846291	9606.ENSP00000273047	3.64	10
1857430	9606.ENSP00000371193	49.3	38
1849555	9606.ENSP00000312634	50.5	51
1860192	9606.ENSP00000399970	12.9	26
1849775	9606.ENSP00000315299	18.0	5
1843367	9606.ENSP00000233809	8.75	5
1858116	9606.ENSP00000377298	3.33	15
1858807	9606.ENSP00000383168	1116	1568
1856129	9606.ENSP00000363624	17.3	5
1859056	9606.ENSP00000385638	47.3	28
1854590	9606.ENSP00000356399	1412	2321
1844509	9606.ENSP00000257497	1445	766
1851434	9606.ENSP00000332139	406	126
1853981	9606.ENSP00000353452	10.8	42
1847046	9606.ENSP00000287022	299	33
1857547	9606.ENSP00000372025	146	32
1854360	9606.ENSP00000355361	58.3	36
1846445	9606.ENSP00000275493	46.8	165
1863798	9606.ENSP00000463483	213	1188
1848494	9606.ENSP00000303145	17.6	10
1858078	9606.ENSP00000376889	192	238
1861631	9606.ENSP00000424595	10.4	16
1845652	9606.ENSP00000264954	15.5	5
1858244	9606.ENSP00000378356	0.559	2
1847665	9606.ENSP00000296029	19.4	5
1854643	9606.ENSP00000356632	13.3	2
1845803	9606.ENSP00000265753	223	60
1849707	9606.ENSP00000314458	93.6	36
1848930	9606.ENSP00000307199	80.4	14
1854968	9606.ENSP00000358160	32.0	23
1848266	9606.ENSP00000301263	55.4	8
1852166	9606.ENSP00000339027	664	248
1845950	9606.ENSP00000267502	2.62	2
1846086	9606.ENSP00000269349	17.8	35
1846873	9606.ENSP00000283916	53.4	344
1846891	9606.ENSP00000284240	13.7	4
1847300	9606.ENSP00000291577	210	134
1854837	9606.ENSP00000357624	43.2	13
1850229	9606.ENSP00000320295	201	1069
1845675	9606.ENSP00000265052	50.6	33
1854887	9606.ENSP00000357799	905	55
1842566	9606.ENSP00000216218	830	317
1844953	9606.ENSP00000261636	12.4	9
1862521	9606.ENSP00000448598	25.6	19
1848840	9606.ENSP00000306397	320	171
1854209	9606.ENSP00000354739	204	54
1844865	9606.ENSP00000261208	3.46	4
1848799	9606.ENSP00000305995	47.8	54
1855566	9606.ENSP00000360939	201	124
1852560	9606.ENSP00000342144	1.45	7
1856212	9606.ENSP00000364114	2368	1677
1852680	9606.ENSP00000343282	94.2	120
1846231	9606.ENSP00000272167	3.56	4
1846972	9606.ENSP00000285735	12.9	12
1848964	9606.ENSP00000307513	5.33	12
1844578	9606.ENSP00000258198	4.78	4
1843234	9606.ENSP00000230050	139	38
1849035	9606.ENSP00000308117	2.18	2
1844740	9606.ENSP00000259951	64.7	45
1846006	9606.ENSP00000268220	31.5	12
1847649	9606.ENSP00000295951	27.1	46
1858474	9606.ENSP00000380427	10.9	42
1860246	9606.ENSP00000400882	54.9	34
1855519	9606.ENSP00000360682	27.3	18
1849153	9606.ENSP00000309166	37.8	22
1852189	9606.ENSP00000339221	113	189
1855447	9606.ENSP00000360305	426	252
1848998	9606.ENSP00000307786	42.2	5
1861377	9606.ENSP00000418744	63.4	32
1851289	9606.ENSP00000330836	31.2	22
1856332	9606.ENSP00000364721	22.0	7
1856353	9606.ENSP00000364813	34.6	8
1856149	9606.ENSP00000363734	5.17	1
1847875	9606.ENSP00000297494	2.47	8
1851906	9606.ENSP00000336687	82.4	29
1854025	9606.ENSP00000353731	2.33	4
1843872	9606.ENSP00000247665	50.1	15
1858230	9606.ENSP00000378292	33.0	35
1855706	9606.ENSP00000361635	162	131
1860210	9606.ENSP00000400175	12.8	12
1842981	9606.ENSP00000223369	35.7	14
1846967	9606.ENSP00000285599	11.7	23
1861242	9606.ENSP00000416706	766	4988
1853439	9606.ENSP00000349430	628	1317
1842224	9606.ENSP00000054666	197	102
1853070	9606.ENSP00000346598	669	628
1843040	9606.ENSP00000225655	355	125
1846243	9606.ENSP00000272298	49.1	40
1849639	9606.ENSP00000313603	3.51	6
1842444	9606.ENSP00000206765	5.9	8
1852230	9606.ENSP00000339566	141	91
1849071	9606.ENSP00000308452	1788	10474
1850028	9606.ENSP00000318197	246	1049
1845396	9606.ENSP00000263697	35.9	7
1842584	9606.ENSP00000216336	13.7	6
1852542	9606.ENSP00000342026	519	222
1844452	9606.ENSP00000256593	419	509
1857263	9606.ENSP00000370023	4.47	6
1842490	9606.ENSP00000215570	81.5	17
1846182	9606.ENSP00000271064	11.6	12
1853847	9606.ENSP00000352438	1442	1829
1843348	9606.ENSP00000233379	36.5	25
1856378	9606.ENSP00000364943	551	375
1843175	9606.ENSP00000228938	11.8	5
1847222	9606.ENSP00000290332	0.445	3
1850888	9606.ENSP00000327070	532	353
1847683	9606.ENSP00000296130	892	435
1842165	9606.ENSP00000011473	69.8	27
1850277	9606.ENSP00000320709	13.8	6
1851636	9606.ENSP00000333837	33.2	25
1853285	9606.ENSP00000348316	142	34
1845134	9606.ENSP00000262407	7.94	9
1844908	9606.ENSP00000261427	95.4	49
1856426	9606.ENSP00000365227	375	23
1847501	9606.ENSP00000294725	3.16	20
1845770	9606.ENSP00000265563	4.1	4
1861079	9606.ENSP00000414359	18.8	15
1852922	9606.ENSP00000345339	5.3	7
1843004	9606.ENSP00000224807	16.4	15
1849303	9606.ENSP00000310491	59.2	39
1862118	9606.ENSP00000439146	342	504
1854817	9606.ENSP00000357516	767	999
1849469	9606.ENSP00000311847	42.7	8
1855735	9606.ENSP00000361777	233	85
1860439	9606.ENSP00000403936	15.7	16
1853445	9606.ENSP00000349467	49.1	40
1848714	9606.ENSP00000305230	237	27
1852883	9606.ENSP00000345008	82.4	44
1854791	9606.ENSP00000357384	105	16
1856351	9606.ENSP00000364802	307	1324
1854854	9606.ENSP00000357697	21.6	2
1849251	9606.ENSP00000310040	167	81
1854765	9606.ENSP00000357218	116	53
1848800	9606.ENSP00000306003	6.6	1
1845210	9606.ENSP00000262753	57.3	46
1843087	9606.ENSP00000226355	75.4	59
1852543	9606.ENSP00000342032	120	69
1851030	9606.ENSP00000328358	362	2454
1847604	9606.ENSP00000295685	11.1	5
1862204	9606.ENSP00000442050	2.2	2
1845326	9606.ENSP00000263277	4.44	6
1842478	9606.ENSP00000215071	21.7	8
1859833	9606.ENSP00000394863	291	162
1862300	9606.ENSP00000445831	610	1317
1848718	9606.ENSP00000305263	466	6535
1843036	9606.ENSP00000225603	24.9	11
1852907	9606.ENSP00000345195	10.4	15
1847481	9606.ENSP00000294360	83.0	13
1847272	9606.ENSP00000291009	47.9	18
1857206	9606.ENSP00000369703	240	1126
1847350	9606.ENSP00000292401	1160	485
1842499	9606.ENSP00000215730	21.8	13
1856742	9606.ENSP00000366962	628	1317
1842713	9606.ENSP00000218867	8.53	5
1853177	9606.ENSP00000347495	159	117
1846686	9606.ENSP00000280706	122	324
1851245	9606.ENSP00000330343	601	144
1857202	9606.ENSP00000369689	557	215
1855840	9606.ENSP00000362249	380	159
1846101	9606.ENSP00000269571	6.95	46
1862262	9606.ENSP00000443989	342	504
1846691	9606.ENSP00000280800	4.32	4
1861995	9606.ENSP00000435289	58.8	17
1852633	9606.ENSP00000342850	7.87	6
1846238	9606.ENSP00000272227	195	128
1852818	9606.ENSP00000344456	118	257
1842463	9606.ENSP00000211076	2911	1339
1854155	9606.ENSP00000354575	8.92	11
1848092	9606.ENSP00000299698	32.0	83
1849521	9606.ENSP00000312326	63.8	55
1845900	9606.ENSP00000266735	55.8	5
1843505	9606.ENSP00000238875	69.7	25
1850913	9606.ENSP00000327336	5523	3081
1845012	9606.ENSP00000261868	24.9	12
1858630	9606.ENSP00000381607	4279	1911
1845162	9606.ENSP00000262507	68.7	27
1845296	9606.ENSP00000263168	137	76
1855553	9606.ENSP00000360869	7.38	4
1859026	9606.ENSP00000385269	6.17	4
1853623	9606.ENSP00000350708	186	49
1848311	9606.ENSP00000301587	404	115
1842493	9606.ENSP00000215587	157	35
1842886	9606.ENSP00000222125	107	30
1856593	9606.ENSP00000366225	59.5	67
1842995	9606.ENSP00000224237	2604	3150
1861414	9606.ENSP00000419378	107	46
1852751	9606.ENSP00000343885	449	404
1854169	9606.ENSP00000354610	8.83	44
1850407	9606.ENSP00000321988	32.6	102
1844114	9606.ENSP00000252250	1970	6606
1848251	9606.ENSP00000301149	27.7	18
1844078	9606.ENSP00000251646	160	4680
1851559	9606.ENSP00000333203	38.7	36
1862019	9606.ENSP00000436005	39.1	13
1856412	9606.ENSP00000365131	90.0	53
1848141	9606.ENSP00000300113	7.21	2
1843237	9606.ENSP00000230085	123	42
1852707	9606.ENSP00000343507	2.96	3
1847055	9606.ENSP00000287156	143	28
1842226	9606.ENSP00000054950	6.22	3
1853478	9606.ENSP00000349687	456	77
1854883	9606.ENSP00000357791	623	1635
1850715	9606.ENSP00000325146	48.8	204
1860576	9606.ENSP00000406052	1.75	3
1848439	9606.ENSP00000302665	98.9	13
1852962	9606.ENSP00000345689	8.89	13
1846513	9606.ENSP00000276692	83.4	57
1849174	9606.ENSP00000309431	37.7	428
1848876	9606.ENSP00000306752	38.9	40
1848906	9606.ENSP00000307014	30.2	514
1849790	9606.ENSP00000315477	38.6	36
1852274	9606.ENSP00000339952	2.96	8
1853012	9606.ENSP00000346067	968	782
1843861	9606.ENSP00000247207	133	662
1854966	9606.ENSP00000358158	163	685
1842864	9606.ENSP00000221855	31.1	14
1853645	9606.ENSP00000350894	132	98
1849280	9606.ENSP00000310275	347	32
1850030	9606.ENSP00000318227	5.27	12
1842337	9606.ENSP00000181383	16.7	10
1847505	9606.ENSP00000294785	28.2	41
1848169	9606.ENSP00000300283	35.7	51
1861710	9606.ENSP00000427463	19.3	6
1848165	9606.ENSP00000300231	2.64	24
1851214	9606.ENSP00000330074	5.89	1
1861561	9606.ENSP00000422375	11.3	8
1861022	9606.ENSP00000413479	229	2025
1851078	9606.ENSP00000328808	64.5	482
1846694	9606.ENSP00000280904	18.8	57
1860659	9606.ENSP00000407375	307	178
1853005	9606.ENSP00000346032	10436	5476
1851519	9606.ENSP00000332790	182	540
1851443	9606.ENSP00000332194	163	685
1853237	9606.ENSP00000347933	70.5	36
1856460	9606.ENSP00000365402	9575	9388
1852892	9606.ENSP00000345079	1075	245
1854882	9606.ENSP00000357789	77.3	483
1856899	9606.ENSP00000367869	33.0	33
1856763	9606.ENSP00000367075	2.86	5
1850951	9606.ENSP00000327704	33.0	7
1842808	9606.ENSP00000220931	42.8	74
1861690	9606.ENSP00000426906	33.4	20
1850432	9606.ENSP00000322273	313	164
1855378	9606.ENSP00000359991	1596	940
1851723	9606.ENSP00000334448	47.6	8
1844889	9606.ENSP00000261336	154	702
1858079	9606.ENSP00000376899	22.2	34
1856453	9606.ENSP00000365370	59.7	59
1843846	9606.ENSP00000246957	21.5	22
1842429	9606.ENSP00000205402	28.7	27
1859071	9606.ENSP00000385834	10693	14930
1853038	9606.ENSP00000346300	21.6	9
1842719	9606.ENSP00000219070	15.7	19
1860717	9606.ENSP00000408411	12.1	12
1853946	9606.ENSP00000353114	18.6	215
1858485	9606.ENSP00000380514	84.5	74
1843820	9606.ENSP00000246533	510	236
1849585	9606.ENSP00000312946	1.7	10
1862773	9606.ENSP00000451628	5.51	11
1845279	9606.ENSP00000263084	3.3	3
1858162	9606.ENSP00000377696	437	217
1861910	9606.ENSP00000432472	182	24
1843359	9606.ENSP00000233627	28.4	16
1853610	9606.ENSP00000350580	617	1294
1846542	9606.ENSP00000277865	16.8	45
1862779	9606.ENSP00000451792	27.9	30
1843949	9606.ENSP00000249071	41.4	10
1849206	9606.ENSP00000309629	803	226
1861418	9606.ENSP00000419425	2507	1371
1843463	9606.ENSP00000237530	86.1	104
1862192	9606.ENSP00000441828	926	1212
1848744	9606.ENSP00000305556	1108	1487
1860562	9606.ENSP00000405926	8.04	13
1843084	9606.ENSP00000226299	284	321
1848846	9606.ENSP00000306461	595	176
1862767	9606.ENSP00000451560	175	1069
1852481	9606.ENSP00000341625	46.4	7
1853036	9606.ENSP00000346294	259	36
1855442	9606.ENSP00000360281	7.19	8
1846789	9606.ENSP00000282382	3.68	13
1855278	9606.ENSP00000359539	152	107
1849423	9606.ENSP00000311449	95.5	58
1845921	9606.ENSP00000267113	3.95	8
1855113	9606.ENSP00000358851	648	819
1847591	9606.ENSP00000295598	53.4	147
1846307	9606.ENSP00000273258	68.0	14
1862296	9606.ENSP00000445677	3.24	23
1842240	9606.ENSP00000071281	178	79
1850212	9606.ENSP00000320171	162	192
1843945	9606.ENSP00000249042	5.63	17
1849274	9606.ENSP00000310226	346	226
1849373	9606.ENSP00000311028	17.0	2
1861221	9606.ENSP00000416330	142	162
1856744	9606.ENSP00000366974	94.2	120
1855782	9606.ENSP00000362010	1754	812
1859957	9606.ENSP00000396688	682	2557
1859451	9606.ENSP00000389770	22.7	4
1845311	9606.ENSP00000263238	126	135
1853039	9606.ENSP00000346316	94.2	120
1861878	9606.ENSP00000431482	26.9	18
1843203	9606.ENSP00000229340	2.37	1
1843106	9606.ENSP00000227251	659	119
1849913	9606.ENSP00000316891	7.63	22
1852173	9606.ENSP00000339095	30.5	10
1845355	9606.ENSP00000263413	134	192
1847784	9606.ENSP00000296755	7.92	34
1842682	9606.ENSP00000217971	53.1	10
1852120	9606.ENSP00000338606	19.9	8
1857124	9606.ENSP00000369317	2006	6577
1857784	9606.ENSP00000373669	4.57	3
1852412	9606.ENSP00000341094	163	685
1842964	9606.ENSP00000223136	30.3	9
1854099	9606.ENSP00000354280	124	96
1852983	9606.ENSP00000345848	31.4	15
1850420	9606.ENSP00000322175	17.8	8
1863068	9606.ENSP00000456711	8.22	19
1862025	9606.ENSP00000436318	166	42
1843386	9606.ENSP00000234160	28.8	11
1855844	9606.ENSP00000362273	6.26	3
1848520	9606.ENSP00000303351	153	172
1854895	9606.ENSP00000357835	15.5	9
1855173	9606.ENSP00000359100	8.92	44
1861509	9606.ENSP00000420939	11.8	9
1843797	9606.ENSP00000246069	38.0	16
1852104	9606.ENSP00000338387	2.39	4
1851661	9606.ENSP00000334008	33.8	16
1843826	9606.ENSP00000246554	856	127
1848662	9606.ENSP00000304697	1217	2299
1846170	9606.ENSP00000270645	2.57	2
1853976	9606.ENSP00000353408	66.4	184
1851432	9606.ENSP00000332124	38.5	176
1845920	9606.ENSP00000267103	36.4	34
1856352	9606.ENSP00000364805	125	800
1844573	9606.ENSP00000258123	16.4	26
1844408	9606.ENSP00000256119	4977	3109
1854454	9606.ENSP00000355778	452	33
1842433	9606.ENSP00000205948	824	444
1853918	9606.ENSP00000352936	93.4	131
1846031	9606.ENSP00000268668	26.9	8
1857096	9606.ENSP00000369129	68.5	282
1853912	9606.ENSP00000352918	22.5	8
1853858	9606.ENSP00000352513	16.0	5
1847254	9606.ENSP00000290765	36.7	41
1854433	9606.ENSP00000355657	32.0	23
1842253	9606.ENSP00000085068	11.5	5
1845604	9606.ENSP00000264712	3.88	8
1842645	9606.ENSP00000217182	231	361
1853437	9606.ENSP00000349415	38.8	20
1854947	9606.ENSP00000358081	44.2	57
1845213	9606.ENSP00000262768	60.3	24
1846264	9606.ENSP00000272519	14.3	5
1846592	9606.ENSP00000278840	4.2	2
1858384	9606.ENSP00000379616	26.5	216
1850335	9606.ENSP00000321334	8.24	354
1850992	9606.ENSP00000328088	41.1	20
1854092	9606.ENSP00000354219	1393	1250
1858275	9606.ENSP00000378588	32.6	7
1842988	9606.ENSP00000223642	0.847	2
1844414	9606.ENSP00000256196	38.7	24
1842831	9606.ENSP00000221419	38.8	33
1852262	9606.ENSP00000339835	18.8	23
1854963	9606.ENSP00000358153	94.2	120
1848936	9606.ENSP00000307241	176	149
1847231	9606.ENSP00000290401	15.1	12
1852546	9606.ENSP00000342070	447	279
1861982	9606.ENSP00000434797	16.8	7
1849624	9606.ENSP00000313432	301	111
1843723	9606.ENSP00000244537	6.74	1
1856758	9606.ENSP00000367049	15.9	3
1858506	9606.ENSP00000380702	33.3	5
1854818	9606.ENSP00000357535	367	181
1859156	9606.ENSP00000386378	35.5	26
1848043	9606.ENSP00000299299	28.0	5
1862959	9606.ENSP00000455329	20.9	3
1854861	9606.ENSP00000357727	226	73
1842461	9606.ENSP00000210444	11.3	6
1853630	9606.ENSP00000350767	94.2	120
1849571	9606.ENSP00000312734	7.14	3
1845043	9606.ENSP00000262030	348	410
1844128	9606.ENSP00000252487	47.7	23
1848062	9606.ENSP00000299427	673	473
1857438	9606.ENSP00000371230	157	59
1845701	9606.ENSP00000265148	1.27	8
1846554	9606.ENSP00000278222	46.7	15
1847386	9606.ENSP00000292896	2.92	10
1855757	9606.ENSP00000361878	225	158
1857423	9606.ENSP00000371138	476	98
1858792	9606.ENSP00000382982	269	1112
1845000	9606.ENSP00000261819	3.39	8
1844842	9606.ENSP00000261023	57.3	75
1846622	9606.ENSP00000279227	2.25	3
1844253	9606.ENSP00000253799	3.04	12
1843138	9606.ENSP00000228318	69.5	42
1847545	9606.ENSP00000295156	19.5	7
1844713	9606.ENSP00000259667	102	31
1845052	9606.ENSP00000262056	196	105
1854437	9606.ENSP00000355689	116	69
1850713	9606.ENSP00000325136	49.2	40
1850940	9606.ENSP00000327589	15.9	45
1846630	9606.ENSP00000279387	26.9	70
1850849	9606.ENSP00000326579	2.62	1
1852109	9606.ENSP00000338477	164	159
1848758	9606.ENSP00000305675	10.1	4
1863076	9606.ENSP00000456832	28.3	22
1857259	9606.ENSP00000370007	10079	83
1843563	9606.ENSP00000240343	76.5	22
1846441	9606.ENSP00000275364	7.56	9
1847402	9606.ENSP00000293288	154	63
1854489	9606.ENSP00000355955	9.17	4
1844324	9606.ENSP00000254801	44.8	14
1847163	9606.ENSP00000289316	628	1317
1851281	9606.ENSP00000330737	18.9	4
1853373	9606.ENSP00000348924	628	1317
1853766	9606.ENSP00000351777	33.4	48
1845208	9606.ENSP00000262746	1349	655
1850599	9606.ENSP00000323929	1179	3662
1849107	9606.ENSP00000308753	30.2	21
1861691	9606.ENSP00000426909	294	152
1858595	9606.ENSP00000381340	181	159
1853848	9606.ENSP00000352442	628	1317
1852061	9606.ENSP00000338013	9.59	14
1848986	9606.ENSP00000307705	141	91
1853541	9606.ENSP00000350052	527	8595
1854858	9606.ENSP00000357711	75.1	25
1849186	9606.ENSP00000309515	48.1	34
1854423	9606.ENSP00000355623	7.34	4
1845989	9606.ENSP00000268058	17.7	28
1850897	9606.ENSP00000327145	18.5	238
1846578	9606.ENSP00000278618	22.9	6
1856793	9606.ENSP00000367220	48.4	32
1846084	9606.ENSP00000269321	1751	350
1846580	9606.ENSP00000278715	43.3	21
1861867	9606.ENSP00000431254	57119	24113
1854850	9606.ENSP00000357674	1.94	1
1847051	9606.ENSP00000287097	62.9	139
1847251	9606.ENSP00000290705	24.1	15
1847627	9606.ENSP00000295822	15.4	11
1842460	9606.ENSP00000210313	28.5	27
1845973	9606.ENSP00000267884	96.5	18
1849425	9606.ENSP00000311469	751	791
1844285	9606.ENSP00000254301	3249	655
1849826	9606.ENSP00000315925	7.64	5
1857220	9606.ENSP00000369785	10.1	6
1854730	9606.ENSP00000357075	2013	1201
1854402	9606.ENSP00000355537	35.4	180
1847404	9606.ENSP00000293308	284	1856
1846984	9606.ENSP00000285930	5.84	11
1843912	9606.ENSP00000248437	182	720
1854754	9606.ENSP00000357156	21.4	12
1852418	9606.ENSP00000341141	2.27	8
1842770	9606.ENSP00000219789	25.0	7
1858135	9606.ENSP00000377446	15.2	6
1842679	9606.ENSP00000217958	221	79
1848071	9606.ENSP00000299498	14.4	22
1858097	9606.ENSP00000377055	5.36	6
1850649	9606.ENSP00000324532	4.78	18
1846489	9606.ENSP00000276390	14.5	23
1854605	9606.ENSP00000356465	13.5	6
1844188	9606.ENSP00000253024	27.4	26
1852793	9606.ENSP00000344259	85.3	12
1858193	9606.ENSP00000377941	166	749
1842512	9606.ENSP00000215832	4.72	5
1862194	9606.ENSP00000441875	48.4	35
1853831	9606.ENSP00000352288	4.92	14
1850707	9606.ENSP00000325074	12.9	26
1855691	9606.ENSP00000361562	103	82
1854763	9606.ENSP00000357204	12.8	3
1848835	9606.ENSP00000306361	831	1032
1855943	9606.ENSP00000362688	27.4	21
1845170	9606.ENSP00000262551	3259	1428
1855972	9606.ENSP00000362807	119	32
1844574	9606.ENSP00000258145	16.5	18
1848026	9606.ENSP00000299166	32.9	22
1858167	9606.ENSP00000377751	58.5	9
1856869	9606.ENSP00000367697	16.2	13
1856558	9606.ENSP00000366005	23681	23190
1844112	9606.ENSP00000252244	7066	6873
1847903	9606.ENSP00000297785	61.1	66
1846219	9606.ENSP00000271889	106	45
1848102	9606.ENSP00000299767	14.6	20
1846269	9606.ENSP00000272610	32.4	22
1849976	9606.ENSP00000317674	403	264
1845628	9606.ENSP00000264832	22.2	19
1848178	9606.ENSP00000300408	647	311
1850749	9606.ENSP00000325562	40.5	4
1853048	9606.ENSP00000346402	161	161
1843827	9606.ENSP00000246635	1811	10624
1853302	9606.ENSP00000348461	16.4	6
1856578	9606.ENSP00000366124	9.52	2
1842913	9606.ENSP00000222381	37.1	26
1850618	9606.ENSP00000324173	52.8	72
1842558	9606.ENSP00000216181	31.7	208
1848400	9606.ENSP00000302393	20.7	60
1857955	9606.ENSP00000375730	82.2	14
1855121	9606.ENSP00000358867	9.28	19
1845175	9606.ENSP00000262584	157	42
1861173	9606.ENSP00000415769	14.8	25
1850450	9606.ENSP00000322439	22.2	20
1853948	9606.ENSP00000353129	4.49	5
1858642	9606.ENSP00000381698	17.2	9
1854111	9606.ENSP00000354376	54.6	27
1856787	9606.ENSP00000367202	16.9	32
1845682	9606.ENSP00000265073	25.1	4
1852328	9606.ENSP00000340466	108	154
1862335	9606.ENSP00000446743	1.95	2
1842506	9606.ENSP00000215780	36.0	41
1856192	9606.ENSP00000363993	12.9	7
1843699	9606.ENSP00000244061	20.4	8
1847021	9606.ENSP00000286621	7.78	5
1844687	9606.ENSP00000259365	22.3	8
1848430	9606.ENSP00000302621	174	83
1856493	9606.ENSP00000365576	12.1	15
1843064	9606.ENSP00000225964	1503	3129
1844979	9606.ENSP00000261735	260	99
1848791	9606.ENSP00000305958	218	120
1861761	9606.ENSP00000428845	23.0	14
1846235	9606.ENSP00000272217	8.41	9
1846123	9606.ENSP00000269980	4.26	8
1852164	9606.ENSP00000339007	327	134
1854681	9606.ENSP00000356859	15.2	5
1859287	9606.ENSP00000387593	5.0	11
1852912	9606.ENSP00000345230	1070	1129
1856751	9606.ENSP00000366999	32.0	23
1846311	9606.ENSP00000273308	2.14	2
1851933	9606.ENSP00000336831	59.8	229
1854702	9606.ENSP00000356972	3.28	5
1851758	9606.ENSP00000334798	190	1568
1848317	9606.ENSP00000301653	1722	13002
1854873	9606.ENSP00000357762	2.61	3
1850072	9606.ENSP00000318697	42.8	432
1858666	9606.ENSP00000381856	13.7	2
1843785	9606.ENSP00000245932	36.0	21
1856156	9606.ENSP00000363773	3.45	1
1856276	9606.ENSP00000364475	18.6	12
1854241	9606.ENSP00000354876	2465	449
1851291	9606.ENSP00000330842	0.956	12
1861420	9606.ENSP00000419449	19.4	11
1854589	9606.ENSP00000356395	48.9	80
1853681	9606.ENSP00000351190	34.2	49
1854586	9606.ENSP00000356385	203	182
1843892	9606.ENSP00000248070	10.3	12
1857030	9606.ENSP00000368752	204	80
1845260	9606.ENSP00000262982	11.3	16
1847431	9606.ENSP00000293745	13.0	427
1843711	9606.ENSP00000244333	36.6	25
1853259	9606.ENSP00000348099	11.7	9
1862095	9606.ENSP00000438455	61.2	12
1848467	9606.ENSP00000302896	26.4	5
1843192	9606.ENSP00000229277	293	543
1854034	9606.ENSP00000353785	28.4	6
1843077	9606.ENSP00000226218	92.7	84
1853689	9606.ENSP00000351250	3.43	9
1853556	9606.ENSP00000350199	46.2	143
1854212	9606.ENSP00000354769	7.41	3
1854278	9606.ENSP00000355011	3.68	5
1857091	9606.ENSP00000369081	97.5	59
1858687	9606.ENSP00000382026	21.9	4
1845136	9606.ENSP00000262418	66.8	76
1858108	9606.ENSP00000377192	26.2	24
1862989	9606.ENSP00000455744	4.2	5
1850447	9606.ENSP00000322421	40479	16041
1858226	9606.ENSP00000378260	7.22	8
1849961	9606.ENSP00000317445	17.6	24
1844727	9606.ENSP00000259818	240	1126
1848653	9606.ENSP00000304592	7.12	33
1852040	9606.ENSP00000337804	1.13	8
1858389	9606.ENSP00000379678	6.02	6
1846529	9606.ENSP00000277480	65.2	22
1853477	9606.ENSP00000349679	83.5	25
1854964	9606.ENSP00000358154	32.0	23
1843060	9606.ENSP00000225899	173	4703
1845660	9606.ENSP00000264993	208	46
1853290	9606.ENSP00000348381	10.6	10
1853527	9606.ENSP00000349977	135	160
1843176	9606.ENSP00000228945	689	197
1852038	9606.ENSP00000337773	73.9	30
1859502	9606.ENSP00000390600	0.835	4
1859218	9606.ENSP00000386896	20.8	44
1843188	9606.ENSP00000229264	7.36	23
1845149	9606.ENSP00000262455	50.9	25
1843448	9606.ENSP00000237014	1967	640
1858257	9606.ENSP00000378430	4296	48
1851031	9606.ENSP00000328359	47.8	30
1843977	9606.ENSP00000249822	155	58
1846222	9606.ENSP00000272065	617	179
1852022	9606.ENSP00000337632	77.2	30
1842549	9606.ENSP00000216124	21.6	14
1861946	9606.ENSP00000433721	98.7	46
1848580	9606.ENSP00000303908	6.19	4
1853267	9606.ENSP00000348163	549	842
1859418	9606.ENSP00000389289	5.03	11
1861328	9606.ENSP00000417864	30.5	15
1842405	9606.ENSP00000202773	75.8	17
1849313	9606.ENSP00000310572	7.28	7
1853404	9606.ENSP00000349168	171	214
1842723	9606.ENSP00000219150	53.4	18
1860801	9606.ENSP00000409612	248	121
1860352	9606.ENSP00000402551	164	68
1855948	9606.ENSP00000362711	35.6	12
1843081	9606.ENSP00000226253	503	385
1853777	9606.ENSP00000351885	195	142
1847518	9606.ENSP00000295006	15.1	16
1844444	9606.ENSP00000256497	3.14	18
1852662	9606.ENSP00000343129	223	200
1843147	9606.ENSP00000228506	31.5	18
1846714	9606.ENSP00000281182	6.65	6
1856924	9606.ENSP00000368017	0.281	5
1855892	9606.ENSP00000362463	530	135
1848637	9606.ENSP00000304408	165	426
1849358	9606.ENSP00000310861	2474	5642
1844468	9606.ENSP00000256785	46.7	84
1844115	9606.ENSP00000252252	1662	5867
1849694	9606.ENSP00000314299	449	459
1852066	9606.ENSP00000338034	7.15	3
1855302	9606.ENSP00000359609	24.7	8
1857368	9606.ENSP00000370748	34.8	14
1846298	9606.ENSP00000273130	28.2	22
1858336	9606.ENSP00000379157	465	273
1849818	9606.ENSP00000315774	70.9	20
1851254	9606.ENSP00000330408	99.7	42
1850194	9606.ENSP00000319977	182	120
1847387	9606.ENSP00000292907	35.3	6
1849634	9606.ENSP00000313572	1.62	1
1843051	9606.ENSP00000225777	38.0	9
1858077	9606.ENSP00000376886	333	217
1850213	9606.ENSP00000320176	14.1	12
1852864	9606.ENSP00000344829	8.02	8
1844327	9606.ENSP00000254810	452	33
1848527	9606.ENSP00000303423	52.3	35
1854773	9606.ENSP00000357283	2148	2275
1858906	9606.ENSP00000384169	87.4	170
1854649	9606.ENSP00000356671	833	724
1844876	9606.ENSP00000261263	11.2	8
1856012	9606.ENSP00000363021	229	64
1846664	9606.ENSP00000280326	105	64
1848031	9606.ENSP00000299198	281	210
1861575	9606.ENSP00000422846	14.5	20
1847443	9606.ENSP00000293831	40.1	89
1847586	9606.ENSP00000295550	4018	21298
1851218	9606.ENSP00000330101	105	1584
1842503	9606.ENSP00000215754	318	85
1847378	9606.ENSP00000292782	216	50
1845641	9606.ENSP00000264908	301	184
1860849	9606.ENSP00000410452	209	43
1843898	9606.ENSP00000248098	24.1	10
1845677	9606.ENSP00000265062	55.9	24
1842482	9606.ENSP00000215375	20.7	4
1847722	9606.ENSP00000296412	11.5	5
1854306	9606.ENSP00000355136	471	956
1847574	9606.ENSP00000295448	43.7	36
1842672	9606.ENSP00000217515	67.4	35
1845983	9606.ENSP00000267996	1222	1118
1861523	9606.ENSP00000421315	1000	621
1846443	9606.ENSP00000275428	218	77
1852305	9606.ENSP00000340278	325	128
1853008	9606.ENSP00000346046	25.0	6
1854859	9606.ENSP00000357721	74.1	12
1846826	9606.ENSP00000282957	12.3	6
1845524	9606.ENSP00000264335	334	903
1844101	9606.ENSP00000252071	29.2	38
1850451	9606.ENSP00000322450	6.14	9
1854965	9606.ENSP00000358155	163	685
1849952	9606.ENSP00000317334	2.59	2
1862334	9606.ENSP00000446714	878	521
1856376	9606.ENSP00000364934	428	195
1855309	9606.ENSP00000359645	23.4	14
1854304	9606.ENSP00000355124	876	8222
1846206	9606.ENSP00000271638	4592	552
1854409	9606.ENSP00000355568	6.35	6
1850861	9606.ENSP00000326706	12.0	5
1843197	9606.ENSP00000229319	737	542
1853276	9606.ENSP00000348258	94.2	120
1849692	9606.ENSP00000314214	168	98
1856464	9606.ENSP00000365426	8.47	2
1849342	9606.ENSP00000310749	42.1	78
1848191	9606.ENSP00000300574	260	127
1859040	9606.ENSP00000385479	32.0	23
1842109	9606.ENSP00000000233	49.1	82
1845366	9606.ENSP00000263559	10.7	7
1861467	9606.ENSP00000420213	40.1	307
1857560	9606.ENSP00000372155	680	398
1850396	9606.ENSP00000321853	280	221
1843990	9606.ENSP00000250092	29.9	7
1856910	9606.ENSP00000367923	132	110
1859246	9606.ENSP00000387176	279	3957
1860870	9606.ENSP00000410769	373	122
1846674	9606.ENSP00000280557	78.2	20
1848760	9606.ENSP00000305692	32.0	42
1854595	9606.ENSP00000356425	180	109
1847158	9606.ENSP00000289228	54.4	46
1851211	9606.ENSP00000330054	665	649
1856898	9606.ENSP00000367851	3.9	4
1843828	9606.ENSP00000246646	193	4680
1853197	9606.ENSP00000347665	92.8	168
1860218	9606.ENSP00000400376	2.44	4
1845353	9606.ENSP00000263408	106	88
1842300	9606.ENSP00000167586	4589	15763
1856198	9606.ENSP00000364016	4.41	4
1850346	9606.ENSP00000321389	163	685
1855016	9606.ENSP00000358417	187	168
1856666	9606.ENSP00000366549	15.9	10
1855557	9606.ENSP00000360882	3.43	13
1849235	9606.ENSP00000309845	21.5	41
1861539	9606.ENSP00000421725	1205	881
1860141	9606.ENSP00000399168	45446	38092
1845602	9606.ENSP00000264710	11.6	6
1842184	9606.ENSP00000016946	0.956	12
1843815	9606.ENSP00000246337	85.6	33
1850384	9606.ENSP00000321744	628	1317
1857158	9606.ENSP00000369456	70.3	20
1842830	9606.ENSP00000221418	102	85
1850719	9606.ENSP00000325240	1014	407
1842174	9606.ENSP00000013034	311	234
1842615	9606.ENSP00000216714	12.6	6
1862739	9606.ENSP00000451080	80.6	10
1853938	9606.ENSP00000353074	628	1317
1864786	9606.ENSP00000472469	430	39
1845441	9606.ENSP00000263946	9.47	15
1849363	9606.ENSP00000310901	9.4	3
1852398	9606.ENSP00000340989	1013	1038
1846923	9606.ENSP00000284719	108	56
1862129	9606.ENSP00000439493	32.0	23
1842580	9606.ENSP00000216286	41.5	111
1861073	9606.ENSP00000414287	3.18	6
1843869	9606.ENSP00000247470	234	117
1843405	9606.ENSP00000234590	1107	1205
1847696	9606.ENSP00000296223	11.9	6
1845382	9606.ENSP00000263645	48.1	12
1856126	9606.ENSP00000363614	113	74
1856177	9606.ENSP00000363899	7.11	6
1858515	9606.ENSP00000380795	48.7	22
1843394	9606.ENSP00000234310	82.9	33
1849480	9606.ENSP00000311984	96.6	80
1852510	9606.ENSP00000341826	295	243
1845472	9606.ENSP00000264057	2.23	6
1845102	9606.ENSP00000262269	13.5	154
1863869	9606.ENSP00000464265	792	1763
1854940	9606.ENSP00000358045	50.0	45
1845966	9606.ENSP00000267814	7.06	4
1859143	9606.ENSP00000386264	17.2	13
1852522	9606.ENSP00000341938	346	298
1850048	9606.ENSP00000318415	10.7	9
1850729	9606.ENSP00000325369	12.9	3
1854014	9606.ENSP00000353660	13.0	5
1854491	9606.ENSP00000355961	7.18	14
1850286	9606.ENSP00000320828	6.09	5
1855403	9606.ENSP00000360147	3.79	3
