#id: 64
#name: H.sapiens - Ascitic fluid, SC (Wilhelm,Nature,2014)
#score: 7.14
#weight: 100%
#description: abundance based on Spectral counting, from<a href="http://www.nature.com/nature/journal/v509/n7502/full/nature13319.html" target="_blank">Wilhelm,Nature,2014</a><br/><b>Interaction consistency score</b>: 7.14&nbsp<b>Coverage</b>: 10
#organ: ASCITIC_FLUID
#integrated: false
#coverage: 10
#publication_year: 2014
#filename: 9606-ascites_Wilhelm_2014_Maxquant.txt
#
#internal_id	string_external_id	abundance	raw_spectral_count
1863965	9606.ENSP00000466775	2393	25
1847584	9606.ENSP00000295522	94.7	1
1848483	9606.ENSP00000303057	59.2	3
1858156	9606.ENSP00000377616	17.4	6
1843626	9606.ENSP00000242375	19.5	1
1844259	9606.ENSP00000253861	7.46	1
1850804	9606.ENSP00000326219	60.1	2
1849380	9606.ENSP00000311113	13.0	1
1848245	9606.ENSP00000301072	130	24
1845214	9606.ENSP00000262776	558	31
1854901	9606.ENSP00000357858	270	7
1859401	9606.ENSP00000389103	732	7
1862253	9606.ENSP00000443459	161	5
1852518	9606.ENSP00000341885	56.4	2
1844055	9606.ENSP00000251372	7.08	1
1861620	9606.ENSP00000424183	132	2
1857559	9606.ENSP00000372136	1000	28
1845821	9606.ENSP00000265872	9.34	1
1850586	9606.ENSP00000323856	404	214
1860535	9606.ENSP00000405573	361	14
1849473	9606.ENSP00000311876	29.0	1
1853413	9606.ENSP00000349252	12.5	1
1845339	9606.ENSP00000263368	437	6
1845583	9606.ENSP00000264651	46.4	23
1862022	9606.ENSP00000436049	52.6	2
1860732	9606.ENSP00000408631	31.3	1
1853151	9606.ENSP00000347271	98.2	2
1860714	9606.ENSP00000408342	24.5	2
1842898	9606.ENSP00000222256	3.66	1
1845038	9606.ENSP00000261994	147	5
1847466	9606.ENSP00000294119	88.2	2
1856140	9606.ENSP00000363676	331	6
1851354	9606.ENSP00000331514	3424	285
1850502	9606.ENSP00000322991	24.7	1
1861233	9606.ENSP00000416561	1422	169
1855080	9606.ENSP00000358715	21.1	3
1845114	9606.ENSP00000262306	249	4
1845665	9606.ENSP00000265016	98.7	4
1842608	9606.ENSP00000216500	89.2	3
1858619	9606.ENSP00000381565	145	17
1853670	9606.ENSP00000351108	167	3
1842673	9606.ENSP00000217652	276	12
1854397	9606.ENSP00000355518	42.6	2
1854774	9606.ENSP00000357288	69.7	1
1854615	9606.ENSP00000356520	411	48
1851289	9606.ENSP00000330836	53.2	2
1857007	9606.ENSP00000368605	34.4	2
1854822	9606.ENSP00000357555	402	3
1861542	9606.ENSP00000421848	45.6	1
1851247	9606.ENSP00000330374	19.9	1
1849997	9606.ENSP00000317955	129	20
1853504	9606.ENSP00000349873	60.1	9
1854585	9606.ENSP00000356382	181	14
1844173	9606.ENSP00000252936	1.52	1
1850875	9606.ENSP00000326869	73.3	2
1844701	9606.ENSP00000259477	79.5	1
1851096	9606.ENSP00000328973	157	2
1850867	9606.ENSP00000326804	18.9	2
1843722	9606.ENSP00000244534	668	35
1843731	9606.ENSP00000244661	116	8
1842805	9606.ENSP00000220849	128	6
1845897	9606.ENSP00000266718	2062	70
1855459	9606.ENSP00000360365	32.0	1
1862814	9606.ENSP00000452762	39.7	2
1847664	9606.ENSP00000296028	56.0	1
1857035	9606.ENSP00000368767	103	3
1853814	9606.ENSP00000352208	38.8	10
1857263	9606.ENSP00000370023	394	29
1848820	9606.ENSP00000306223	21.3	2
1855086	9606.ENSP00000358737	20.6	1
1855858	9606.ENSP00000362329	139	6
1847542	9606.ENSP00000295137	755	174
1853366	9606.ENSP00000348888	151	12
1860790	9606.ENSP00000409382	1.46	1
1843036	9606.ENSP00000225603	95.9	2
1864001	9606.ENSP00000468236	140	2
1852440	9606.ENSP00000341285	131	8
1854742	9606.ENSP00000357122	15.6	2
1848740	9606.ENSP00000305503	28.1	1
1852109	9606.ENSP00000338477	120	4
1844445	9606.ENSP00000256509	50.9	6
1844747	9606.ENSP00000260010	8.08	1
1846625	9606.ENSP00000279247	307	19
1844142	9606.ENSP00000252599	15.3	1
1843666	9606.ENSP00000243346	54.2	2
1846187	9606.ENSP00000271308	106	3
1855855	9606.ENSP00000362308	908	9
1852546	9606.ENSP00000342070	865	27
1848197	9606.ENSP00000300605	34.3	1
1848824	9606.ENSP00000306261	11.9	18
1842851	9606.ENSP00000221566	35.5	1
1851906	9606.ENSP00000336687	46.7	1
1853243	9606.ENSP00000347988	83.3	1
1854428	9606.ENSP00000355645	788	178
1846241	9606.ENSP00000272252	25.8	1
1856799	9606.ENSP00000367263	132	83
1845094	9606.ENSP00000262215	2.17	1
1854507	9606.ENSP00000356037	2614	122
1843632	9606.ENSP00000242577	51.1	1
1843441	9606.ENSP00000236826	376	13
1854604	9606.ENSP00000356448	3.99	1
1858158	9606.ENSP00000377640	74.5	1
1853986	9606.ENSP00000353472	22.2	3
1853884	9606.ENSP00000352671	33.6	1
1852245	9606.ENSP00000339740	3.78	1
1856017	9606.ENSP00000363041	99.0	1
1843112	9606.ENSP00000227378	760	53
1858184	9606.ENSP00000377865	103	2
1846014	9606.ENSP00000268379	238	7
1848151	9606.ENSP00000300161	349	12
1852186	9606.ENSP00000339191	119	3
1847841	9606.ENSP00000297258	468	8
1843442	9606.ENSP00000236850	10662	334
1845181	9606.ENSP00000262613	92.6	3
1860583	9606.ENSP00000406162	34.8	2
1851208	9606.ENSP00000330032	29.1	1
1845244	9606.ENSP00000262919	461	51
1855975	9606.ENSP00000362817	56.3	1
1858515	9606.ENSP00000380795	244	5
1847707	9606.ENSP00000296280	29.6	3
1848801	9606.ENSP00000306010	273	13
1853102	9606.ENSP00000346890	15.3	2
1851002	9606.ENSP00000328173	1756	84
1843791	9606.ENSP00000246006	7.03	1
1857794	9606.ENSP00000373730	60.1	9
1863411	9606.ENSP00000459775	100	9
1843593	9606.ENSP00000241305	5.1	1
1856302	9606.ENSP00000364597	56.3	3
1845020	9606.ENSP00000261890	112	6
1856800	9606.ENSP00000367265	29.0	2
1843673	9606.ENSP00000243563	145	2
1844410	9606.ENSP00000256178	468	12
1854069	9606.ENSP00000354045	459	44
1853180	9606.ENSP00000347507	0.619	2
1849710	9606.ENSP00000314491	13.2	1
1854113	9606.ENSP00000354394	73.2	6
1845035	9606.ENSP00000261978	14.8	1
1845616	9606.ENSP00000264758	82.7	5
1842446	9606.ENSP00000207437	96.6	4
1856462	9606.ENSP00000365411	49.6	2
1845575	9606.ENSP00000264613	10680	736
1846493	9606.ENSP00000276420	23.4	1
1857297	9606.ENSP00000370254	17.9	3
1864014	9606.ENSP00000468633	42.1	1
1844723	9606.ENSP00000259791	72.3	8
1857231	9606.ENSP00000369858	297	3
1844460	9606.ENSP00000256682	325	18
1856864	9606.ENSP00000367655	15.8	6
1856660	9606.ENSP00000366525	2596	38
1861565	9606.ENSP00000422473	61.7	1
1847027	9606.ENSP00000286713	481	13
1844317	9606.ENSP00000254722	1296	43
1856891	9606.ENSP00000367817	57.2	3
1852863	9606.ENSP00000344822	83.8	1
1854629	9606.ENSP00000356574	414	35
1848019	9606.ENSP00000299138	230	17
1842663	9606.ENSP00000217407	538	17
1852826	9606.ENSP00000344504	1298	13
1853333	9606.ENSP00000348706	81.6	14
1847410	9606.ENSP00000293373	62.2	8
1842839	9606.ENSP00000221476	21.2	1
1852730	9606.ENSP00000343690	56.0	7
1852071	9606.ENSP00000338082	290	34
1856940	9606.ENSP00000368135	179	8
1852297	9606.ENSP00000340210	90.1	2
1862001	9606.ENSP00000435412	5.95	2
1842338	9606.ENSP00000181796	8.86	1
1843650	9606.ENSP00000243045	73.3	2
1847808	9606.ENSP00000296930	925	17
1845588	9606.ENSP00000264663	290	24
1855499	9606.ENSP00000360569	58.1	3
1858981	9606.ENSP00000384774	243	27
1843066	9606.ENSP00000225972	108	3
1859957	9606.ENSP00000396688	2509	613
1851313	9606.ENSP00000331127	12.7	1
1843490	9606.ENSP00000238616	12.8	1
1844989	9606.ENSP00000261772	149	15
1856405	9606.ENSP00000365081	175	3
1856529	9606.ENSP00000365811	29.5	2
1854587	9606.ENSP00000356386	61.9	5
1845209	9606.ENSP00000262752	13.0	3
1843753	9606.ENSP00000245304	13.4	1
1853089	9606.ENSP00000346762	430	37
1849999	9606.ENSP00000317985	7.32	2
1844377	9606.ENSP00000255409	208	9
1862126	9606.ENSP00000439444	78.9	6
1862405	9606.ENSP00000447378	74.5	11
1843660	9606.ENSP00000243253	147	6
1854270	9606.ENSP00000354964	3.72	1
1855990	9606.ENSP00000362924	3106	122
1853372	9606.ENSP00000348918	4962	57
1857314	9606.ENSP00000370377	34.3	3
1842671	9606.ENSP00000217456	366	15
1853595	9606.ENSP00000350425	3478	148
1863597	9606.ENSP00000461324	13.9	1
1846175	9606.ENSP00000270776	401	17
1845743	9606.ENSP00000265394	15.4	1
1843439	9606.ENSP00000236671	281	16
1857062	9606.ENSP00000368927	44.6	1
1844589	9606.ENSP00000258341	163	22
1851566	9606.ENSP00000333266	17.4	2
1847002	9606.ENSP00000286301	114	9
1852335	9606.ENSP00000340510	26.5	6
1859939	9606.ENSP00000396505	1700	25
1853007	9606.ENSP00000346045	75.2	2
1863911	9606.ENSP00000465194	42.7	1
1843357	9606.ENSP00000233616	98.7	7
1845249	9606.ENSP00000262947	509	6
1849183	9606.ENSP00000309503	784	21
1845812	9606.ENSP00000265838	64.3	3
1846868	9606.ENSP00000283752	17.9	4
1850394	9606.ENSP00000321845	42.6	3
1842521	9606.ENSP00000215909	1322	21
1844885	9606.ENSP00000261313	611	8
1846291	9606.ENSP00000273047	9.09	1
1844129	9606.ENSP00000252491	2990	12
1853210	9606.ENSP00000347744	10.2	1
1852681	9606.ENSP00000343290	9.09	1
1846951	9606.ENSP00000285208	3.83	1
1843830	9606.ENSP00000246662	2739	117
1850113	9606.ENSP00000319096	14.9	1
1858198	9606.ENSP00000377954	106	12
1850792	9606.ENSP00000326031	82.1	4
1858549	9606.ENSP00000381045	13.6	1
1858681	9606.ENSP00000381992	9.2	1
1852328	9606.ENSP00000340466	909	62
1848044	9606.ENSP00000299300	24.6	2
1853538	9606.ENSP00000350036	4.86	2
1851571	9606.ENSP00000333298	272	10
1851568	9606.ENSP00000333277	116	8
1847224	9606.ENSP00000290349	176	7
1844278	9606.ENSP00000254193	81.0	2
1861167	9606.ENSP00000415634	52.8	1
1844144	9606.ENSP00000252603	213	4
1844198	9606.ENSP00000253108	52.2	1
1849932	9606.ENSP00000317141	400	9
1843813	9606.ENSP00000246194	160	5
1849488	9606.ENSP00000312042	105	11
1852156	9606.ENSP00000338934	1112	83
1858761	9606.ENSP00000382707	454	6
1857299	9606.ENSP00000370258	28.6	5
1852653	9606.ENSP00000343040	623	8
1845372	9606.ENSP00000263579	43.5	2
1845517	9606.ENSP00000264265	334	3
1846114	9606.ENSP00000269848	40.1	2
1856676	9606.ENSP00000366618	81.6	14
1847199	9606.ENSP00000289968	13.2	1
1853365	9606.ENSP00000348886	66.4	2
1846728	9606.ENSP00000281456	5.48	1
1845594	9606.ENSP00000264677	11.0	3
1854096	9606.ENSP00000354251	24.9	2
1848923	9606.ENSP00000307156	18.9	4
1850327	9606.ENSP00000321259	697	23
1861891	9606.ENSP00000431872	709	9
1847666	9606.ENSP00000296043	11.9	3
1846064	9606.ENSP00000269122	772	126
1843052	9606.ENSP00000225792	24.9	3
1844853	9606.ENSP00000261173	6.64	2
1843815	9606.ENSP00000246337	23.0	1
1846735	9606.ENSP00000281589	39.9	5
1850467	9606.ENSP00000322594	3.9	1
1843187	9606.ENSP00000229251	25.4	1
1849067	9606.ENSP00000308405	29.5	6
1851288	9606.ENSP00000330825	554	6
1855221	9606.ENSP00000359345	323	6
1850288	9606.ENSP00000320866	480	14
1842698	9606.ENSP00000218230	9.99	1
1854723	9606.ENSP00000357060	6.05	3
1848935	9606.ENSP00000307240	11.6	18
1847779	9606.ENSP00000296702	15.7	2
1849517	9606.ENSP00000312304	24.0	1
1845757	9606.ENSP00000265462	709	17
1842332	9606.ENSP00000178638	33.3	1
1863943	9606.ENSP00000466214	168	3
1845159	9606.ENSP00000262493	16.7	4
1850828	9606.ENSP00000326381	135	12
1842214	9606.ENSP00000044462	228	6
1848223	9606.ENSP00000300935	86.2	6
1859481	9606.ENSP00000390158	0.516	1
1844015	9606.ENSP00000250559	82.2	3
1842741	9606.ENSP00000219313	149	5
1845647	9606.ENSP00000264933	222	4
1845674	9606.ENSP00000265044	453	3
1860678	9606.ENSP00000407724	23.1	2
1854784	9606.ENSP00000357341	2.0	1
1847909	9606.ENSP00000297848	102	15
1847646	9606.ENSP00000295927	241	8
1846231	9606.ENSP00000272167	208	11
1853004	9606.ENSP00000346027	77.3	1
1853819	9606.ENSP00000352248	7.05	1
1843937	9606.ENSP00000248975	326	10
1843224	9606.ENSP00000229824	8.14	1
1848473	9606.ENSP00000302936	69.5	2
1849366	9606.ENSP00000310935	301	5
1857216	9606.ENSP00000369757	91.3	1
1847717	9606.ENSP00000296370	1399	10
1853135	9606.ENSP00000347168	79.4	11
1859771	9606.ENSP00000394071	32.4	5
1843499	9606.ENSP00000238738	51.8	2
1852549	9606.ENSP00000342082	257	3
1850277	9606.ENSP00000320709	655	11
1854083	9606.ENSP00000354159	67.1	8
1844387	9606.ENSP00000255674	2.67	1
1855976	9606.ENSP00000362820	82.4	1
1846829	9606.ENSP00000283027	14.9	1
1842505	9606.ENSP00000215773	76.4	2
1842599	9606.ENSP00000216455	119	3
1852072	9606.ENSP00000338093	4.35	1
1845628	9606.ENSP00000264832	134	6
1855595	9606.ENSP00000361057	37.7	1
1845382	9606.ENSP00000263645	47.0	1
1854589	9606.ENSP00000356395	421	21
1847208	9606.ENSP00000290158	271	21
1852102	9606.ENSP00000338358	136	7
1843077	9606.ENSP00000226218	991	48
1843747	9606.ENSP00000245121	18.0	1
1854450	9606.ENSP00000355759	74.0	5
1843162	9606.ENSP00000228825	491	7
1858123	9606.ENSP00000377374	36.8	1
1854402	9606.ENSP00000355537	106	29
1845140	9606.ENSP00000262428	1295	18
1852723	9606.ENSP00000343645	32.4	4
1845096	9606.ENSP00000262225	396	6
1848865	9606.ENSP00000306614	46.7	1
1847938	9606.ENSP00000298229	3.8	1
1849907	9606.ENSP00000316809	63.1	3
1858149	9606.ENSP00000377558	25.0	18
1849273	9606.ENSP00000310219	163	22
1862308	9606.ENSP00000446121	18.5	1
1843192	9606.ENSP00000229277	132	10
1843974	9606.ENSP00000249750	9.27	1
1859832	9606.ENSP00000394842	191	4
1850729	9606.ENSP00000325369	86.2	2
1856427	9606.ENSP00000365233	266	23
1844251	9606.ENSP00000253794	74.5	2
1843750	9606.ENSP00000245206	86.8	5
1856167	9606.ENSP00000363827	171	60
1850617	9606.ENSP00000324172	6.15	2
1855516	9606.ENSP00000360671	6.02	1
1845641	9606.ENSP00000264908	1551	59
1857550	9606.ENSP00000372067	10.9	1
1851406	9606.ENSP00000331897	322	14
1843222	9606.ENSP00000229794	98.4	4
1849627	9606.ENSP00000313454	52.5	5
1851117	9606.ENSP00000329165	11.9	16
1855272	9606.ENSP00000359525	154	6
1853697	9606.ENSP00000351318	11.9	2
1857560	9606.ENSP00000372155	322	8
1845362	9606.ENSP00000263519	6.98	2
1846617	9606.ENSP00000279146	35.3	1
1844907	9606.ENSP00000261416	33.8	2
1848963	9606.ENSP00000307508	464	16
1848714	9606.ENSP00000305230	282	3
1842632	9606.ENSP00000216968	172	3
1857400	9606.ENSP00000370984	60.6	1
1848401	9606.ENSP00000302397	24.6	7
1845797	9606.ENSP00000265729	154	4
1843185	9606.ENSP00000229239	4051	92
1844986	9606.ENSP00000261755	41.5	2
1859748	9606.ENSP00000393845	21.6	3
1844921	9606.ENSP00000261483	70.7	8
1847733	9606.ENSP00000296464	18.3	4
1854424	9606.ENSP00000355627	946	37
1854602	9606.ENSP00000356438	5.87	1
1847772	9606.ENSP00000296674	479	5
1850702	9606.ENSP00000325002	252	24
1845767	9606.ENSP00000265537	10.9	1
1846609	9606.ENSP00000279022	200	9
1847940	9606.ENSP00000298248	24.4	1
1843008	9606.ENSP00000225174	389	2
1856150	9606.ENSP00000363745	6.02	1
1848617	9606.ENSP00000304236	446	11
1849031	9606.ENSP00000308057	46.4	1
1843580	9606.ENSP00000240851	63.3	2
1851081	9606.ENSP00000328835	14.6	2
1861432	9606.ENSP00000419628	49.1	1
1855007	9606.ENSP00000358363	1.3	1
1861920	9606.ENSP00000432768	4.46	1
1846079	9606.ENSP00000269243	287	82
1846224	9606.ENSP00000272102	325	18
1842303	9606.ENSP00000168216	143	3
1849833	9606.ENSP00000315997	5.11	1
1843340	9606.ENSP00000233143	6302	19
1852037	9606.ENSP00000337761	70.1	4
1849232	9606.ENSP00000309830	1148	5
1845983	9606.ENSP00000267996	131	12
1844013	9606.ENSP00000250498	271	3
1848511	9606.ENSP00000303242	346	31
1862707	9606.ENSP00000450560	243	23
1842726	9606.ENSP00000219169	193	3
1863961	9606.ENSP00000466639	29.8	1
1858105	9606.ENSP00000377148	82.6	6
1855881	9606.ENSP00000362409	108	6
1863114	9606.ENSP00000457299	81.0	3
1846902	9606.ENSP00000284322	164	13
1843349	9606.ENSP00000233468	168	3
1842901	9606.ENSP00000222271	196	14
1846579	9606.ENSP00000278671	176	3
1849816	9606.ENSP00000315757	703	58
1851755	9606.ENSP00000334738	33.0	2
1843634	9606.ENSP00000242592	15.5	1
1846563	9606.ENSP00000278407	5670	220
1849968	9606.ENSP00000317578	5.29	1
1856191	9606.ENSP00000363988	72.5	3
1852251	9606.ENSP00000339795	279	5
1853058	9606.ENSP00000346483	68.5	1
1855605	9606.ENSP00000361097	21.2	2
1852923	9606.ENSP00000345341	17.8	1
1849263	9606.ENSP00000310129	327	24
1858295	9606.ENSP00000378786	36.4	1
1842451	9606.ENSP00000209668	202	14
1842584	9606.ENSP00000216336	1976	48
1845429	9606.ENSP00000263867	819	17
1862188	9606.ENSP00000441691	508	58
1852304	9606.ENSP00000340274	13.4	1
1856279	9606.ENSP00000364486	78.7	4
1857558	9606.ENSP00000372126	1000	28
1860206	9606.ENSP00000400142	92.2	2
1849934	9606.ENSP00000317159	72.4	2
1854793	9606.ENSP00000357392	81.1	2
1855167	9606.ENSP00000359073	4.75	1
1845228	9606.ENSP00000262865	221	8
1861848	9606.ENSP00000430706	454	13
1842374	9606.ENSP00000196551	166	4
1848300	9606.ENSP00000301464	108	2
1854902	9606.ENSP00000357861	221	11
1844605	9606.ENSP00000258424	287	4
1855912	9606.ENSP00000362566	8.93	1
1845727	9606.ENSP00000265335	55.4	8
1860599	9606.ENSP00000406381	140	2
1847973	9606.ENSP00000298556	44.1	1
1848022	9606.ENSP00000299157	20.0	1
1846239	9606.ENSP00000272233	115	4
1845475	9606.ENSP00000264071	110	21
1843939	9606.ENSP00000248996	8.32	1
1854079	9606.ENSP00000354125	212	14
1861812	9606.ENSP00000429931	104	3
1843886	9606.ENSP00000247970	161	2
1845458	9606.ENSP00000264018	32.1	1
1843256	9606.ENSP00000230538	28.0	5
1851565	9606.ENSP00000333255	102	1
1844077	9606.ENSP00000251645	11.6	16
1852098	9606.ENSP00000338345	260	3
1856350	9606.ENSP00000364801	192	30
1851691	9606.ENSP00000334188	65.2	1
1848116	9606.ENSP00000299964	356	7
1843448	9606.ENSP00000237014	20377	170
1845192	9606.ENSP00000262646	108	4
1855892	9606.ENSP00000362463	178	4
1856313	9606.ENSP00000364649	72.4	3
1854357	9606.ENSP00000355343	14.1	1
1849251	9606.ENSP00000310040	165	4
1844682	9606.ENSP00000259335	17.2	3
1862121	9606.ENSP00000439189	107	73
1856670	9606.ENSP00000366581	79.4	11
1844866	9606.ENSP00000261211	0.918	1
1847848	9606.ENSP00000297283	69.3	5
1843124	9606.ENSP00000227667	1245	13
1853958	9606.ENSP00000353238	65.8	2
1842641	9606.ENSP00000217133	14.2	8
1843319	9606.ENSP00000232564	63.1	5
1851504	9606.ENSP00000332706	137	2
1847742	9606.ENSP00000296503	1346	17
1851814	9606.ENSP00000335153	754	85
1858066	9606.ENSP00000376800	399	4
1857065	9606.ENSP00000368959	278	3
1847637	9606.ENSP00000295897	78653	4889
1858222	9606.ENSP00000378191	31.7	1
1842607	9606.ENSP00000216492	42.7	1
1842225	9606.ENSP00000054668	50.4	1
1846467	9606.ENSP00000276052	0.852	1
1849852	9606.ENSP00000316176	272	7
1861922	9606.ENSP00000432799	234	4
1846309	9606.ENSP00000273283	5019	302
1854448	9606.ENSP00000355751	21.8	3
1853456	9606.ENSP00000349541	49.6	2
1854480	9606.ENSP00000355922	5.27	2
1853867	9606.ENSP00000352572	2.73	1
1844127	9606.ENSP00000252486	4750	177
1846543	9606.ENSP00000277903	264	9
1842204	9606.ENSP00000037502	18.4	1
1850234	9606.ENSP00000320324	391	45
1854021	9606.ENSP00000353701	152	8
1853952	9606.ENSP00000353157	9.86	1
1852134	9606.ENSP00000338742	15.7	3
1849628	9606.ENSP00000313490	106	10
1846043	9606.ENSP00000268766	10.9	2
1842246	9606.ENSP00000078429	8.18	1
1846473	9606.ENSP00000276079	9.82	1
1848205	9606.ENSP00000300688	250	3
1856558	9606.ENSP00000366005	38.6	5
1857486	9606.ENSP00000371554	420	7
1850745	9606.ENSP00000325527	33.6	11
1853254	9606.ENSP00000348068	39953	1310
1844779	9606.ENSP00000260356	299	35
1847604	9606.ENSP00000295685	478	17
1844604	9606.ENSP00000258418	188	8
1847903	9606.ENSP00000297785	33.2	2
1845668	9606.ENSP00000265023	2053	125
1844834	9606.ENSP00000260967	1.32	1
1852586	9606.ENSP00000342374	612	6
1859702	9606.ENSP00000393241	989	15
1861781	9606.ENSP00000429243	68.0	2
1857971	9606.ENSP00000375863	14.5	1
1844455	9606.ENSP00000256644	90.2	1
1843143	9606.ENSP00000228463	44.1	1
1846180	9606.ENSP00000270879	222	8
1855966	9606.ENSP00000362778	74.0	3
1844465	9606.ENSP00000256733	2441	40
1845781	9606.ENSP00000265641	27.5	2
1843120	9606.ENSP00000227525	159	3
1857956	9606.ENSP00000375736	105	14
1859716	9606.ENSP00000393379	14.2	5
1845497	9606.ENSP00000264187	223	18
1848620	9606.ENSP00000304283	37.2	3
1857846	9606.ENSP00000374332	34.2	1
1861419	9606.ENSP00000419446	10.2	1
1842346	9606.ENSP00000184266	80.8	1
1864741	9606.ENSP00000472249	299	6
1854646	9606.ENSP00000356652	200	4
1863725	9606.ENSP00000462730	70.8	5
1852902	9606.ENSP00000345156	337	4
1843664	9606.ENSP00000243326	3.66	1
1845112	9606.ENSP00000262304	2.1	1
1859666	9606.ENSP00000392718	74.2	52
1850172	9606.ENSP00000319690	656	23
1858225	9606.ENSP00000378254	10.8	1
1860493	9606.ENSP00000404833	29.0	1
1845323	9606.ENSP00000263270	302	4
1853972	9606.ENSP00000353375	49.7	5
1853189	9606.ENSP00000347596	126	6
1846162	9606.ENSP00000270586	173	4
1846350	9606.ENSP00000273986	118	2
1852303	9606.ENSP00000340271	28.2	1
1845800	9606.ENSP00000265741	1.13	1
1853839	9606.ENSP00000352401	36.9	1
1844348	9606.ENSP00000255030	2962	45
1843920	9606.ENSP00000248598	19.7	1
1843286	9606.ENSP00000231368	7.11	1
1850385	9606.ENSP00000321746	23.5	2
1847242	9606.ENSP00000290573	42.6	11
1843372	9606.ENSP00000233893	709	9
1859755	9606.ENSP00000393887	1345	26
1862281	9606.ENSP00000444823	116	8
1855068	9606.ENSP00000358635	6.47	1
1857197	9606.ENSP00000369654	7105	322
1845670	9606.ENSP00000265028	56.5	1
1847834	9606.ENSP00000297185	179	12
1849080	9606.ENSP00000308541	2673	156
1846809	9606.ENSP00000282588	6.59	1
1854857	9606.ENSP00000357708	3243	23
1847048	9606.ENSP00000287038	52.5	1
1842279	9606.ENSP00000160827	78.3	5
1863971	9606.ENSP00000466950	10.4	1
1846497	9606.ENSP00000276461	42.2	2
1850340	9606.ENSP00000321347	9.07	1
1848771	9606.ENSP00000305777	16.7	2
1857851	9606.ENSP00000374372	107	29
1862133	9606.ENSP00000439660	116	8
1843190	9606.ENSP00000229268	161	11
1849761	9606.ENSP00000315130	1668	59
1848188	9606.ENSP00000300527	177	17
1845755	9606.ENSP00000265447	32.8	2
1853098	9606.ENSP00000346839	3194	447
1843983	9606.ENSP00000249923	300	29
1842640	9606.ENSP00000217131	342	9
1842329	9606.ENSP00000176763	155	11
1855527	9606.ENSP00000360718	3.76	1
1858364	9606.ENSP00000379394	10.5	2
1843314	9606.ENSP00000232461	13.2	5
1849828	9606.ENSP00000315945	10.3	1
1852284	9606.ENSP00000340019	174	9
1856856	9606.ENSP00000367615	260	7
1851922	9606.ENSP00000336762	70.7	1
1855121	9606.ENSP00000358867	85.1	8
1842511	9606.ENSP00000215829	240	3
1851928	9606.ENSP00000336799	131	24
1858171	9606.ENSP00000377783	1152	54
1851407	9606.ENSP00000331901	172	10
1843232	9606.ENSP00000230036	249	21
1854503	9606.ENSP00000356016	40.0	10
1855862	9606.ENSP00000362335	159	5
1858423	9606.ENSP00000380033	18.4	3
1844111	9606.ENSP00000252242	282	80
1843367	9606.ENSP00000233809	120	4
1842290	9606.ENSP00000164139	67.8	11
1847283	9606.ENSP00000291458	95.2	1
1842884	9606.ENSP00000222120	3.43	1
1849191	9606.ENSP00000309539	99.9	6
1850133	9606.ENSP00000319281	167	2
1852686	9606.ENSP00000343325	28.6	2
1855679	9606.ENSP00000361512	28.3	3
1843461	9606.ENSP00000237500	276	12
1851910	9606.ENSP00000336712	73.9	8
1842163	9606.ENSP00000010404	447	5
1852214	9606.ENSP00000339399	151	6
1852366	9606.ENSP00000340761	39.5	1
1843785	9606.ENSP00000245932	116	4
1854001	9606.ENSP00000353581	116	8
1843872	9606.ENSP00000247665	120	1
1855706	9606.ENSP00000361635	72.9	3
1857969	9606.ENSP00000375857	113	7
1853070	9606.ENSP00000346598	175	8
1843781	9606.ENSP00000245907	13753	2052
1847407	9606.ENSP00000293350	37.7	2
1848523	9606.ENSP00000303373	72.3	8
1861228	9606.ENSP00000416453	116	4
1862740	9606.ENSP00000451112	334	8
1861786	9606.ENSP00000429301	222	4
1852962	9606.ENSP00000345689	129	4
1845694	9606.ENSP00000265112	75.1	7
1855997	9606.ENSP00000362946	86.9	3
1844104	9606.ENSP00000252102	77.5	1
1851559	9606.ENSP00000333203	28.2	1
1849837	9606.ENSP00000316029	1090	228
1847350	9606.ENSP00000292401	3164	77
1843069	9606.ENSP00000226004	225	4
1853796	9606.ENSP00000352071	564	55
1847243	9606.ENSP00000290575	833	48
1847945	9606.ENSP00000298288	31.7	1
1848465	9606.ENSP00000302886	77.4	4
1845216	9606.ENSP00000262803	57.5	6
1854969	9606.ENSP00000358162	79.4	11
1848170	9606.ENSP00000300289	525	27
1859165	9606.ENSP00000386443	120	4
1853025	9606.ENSP00000346173	181	6
1842917	9606.ENSP00000222399	286	40
1853012	9606.ENSP00000346067	342	11
1847732	9606.ENSP00000296456	113	7
1852618	9606.ENSP00000342710	137	57
1856414	9606.ENSP00000365147	360	7
1844443	9606.ENSP00000256496	117	3
1860264	9606.ENSP00000401277	6.91	1
1860980	9606.ENSP00000412566	21.3	2
1846958	9606.ENSP00000285379	386	10
1853441	9606.ENSP00000349437	80.7	18
1848681	9606.ENSP00000304891	30.4	2
1855793	9606.ENSP00000362057	13.5	2
1860176	9606.ENSP00000399679	300	33
1849543	9606.ENSP00000312506	32.0	4
1853181	9606.ENSP00000347532	12.2	1
1862262	9606.ENSP00000443989	73.9	6
1845546	9606.ENSP00000264431	5.45	1
1858750	9606.ENSP00000382595	71.3	3
1859610	9606.ENSP00000391944	187	12
1850780	9606.ENSP00000325875	1122	103
1855521	9606.ENSP00000360687	662	7
1848055	9606.ENSP00000299367	697	91
1853038	9606.ENSP00000346300	76.4	2
1850169	9606.ENSP00000319664	75.5	3
1858341	9606.ENSP00000379203	24.9	2
1855868	9606.ENSP00000362361	1.5	1
1851154	9606.ENSP00000329471	50.4	2
1858637	9606.ENSP00000381654	12.7	1
1843538	9606.ENSP00000239878	217	1
1854029	9606.ENSP00000353741	15.8	1
1842582	9606.ENSP00000216297	27.7	2
1862107	9606.ENSP00000438833	17.7	3
1844690	9606.ENSP00000259396	16322	254
1851263	9606.ENSP00000330488	33.0	1
1847292	9606.ENSP00000291552	35.9	1
1863878	9606.ENSP00000464383	50.6	1
1862282	9606.ENSP00000444856	10.1	1
1856668	9606.ENSP00000366563	7.96	1
1851945	9606.ENSP00000336927	1644	54
1858372	9606.ENSP00000379475	96.7	7
1842631	9606.ENSP00000216962	160	18
1862027	9606.ENSP00000436337	1.75	1
1842411	9606.ENSP00000203407	53.8	3
1846238	9606.ENSP00000272227	544	15
1843261	9606.ENSP00000230640	6.86	1
1853420	9606.ENSP00000349297	42.6	3
1844056	9606.ENSP00000251377	6.25	1
1852374	9606.ENSP00000340836	59.2	2
1843025	9606.ENSP00000225474	101	1
1846984	9606.ENSP00000285930	104	5
1853749	9606.ENSP00000351664	11.0	1
1852312	9606.ENSP00000340305	92.8	6
1858402	9606.ENSP00000379802	15.8	1
1854577	9606.ENSP00000356348	235	3
1842933	9606.ENSP00000222673	126	14
1852924	9606.ENSP00000345344	71.7	2
1849949	9606.ENSP00000317331	384	6
1848806	9606.ENSP00000306099	17069	747
1851393	9606.ENSP00000331787	237	4
1843868	9606.ENSP00000247461	614	27
1849179	9606.ENSP00000309474	150	13
1855515	9606.ENSP00000360664	41.3	1
1853980	9606.ENSP00000353444	9.09	1
1861288	9606.ENSP00000417354	18.7	1
1850446	9606.ENSP00000322419	305	3
1854041	9606.ENSP00000353826	40.6	3
1852043	9606.ENSP00000337838	156	13
1848936	9606.ENSP00000307241	23.3	1
1847700	9606.ENSP00000296255	124	8
1842498	9606.ENSP00000215727	1348	63
1848752	9606.ENSP00000305647	74.9	1
1854962	9606.ENSP00000358151	109	15
1859146	9606.ENSP00000386284	56.3	2
1843639	9606.ENSP00000242776	95.6	7
1853931	9606.ENSP00000353025	91.4	2
1854332	9606.ENSP00000355237	3.96	1
1858287	9606.ENSP00000378720	127	17
1853936	9606.ENSP00000353072	34.2	5
1860200	9606.ENSP00000400088	1.35	1
1854669	9606.ENSP00000356807	70.2	2
1854958	9606.ENSP00000358140	81.6	9
1849381	9606.ENSP00000311121	118	4
1848008	9606.ENSP00000298942	36.3	1
1853733	9606.ENSP00000351589	60.1	9
1847596	9606.ENSP00000295633	43.1	3
1845154	9606.ENSP00000262464	1.17	1
1860195	9606.ENSP00000400010	103	10
1853438	9606.ENSP00000349428	37.5	3
1860116	9606.ENSP00000398803	62.7	2
1855365	9606.ENSP00000359910	220	7
1859193	9606.ENSP00000386717	229	3
1859618	9606.ENSP00000392094	113	12
1848425	9606.ENSP00000302586	5.59	1
1856467	9606.ENSP00000365439	208	7
1848457	9606.ENSP00000302833	56.3	2
1852307	9606.ENSP00000340281	11.3	1
1857095	9606.ENSP00000369127	32.7	1
1844176	9606.ENSP00000252951	439	44
1853001	9606.ENSP00000346015	147	2
1850064	9606.ENSP00000318635	32.3	1
1852698	9606.ENSP00000343445	18.3	4
1844902	9606.ENSP00000261401	143	4
1862475	9606.ENSP00000448035	103	4
1852226	9606.ENSP00000339521	39.0	1
1846994	9606.ENSP00000286091	1098	69
1842244	9606.ENSP00000075120	54.9	3
1858992	9606.ENSP00000384886	154	3
1860937	9606.ENSP00000411825	629	52
1855691	9606.ENSP00000361562	77.9	3
1859324	9606.ENSP00000388107	1149	51
1843653	9606.ENSP00000243077	243	105
1848944	9606.ENSP00000307280	281	9
1849621	9606.ENSP00000313420	202	81
1846944	9606.ENSP00000285039	3.52	2
1842571	9606.ENSP00000216252	66.1	1
1861143	9606.ENSP00000415200	4.02	1
1845235	9606.ENSP00000262890	110	3
1848200	9606.ENSP00000300648	37.7	13
1845599	9606.ENSP00000264705	45.5	10
1851127	9606.ENSP00000329243	605	67
1862989	9606.ENSP00000455744	34.6	2
1856553	9606.ENSP00000365946	143	1
1856081	9606.ENSP00000363392	105	2
1844399	9606.ENSP00000256001	9.95	1
1842270	9606.ENSP00000158762	4.8	1
1856500	9606.ENSP00000365630	1.12	1
1845084	9606.ENSP00000262187	132	2
1857167	9606.ENSP00000369519	20.4	1
1853064	9606.ENSP00000346550	639	42
1849017	9606.ENSP00000307889	56.4	1
1851162	9606.ENSP00000329554	116	8
1858520	9606.ENSP00000380869	36.3	2
1862739	9606.ENSP00000451080	111	1
1848889	9606.ENSP00000306881	109	7
1857211	9606.ENSP00000369736	764	7
1842871	9606.ENSP00000221957	162	6
1847752	9606.ENSP00000296543	67.6	7
1857461	9606.ENSP00000371393	36.8	3
1844052	9606.ENSP00000251337	11.9	5
1845296	9606.ENSP00000263168	450	11
1850823	9606.ENSP00000326342	25.5	1
1855554	9606.ENSP00000360871	53.4	2
1862361	9606.ENSP00000447001	353	4
1844929	9606.ENSP00000261517	2.64	1
1844132	9606.ENSP00000252512	28.2	3
1847723	9606.ENSP00000296417	29.5	6
1847997	9606.ENSP00000298841	104	6
1860801	9606.ENSP00000409612	62.5	2
1845691	9606.ENSP00000265100	54.7	2
1856028	9606.ENSP00000363115	27.6	1
1846003	9606.ENSP00000268182	853	118
1854141	9606.ENSP00000354532	48.8	2
1855328	9606.ENSP00000359719	36.7	4
1844248	9606.ENSP00000253778	4.91	1
1855491	9606.ENSP00000360532	10.5	1
1844819	9606.ENSP00000260746	77.1	1
1861756	9606.ENSP00000428657	11.7	2
1846137	9606.ENSP00000270221	64.4	2
1844227	9606.ENSP00000253413	219	6
1845286	9606.ENSP00000263097	142	5
1846509	9606.ENSP00000276651	11.1	3
1849982	9606.ENSP00000317780	153	3
1848995	9606.ENSP00000307765	301	3
1860955	9606.ENSP00000412189	82.9	4
1842650	9606.ENSP00000217244	41.2	1
1845671	9606.ENSP00000265029	23.1	1
1845466	9606.ENSP00000264036	131	8
1857466	9606.ENSP00000371420	19.0	1
1862712	9606.ENSP00000450635	48.2	6
1846379	9606.ENSP00000274364	10.8	6
1844825	9606.ENSP00000260818	54.8	11
1850693	9606.ENSP00000324897	395	4
1852625	9606.ENSP00000342812	12.5	7
1850737	9606.ENSP00000325425	56.5	2
1844702	9606.ENSP00000259486	125	13
1847228	9606.ENSP00000290378	788	178
1853766	9606.ENSP00000351777	730	60
1857753	9606.ENSP00000373370	6.44	1
1851760	9606.ENSP00000334801	21.8	1
1848863	9606.ENSP00000306606	384	19
1844266	9606.ENSP00000254043	110	53
1848830	9606.ENSP00000306330	143	5
1854202	9606.ENSP00000354722	44.6	1
1847770	9606.ENSP00000296658	56.8	2
1850738	9606.ENSP00000325448	22.4	1
1861955	9606.ENSP00000433967	46.9	9
1843337	9606.ENSP00000233084	62.6	3
1845697	9606.ENSP00000265132	2007	64
1854279	9606.ENSP00000355013	5.47	1
1849591	9606.ENSP00000313007	65.6	8
1851432	9606.ENSP00000332124	121	29
1854724	9606.ENSP00000357066	232	7
1849608	9606.ENSP00000313199	283	6
1858998	9606.ENSP00000384917	127	39
1845799	9606.ENSP00000265734	1.39	1
1853324	9606.ENSP00000348634	0.614	2
1858470	9606.ENSP00000380378	69.5	2
1850174	9606.ENSP00000319713	227	3
1854824	9606.ENSP00000357564	26.3	4
1843191	9606.ENSP00000229270	698	25
1842135	9606.ENSP00000005587	26.0	1
1854210	9606.ENSP00000354742	12.8	1
1854747	9606.ENSP00000357130	104	30
1845788	9606.ENSP00000265709	29.0	5
1843498	9606.ENSP00000238721	74.9	2
1853798	9606.ENSP00000352101	61.2	7
1848279	9606.ENSP00000301329	139	5
1842692	9606.ENSP00000218099	95.1	4
1853642	9606.ENSP00000350876	13.3	4
1843253	9606.ENSP00000230431	99.6	1
1852993	9606.ENSP00000345968	368	13
1849130	9606.ENSP00000308938	1593	109
1857170	9606.ENSP00000369538	54.6	7
1852781	9606.ENSP00000344193	98.5	2
1844096	9606.ENSP00000252029	157	7
1847933	9606.ENSP00000298159	44.5	3
1854760	9606.ENSP00000357189	149	5
1862158	9606.ENSP00000440698	626	6
1851299	9606.ENSP00000330945	173	5
1849428	9606.ENSP00000311489	13.1	6
1851031	9606.ENSP00000328359	1000	28
1856481	9606.ENSP00000365505	89.9	1
1857779	9606.ENSP00000373627	9.59	1
1851325	9606.ENSP00000331288	22.5	1
1857057	9606.ENSP00000368884	28.7	4
1850718	9606.ENSP00000325239	104	2
1850273	9606.ENSP00000320663	18.3	2
1850680	9606.ENSP00000324804	27.0	1
1845639	9606.ENSP00000264896	55.9	3
1852361	9606.ENSP00000340736	380	10
1861328	9606.ENSP00000417864	415	9
1851044	9606.ENSP00000328484	60.1	9
1860745	9606.ENSP00000408910	21.9	1
1861484	9606.ENSP00000420449	2.2	1
1854720	9606.ENSP00000357048	387	48
1849069	9606.ENSP00000308430	64.5	1
1852845	9606.ENSP00000344666	10.6	4
1848971	9606.ENSP00000307567	82.7	8
1855094	9606.ENSP00000358770	10.2	2
1851836	9606.ENSP00000335321	22.0	3
1846244	9606.ENSP00000272317	896	51
1844433	9606.ENSP00000256433	42.7	1
1848306	9606.ENSP00000301522	531	13
1855861	9606.ENSP00000362334	106	2
1857765	9606.ENSP00000373487	1614	90
1847629	9606.ENSP00000295834	67.7	1
1857806	9606.ENSP00000373854	3.05	1
1859389	9606.ENSP00000388996	8.57	1
1846959	9606.ENSP00000285381	281	8
1848092	9606.ENSP00000299698	9.57	4
1848589	9606.ENSP00000303992	138	5
1847692	9606.ENSP00000296181	18.8	2
1845761	9606.ENSP00000265498	190	1
1850938	9606.ENSP00000327583	148	2
1858867	9606.ENSP00000383690	64.6	4
1854576	9606.ENSP00000356346	282	27
1862289	9606.ENSP00000445175	1283	65
1842971	9606.ENSP00000223271	203	3
1858577	9606.ENSP00000381216	87.2	5
1843826	9606.ENSP00000246554	148	2
1846948	9606.ENSP00000285093	209	8
1847431	9606.ENSP00000293745	51.5	25
1853747	9606.ENSP00000351650	54.7	1
1850987	9606.ENSP00000328062	18.3	3
1857471	9606.ENSP00000371472	4.06	2
1852905	9606.ENSP00000345179	3990	66
1855883	9606.ENSP00000362413	1381	50
1846197	9606.ENSP00000271450	194	5
1842424	9606.ENSP00000205061	71.3	8
1851914	9606.ENSP00000336725	3.46	1
1842412	9606.ENSP00000203556	8.64	1
1859711	9606.ENSP00000393316	97.0	2
1845750	9606.ENSP00000265431	16.7	1
1855196	9606.ENSP00000359225	28.0	2
1846176	9606.ENSP00000270792	2704	19
1851141	9606.ENSP00000329374	232	14
1850630	9606.ENSP00000324287	3.95	1
1842705	9606.ENSP00000218388	895	22
1862971	9606.ENSP00000455510	4.02	1
1853902	9606.ENSP00000352834	23.8	2
1862294	9606.ENSP00000445508	15.8	1
1846710	9606.ENSP00000281154	5.27	1
1861240	9606.ENSP00000416683	568	27
1843003	9606.ENSP00000224784	776	174
1855955	9606.ENSP00000362744	290	12
1844407	9606.ENSP00000256104	80.6	2
1842504	9606.ENSP00000215770	61.3	2
1844250	9606.ENSP00000253792	251	27
1861216	9606.ENSP00000416250	25.4	1
1853204	9606.ENSP00000347717	40.3	1
1844476	9606.ENSP00000256935	23.8	4
1842662	9606.ENSP00000217402	171	4
1852870	9606.ENSP00000344871	124	11
1844978	9606.ENSP00000261733	44.7	3
1851135	9606.ENSP00000329312	558	22
1851596	9606.ENSP00000333551	65.1	2
1844122	9606.ENSP00000252455	429	15
1851933	9606.ENSP00000336831	10.9	3
1848005	9606.ENSP00000298910	2.62	1
1846410	9606.ENSP00000274764	34.9	8
1847746	9606.ENSP00000296511	725	28
1856757	9606.ENSP00000367034	79.4	11
1842987	9606.ENSP00000223641	113	1
1854355	9606.ENSP00000355330	122	8
1850543	9606.ENSP00000323421	49.6	7
1859399	9606.ENSP00000389087	105	5
1850128	9606.ENSP00000319240	46.9	2
1843031	9606.ENSP00000225550	15.2	16
1842281	9606.ENSP00000161559	135	7
1853932	9606.ENSP00000353030	23.5	4
1859548	9606.ENSP00000391249	6.22	1
1846927	9606.ENSP00000284811	219	3
1855768	9606.ENSP00000361926	24.1	1
1852771	9606.ENSP00000344106	10.7	1
1859182	9606.ENSP00000386541	78.8	2
1852636	9606.ENSP00000342886	109	15
1842779	9606.ENSP00000220166	36.9	1
1851667	9606.ENSP00000334051	13.6	5
1853084	9606.ENSP00000346694	422	14
1853976	9606.ENSP00000353408	1186	87
1862152	9606.ENSP00000440485	88.0	2
1849590	9606.ENSP00000312999	215	12
1843029	9606.ENSP00000225525	137	1
1850202	9606.ENSP00000320043	46.4	1
1853296	9606.ENSP00000348429	7.27	1
1856022	9606.ENSP00000363071	150	28
1842630	9606.ENSP00000216951	35.3	2
1848318	9606.ENSP00000301656	271	53
1854525	9606.ENSP00000356110	76.6	2
1854740	9606.ENSP00000357113	93.6	8
1848398	9606.ENSP00000302324	606	8
1847845	9606.ENSP00000297268	198	24
1852230	9606.ENSP00000339566	990	40
1854701	9606.ENSP00000356969	4375	54
1846470	9606.ENSP00000276066	3.59	1
1849079	9606.ENSP00000308540	202	19
1852314	9606.ENSP00000340329	30.1	1
1854586	9606.ENSP00000356385	367	22
1857945	9606.ENSP00000375622	15.3	1
1853853	9606.ENSP00000352458	24.1	1
1855977	9606.ENSP00000362824	37.2	3
1859420	9606.ENSP00000389338	8.8	1
1846012	9606.ENSP00000268296	35.7	6
1849180	9606.ENSP00000309477	328	22
1860530	9606.ENSP00000405455	809	26
1844877	9606.ENSP00000261267	1175	18
1843473	9606.ENSP00000237858	255	2
1850793	9606.ENSP00000326042	86.8	19
1848680	9606.ENSP00000304858	24.1	1
1849027	9606.ENSP00000308012	6.04	1
1855120	9606.ENSP00000358866	1427	296
1853569	9606.ENSP00000350278	36.8	1
1857369	9606.ENSP00000370750	40.7	2
1848258	9606.ENSP00000301202	30.5	1
1842623	9606.ENSP00000216802	292	7
1843621	9606.ENSP00000242285	513	4
1861396	9606.ENSP00000419088	126	2
1853877	9606.ENSP00000352627	60.1	9
1845287	9606.ENSP00000263100	2861	83
1846560	9606.ENSP00000278353	28.9	1
1846139	9606.ENSP00000270225	16.7	1
1859883	9606.ENSP00000395650	13.4	3
1844449	9606.ENSP00000256578	22.3	2
1856083	9606.ENSP00000363395	61.1	7
1853159	9606.ENSP00000347329	152	13
1842816	9606.ENSP00000221166	29.4	7
1845501	9606.ENSP00000264202	416	14
1855774	9606.ENSP00000361949	5.31	1
1849897	9606.ENSP00000316729	7.07	1
1845923	9606.ENSP00000267119	10.9	18
1842715	9606.ENSP00000219022	230	10
1846327	9606.ENSP00000273550	1248	30
1855133	9606.ENSP00000358921	69.5	2
1850773	9606.ENSP00000325817	28.9	8
1852830	9606.ENSP00000344547	496	4
1854982	9606.ENSP00000358224	73.9	6
1843474	9606.ENSP00000237889	87.6	1
1857282	9606.ENSP00000370129	11.8	2
1857989	9606.ENSP00000376076	71.1	1
1849661	9606.ENSP00000313877	52.6	2
1855347	9606.ENSP00000359804	47.5	3
1852262	9606.ENSP00000339835	55.1	6
1847296	9606.ENSP00000291568	497	5
1854818	9606.ENSP00000357535	36.0	1
1847279	9606.ENSP00000291295	729	23
1843994	9606.ENSP00000250124	95.7	1
1842472	9606.ENSP00000211998	758	84
1858614	9606.ENSP00000381504	16.9	2
1860357	9606.ENSP00000402608	2.47	1
1862487	9606.ENSP00000448165	12.3	2
1844542	9606.ENSP00000257857	332	5
1845538	9606.ENSP00000264389	25.9	1
1845390	9606.ENSP00000263672	207	3
1845324	9606.ENSP00000263273	36.0	2
1845175	9606.ENSP00000262584	121	2
1844765	9606.ENSP00000260227	24.0	1
1847500	9606.ENSP00000294724	3.72	1
1842758	9606.ENSP00000219481	28.8	1
1858656	9606.ENSP00000381785	29.9	1
1845170	9606.ENSP00000262551	194	8
1848128	9606.ENSP00000300060	313	27
1857593	9606.ENSP00000372459	11.8	1
1853302	9606.ENSP00000348461	124	5
1853836	9606.ENSP00000352336	59.9	6
1843486	9606.ENSP00000238508	137	7
1856198	9606.ENSP00000364016	110	4
1844113	9606.ENSP00000252245	110	40
1845250	9606.ENSP00000262948	58.2	4
1846651	9606.ENSP00000280097	93.1	3
1844893	9606.ENSP00000261366	159	11
1861456	9606.ENSP00000420093	38.3	1
1843345	9606.ENSP00000233242	2773	1173
1863546	9606.ENSP00000460885	52.5	7
1843553	9606.ENSP00000240185	31.7	1
1850070	9606.ENSP00000318687	171	17
1854212	9606.ENSP00000354769	35.0	1
1847680	9606.ENSP00000296125	5.02	1
1843176	9606.ENSP00000228945	408	7
1842503	9606.ENSP00000215754	606	6
1862912	9606.ENSP00000454746	422	10
1846836	9606.ENSP00000283179	469	26
1843081	9606.ENSP00000226253	202	6
1854006	9606.ENSP00000353624	79.4	11
1859383	9606.ENSP00000388872	2.52	1
1857012	9606.ENSP00000368646	136	7
1843076	9606.ENSP00000226209	0.607	2
1844963	9606.ENSP00000261674	24.8	2
1861595	9606.ENSP00000423563	158	6
1852087	9606.ENSP00000338235	22.8	1
1852441	9606.ENSP00000341289	182	31
1861260	9606.ENSP00000417052	76.0	1
1855303	9606.ENSP00000359629	92.4	6
1851574	9606.ENSP00000333326	33.6	8
1852772	9606.ENSP00000344115	177	11
1845366	9606.ENSP00000263559	29.4	1
1843990	9606.ENSP00000250092	370	3
1851595	9606.ENSP00000333547	102	6
1856690	9606.ENSP00000366679	60.1	9
1850411	9606.ENSP00000322061	1903	142
1853490	9606.ENSP00000349748	347	19
1846132	9606.ENSP00000270142	250	2
1847631	9606.ENSP00000295878	8.49	1
1850918	9606.ENSP00000327431	297	34
1853868	9606.ENSP00000352575	16.6	3
1861507	9606.ENSP00000420914	202	18
1857243	9606.ENSP00000369921	3.71	2
1851909	9606.ENSP00000336702	497	19
1848535	9606.ENSP00000303476	43.3	23
1842591	9606.ENSP00000216392	602	55
1856528	9606.ENSP00000365807	8.39	1
1853629	9606.ENSP00000350757	102	3
1858412	9606.ENSP00000379888	189	3
1864009	9606.ENSP00000468367	25.4	2
1848886	9606.ENSP00000306864	167	7
1855842	9606.ENSP00000362261	49.2	1
1848614	9606.ENSP00000304229	122	1
1856133	9606.ENSP00000363641	551	8
1861716	9606.ENSP00000427687	82.3	4
1858764	9606.ENSP00000382714	370	6
1842974	9606.ENSP00000223321	34.6	2
1848522	9606.ENSP00000303366	223	7
1860246	9606.ENSP00000400882	13.7	1
1855250	9606.ENSP00000359446	402	12
1851357	9606.ENSP00000331544	737	33
1847586	9606.ENSP00000295550	425	136
1861208	9606.ENSP00000416126	155	2
1846765	9606.ENSP00000282050	297	14
1851932	9606.ENSP00000336829	23095	1124
1860567	9606.ENSP00000405965	364	4
1857292	9606.ENSP00000370223	21.8	1
1858987	9606.ENSP00000384863	113	13
1848244	9606.ENSP00000301071	131	24
1857982	9606.ENSP00000375975	108	2
1857440	9606.ENSP00000371236	65.7	7
1851365	9606.ENSP00000331602	10.9	1
1857377	9606.ENSP00000370808	5.69	1
1854743	9606.ENSP00000357123	534	18
1846607	9606.ENSP00000278968	228	7
1844152	9606.ENSP00000252699	1146	124
1853568	9606.ENSP00000350275	116	8
1857426	9606.ENSP00000371152	81.3	5
1856784	9606.ENSP00000367196	81.9	1
1855488	9606.ENSP00000360519	2059	39
1845847	9606.ENSP00000266041	5505	361
1842110	9606.ENSP00000000412	102	2
1857866	9606.ENSP00000374507	4.09	1
1855574	9606.ENSP00000360985	2.23	1
1843403	9606.ENSP00000234454	42.3	1
1849703	9606.ENSP00000314414	168	20
1855903	9606.ENSP00000362532	46.8	1
1854712	9606.ENSP00000357008	62.2	5
1861189	9606.ENSP00000415941	2615	615
1850781	9606.ENSP00000325905	94.7	1
1843915	9606.ENSP00000248553	456	10
1854707	9606.ENSP00000356989	180	3
1848526	9606.ENSP00000303408	109	15
1844185	9606.ENSP00000253004	34.9	2
1858257	9606.ENSP00000378430	6292	18
1852488	9606.ENSP00000341674	62.8	7
1853389	9606.ENSP00000349078	22.2	1
1844755	9606.ENSP00000260118	280	7
1851474	9606.ENSP00000332449	144	3
1849314	9606.ENSP00000310573	108	31
1849021	9606.ENSP00000307940	1060	81
1861910	9606.ENSP00000432472	71.0	1
1852305	9606.ENSP00000340278	239	5
1844543	9606.ENSP00000257860	88.3	21
1843379	9606.ENSP00000233997	532	19
1857083	9606.ENSP00000369038	19.9	1
1843478	9606.ENSP00000238081	183	6
1859201	9606.ENSP00000386764	1.68	1
1842880	9606.ENSP00000222008	167	1
1851730	9606.ENSP00000334499	22.3	2
1843822	9606.ENSP00000246548	31.5	2
1858903	9606.ENSP00000384144	422	42
1850641	9606.ENSP00000324422	296	10
1861952	9606.ENSP00000433821	770	21
1847164	9606.ENSP00000289352	79.4	11
1857842	9606.ENSP00000374292	7.35	2
1861440	9606.ENSP00000419782	1.34	1
1864285	9606.ENSP00000470004	575	9
1855084	9606.ENSP00000358727	621	14
1861513	9606.ENSP00000421076	56.1	1
1844948	9606.ENSP00000261601	23.8	1
1864341	9606.ENSP00000470240	26.3	1
1844034	9606.ENSP00000251047	22.4	1
1859609	9606.ENSP00000391942	23.2	1
1842774	9606.ENSP00000219905	1.1	1
1864239	9606.ENSP00000469811	149	4
1845725	9606.ENSP00000265333	99.1	4
1844952	9606.ENSP00000261623	187	2
1845231	9606.ENSP00000262878	73.5	6
1858594	9606.ENSP00000381339	12.1	5
1862080	9606.ENSP00000438144	435	9
1855119	9606.ENSP00000358865	12.6	5
1856225	9606.ENSP00000364188	158	7
1856523	9606.ENSP00000365773	22.4	1
1851218	9606.ENSP00000330101	61.3	47
1846447	9606.ENSP00000275525	37.8	1
1844427	9606.ENSP00000256383	58.6	3
1853445	9606.ENSP00000349467	729	23
1851102	9606.ENSP00000329008	33.0	1
1853107	9606.ENSP00000346921	295	7
1845337	9606.ENSP00000263354	41.9	2
1859055	9606.ENSP00000385636	3.35	1
1842233	9606.ENSP00000058691	239	5
1842925	9606.ENSP00000222553	307	21
1847507	9606.ENSP00000294800	85.6	3
1847638	9606.ENSP00000295898	58.8	1
1845374	9606.ENSP00000263598	82.8	1
1855535	9606.ENSP00000360776	43.3	2
1861732	9606.ENSP00000428209	175	5
1847953	9606.ENSP00000298316	226	3
1854318	9606.ENSP00000355180	184	18
1854187	9606.ENSP00000354676	68.4	1
1859254	9606.ENSP00000387261	24.2	1
1845873	9606.ENSP00000266503	10.6	2
1848658	9606.ENSP00000304669	13.5	1
1843587	9606.ENSP00000241052	99.8	5
1853820	9606.ENSP00000352252	116	8
1861851	9606.ENSP00000430897	25.1	1
1842301	9606.ENSP00000167588	21.2	9
1859676	9606.ENSP00000392859	24.8	1
1859215	9606.ENSP00000386881	35.5	9
1851241	9606.ENSP00000330307	60.1	9
1858990	9606.ENSP00000384880	56.6	3
1843430	9606.ENSP00000235835	94.7	2
1843043	9606.ENSP00000225698	49.4	1
1852162	9606.ENSP00000339001	375	40
1854695	9606.ENSP00000356946	160	4
1849929	9606.ENSP00000317123	107	25
1853226	9606.ENSP00000347872	200	7
1848074	9606.ENSP00000299518	39.8	2
1852893	9606.ENSP00000345083	8.19	1
1853659	9606.ENSP00000351035	25.0	1
1863825	9606.ENSP00000463847	54.7	2
1843233	9606.ENSP00000230048	184	2
1850819	9606.ENSP00000326305	54.4	2
1862935	9606.ENSP00000455047	76.6	5
1856921	9606.ENSP00000367992	104	4
1844071	9606.ENSP00000251595	23632	512
1845837	9606.ENSP00000265986	78.8	7
1847898	9606.ENSP00000297689	13.9	1
1862604	9606.ENSP00000449428	19.3	1
1861270	9606.ENSP00000417175	22.3	1
1844060	9606.ENSP00000251453	516	8
1854124	9606.ENSP00000354468	151	5
1854432	9606.ENSP00000355656	72.3	8
1860677	9606.ENSP00000407685	381	23
1853550	9606.ENSP00000350159	79.4	11
1847010	9606.ENSP00000286371	68.3	2
1843011	9606.ENSP00000225275	361	33
1843157	9606.ENSP00000228740	129	7
1847755	9606.ENSP00000296564	3.34	1
1851918	9606.ENSP00000336741	55.6	5
1854135	9606.ENSP00000354511	37.0	1
1846318	9606.ENSP00000273368	49.8	2
1854262	9606.ENSP00000354947	178	6
1844350	9606.ENSP00000255040	1004	19
1843307	9606.ENSP00000232003	1797	64
1853523	9606.ENSP00000349960	3424	285
1855602	9606.ENSP00000361087	163	2
1846648	9606.ENSP00000280057	6.92	1
1857838	9606.ENSP00000374265	16.3	1
1856531	9606.ENSP00000365817	23.5	3
1843535	9606.ENSP00000239761	121	29
1851076	9606.ENSP00000328789	46.1	1
1847220	9606.ENSP00000290299	184	7
1860161	9606.ENSP00000399518	4.83	1
1862168	9606.ENSP00000441000	3.15	1
1859976	9606.ENSP00000396937	128	7
1844020	9606.ENSP00000250784	91.9	7
1856378	9606.ENSP00000364943	89.7	3
1846542	9606.ENSP00000277865	33.6	3
1863869	9606.ENSP00000464265	302	33
1847070	9606.ENSP00000287482	33.3	3
1848327	9606.ENSP00000301729	225	6
1859328	9606.ENSP00000388169	178	7
1848625	9606.ENSP00000304311	272	2
1843953	9606.ENSP00000249269	18.8	1
1857999	9606.ENSP00000376176	369	7
1849817	9606.ENSP00000315768	13.4	1
1854730	9606.ENSP00000357075	989	28
1844920	9606.ENSP00000261479	106	3
1857219	9606.ENSP00000369784	4.78	2
1844904	9606.ENSP00000261405	346	76
1856037	9606.ENSP00000363162	110	2
1848717	9606.ENSP00000305260	64.0	5
1847558	9606.ENSP00000295266	21.1	1
1846215	9606.ENSP00000271764	30.5	2
1847444	9606.ENSP00000293842	54.7	2
1846673	9606.ENSP00000280551	96.6	6
1842719	9606.ENSP00000219070	92.5	7
1852991	9606.ENSP00000345957	247	2
1843991	9606.ENSP00000250101	53.9	1
1859260	9606.ENSP00000387286	344	14
1855769	9606.ENSP00000361927	18.1	2
1842827	9606.ENSP00000221347	41.5	17
1862243	9606.ENSP00000443189	421	6
1856248	9606.ENSP00000364289	13.9	1
1843675	9606.ENSP00000243611	269	8
1858016	9606.ENSP00000376309	172	5
1848337	9606.ENSP00000301785	29.8	5
1842339	9606.ENSP00000181839	0.42	1
1853276	9606.ENSP00000348258	79.4	11
1852430	9606.ENSP00000341214	234	19
1858477	9606.ENSP00000380453	14.3	1
1842512	9606.ENSP00000215832	110	8
1849670	9606.ENSP00000313967	2538	61
1859290	9606.ENSP00000387641	10.6	3
1848848	9606.ENSP00000306477	166	8
1842159	9606.ENSP00000009180	172	1
1852711	9606.ENSP00000343535	63.5	7
1843739	9606.ENSP00000244763	72.7	2
1847225	9606.ENSP00000290354	183	8
1856870	9606.ENSP00000367705	1.64	1
1850053	9606.ENSP00000318472	15.5	1
1843228	9606.ENSP00000229922	14.1	2
1854689	9606.ENSP00000356918	28.7	1
1851149	9606.ENSP00000329452	29.1	1
1861384	9606.ENSP00000418842	55.7	1
1861450	9606.ENSP00000419970	21.9	2
1847344	9606.ENSP00000292327	153	6
1849549	9606.ENSP00000312606	280	12
1859839	9606.ENSP00000394936	2682	82
1858718	9606.ENSP00000382274	28.2	11
1858457	9606.ENSP00000380308	39.7	2
1855399	9606.ENSP00000360124	39.3	3
1854472	9606.ENSP00000355890	137	22
1848516	9606.ENSP00000303279	142	11
1849510	9606.ENSP00000312262	5.44	1
1849901	9606.ENSP00000316772	9.63	1
1844076	9606.ENSP00000251643	45.0	12
1861134	9606.ENSP00000415034	8.27	2
1856984	9606.ENSP00000368438	109	4
1846240	9606.ENSP00000272238	7.55	1
1858646	9606.ENSP00000381717	156	2
1853800	9606.ENSP00000352119	60.1	9
1850747	9606.ENSP00000325548	43.9	2
1851808	9606.ENSP00000335084	7.84	1
1851658	9606.ENSP00000333994	17632	521
1857571	9606.ENSP00000372224	267	12
1842638	9606.ENSP00000217121	219	6
1853349	9606.ENSP00000348786	83.9	3
1856155	9606.ENSP00000363768	626	16
1844225	9606.ENSP00000253408	54.8	12
1859870	9606.ENSP00000395473	5.56	1
1850450	9606.ENSP00000322439	79.7	4
1854129	9606.ENSP00000354490	18.1	6
1853269	9606.ENSP00000348170	19522	934
1847295	9606.ENSP00000291565	161	5
1854735	9606.ENSP00000357087	27.3	1
1852545	9606.ENSP00000342056	169	7
1851192	9606.ENSP00000329890	77.0	1
1850148	9606.ENSP00000319464	945	39
1861409	9606.ENSP00000419325	32.6	2
1857465	9606.ENSP00000371419	15.5	3
1855779	9606.ENSP00000361993	92.2	1
1844837	9606.ENSP00000260985	264	11
1844777	9606.ENSP00000260324	65.0	6
1851298	9606.ENSP00000330930	2.33	1
1847679	9606.ENSP00000296122	45.7	2
1862138	9606.ENSP00000440045	110	14
1850657	9606.ENSP00000324573	55.4	7
1843728	9606.ENSP00000244601	81.6	14
1856355	9606.ENSP00000364815	199	22
1847336	9606.ENSP00000292176	30.1	2
1847354	9606.ENSP00000292432	367	33
1848034	9606.ENSP00000299218	184	23
1845183	9606.ENSP00000262623	7.38	3
1843696	9606.ENSP00000244043	191	9
1862692	9606.ENSP00000450353	15.6	1
1845744	9606.ENSP00000265395	58.3	2
1858250	9606.ENSP00000378394	60.9	4
1849518	9606.ENSP00000312309	2.76	1
1857430	9606.ENSP00000371193	80.5	3
1852778	9606.ENSP00000344166	48.2	6
1857027	9606.ENSP00000368727	4.47	1
1847185	9606.ENSP00000289749	52.0	1
1842666	9606.ENSP00000217426	354	14
1858116	9606.ENSP00000377298	63.2	13
1858807	9606.ENSP00000383168	45.4	3
1862300	9606.ENSP00000445831	74.5	14
1854107	9606.ENSP00000354346	47.7	3
1858589	9606.ENSP00000381293	77.1	7
1846820	9606.ENSP00000282878	3.62	1
1856156	9606.ENSP00000363773	190	4
1854590	9606.ENSP00000356399	5122	492
1844509	9606.ENSP00000257497	2685	90
1851434	9606.ENSP00000332139	696	8
1858582	9606.ENSP00000381250	208	6
1847046	9606.ENSP00000287022	162	2
1856557	9606.ENSP00000365991	17.9	1
1843469	9606.ENSP00000237696	166	4
1842572	9606.ENSP00000216254	362	25
1863798	9606.ENSP00000463483	17.4	6
1848494	9606.ENSP00000303145	486	11
1842369	9606.ENSP00000196061	12.1	1
1849100	9606.ENSP00000308716	25.0	1
1846727	9606.ENSP00000281455	140	10
1861631	9606.ENSP00000424595	17.7	2
1862916	9606.ENSP00000454786	13.5	1
1847160	9606.ENSP00000289269	3.68	1
1843395	9606.ENSP00000234313	96.6	1
1857084	9606.ENSP00000369042	43.9	3
1854643	9606.ENSP00000356632	233	1
1845803	9606.ENSP00000265753	190	4
1854330	9606.ENSP00000355228	1773	8
1849707	9606.ENSP00000314458	203	4
1849826	9606.ENSP00000315925	104	4
1854968	9606.ENSP00000358160	116	8
1848791	9606.ENSP00000305958	24.8	1
1852166	9606.ENSP00000339027	234	6
1856657	9606.ENSP00000366513	55.6	3
1855489	9606.ENSP00000360525	49.7	2
1848495	9606.ENSP00000303147	65.7	3
1855189	9606.ENSP00000359211	229	19
1846086	9606.ENSP00000269349	94.3	7
1860081	9606.ENSP00000398495	133	3
1850624	9606.ENSP00000324205	121	9
1844108	9606.ENSP00000252172	0.605	2
1846891	9606.ENSP00000284240	58.5	1
1846823	9606.ENSP00000282903	165	12
1858776	9606.ENSP00000382840	3.6	1
1861989	9606.ENSP00000435096	1424	13
1845737	9606.ENSP00000265371	47.3	4
1847300	9606.ENSP00000291577	95.9	3
1861491	9606.ENSP00000420608	83.5	7
1850229	9606.ENSP00000320295	93.2	20
1854887	9606.ENSP00000357799	1536	8
1842566	9606.ENSP00000216218	243	5
1845981	9606.ENSP00000267978	17.3	2
1844629	9606.ENSP00000258739	50.4	2
1861356	9606.ENSP00000418401	133	4
1848840	9606.ENSP00000306397	29.5	1
1855747	9606.ENSP00000361845	20.0	1
1842354	9606.ENSP00000188790	8.03	2
1856107	9606.ENSP00000363512	79.2	6
1848637	9606.ENSP00000304408	118	16
1852680	9606.ENSP00000343282	79.4	11
1847035	9606.ENSP00000286788	27.0	2
1846972	9606.ENSP00000285735	210	6
1864007	9606.ENSP00000468348	8.25	1
1844001	9606.ENSP00000250244	10.1	1
1850084	9606.ENSP00000318852	40.4	2
1843234	9606.ENSP00000230050	221	4
1860096	9606.ENSP00000398632	115	6
1847105	9606.ENSP00000288050	10.4	1
1842994	9606.ENSP00000224181	1002	18
1845951	9606.ENSP00000267512	23.5	3
1844740	9606.ENSP00000259951	15.5	2
1846006	9606.ENSP00000268220	245	5
1849102	9606.ENSP00000308720	104	1
1858474	9606.ENSP00000380427	38.0	6
1851531	9606.ENSP00000332886	3.97	1
1844235	9606.ENSP00000253496	433	16
1858438	9606.ENSP00000380156	69.6	1
1856045	9606.ENSP00000363216	28.0	6
1845878	9606.ENSP00000266542	275	11
1854120	9606.ENSP00000354451	14.0	8
1845911	9606.ENSP00000267012	20.6	1
1852189	9606.ENSP00000339221	32.4	4
1855447	9606.ENSP00000360305	150	5
1848998	9606.ENSP00000307786	465	5
1861377	9606.ENSP00000418744	25.2	1
1849495	9606.ENSP00000312122	38.4	1
1856551	9606.ENSP00000365938	10.2	4
1852999	9606.ENSP00000346001	28.6	1
1856332	9606.ENSP00000364721	47.2	2
1842830	9606.ENSP00000221418	144	6
1847602	9606.ENSP00000295682	124	1
1856149	9606.ENSP00000363734	95.6	1
1845293	9606.ENSP00000263126	17.9	3
1862154	9606.ENSP00000440586	235	17
1859549	9606.ENSP00000391266	364	4
1854025	9606.ENSP00000353731	280	18
1848911	9606.ENSP00000307078	77.6	13
1853781	9606.ENSP00000351926	109	16
1849440	9606.ENSP00000311572	65.9	3
1853078	9606.ENSP00000346643	11.9	5
1858230	9606.ENSP00000378292	11.9	3
1847726	9606.ENSP00000296424	47.2	1
1860210	9606.ENSP00000400175	402	9
1854649	9606.ENSP00000356671	2467	91
1843571	9606.ENSP00000240617	21.7	1
1861242	9606.ENSP00000416706	213	68
1849481	9606.ENSP00000311997	13.8	5
1853439	9606.ENSP00000349430	81.6	14
1842224	9606.ENSP00000054666	52.0	1
1861358	9606.ENSP00000418447	44.8	3
1842879	9606.ENSP00000222005	67.3	2
1854108	9606.ENSP00000354347	4.8	1
1843040	9606.ENSP00000225655	3450	53
1846243	9606.ENSP00000272298	729	23
1849639	9606.ENSP00000313603	13.4	1
1858211	9606.ENSP00000378130	341	19
1859291	9606.ENSP00000387654	35.0	2
1849071	9606.ENSP00000308452	336	70
1850028	9606.ENSP00000318197	68.1	14
1859170	9606.ENSP00000386458	18.3	1
1843745	9606.ENSP00000245046	26.3	1
1852542	9606.ENSP00000342026	360	9
1847239	9606.ENSP00000290541	57.6	1
1842490	9606.ENSP00000215570	100	1
1853925	9606.ENSP00000352980	79.4	11
1861548	9606.ENSP00000421922	75.0	3
1856347	9606.ENSP00000364794	192	21
1854504	9606.ENSP00000356022	2654	34
1844678	9606.ENSP00000259253	478	57
1853847	9606.ENSP00000352438	98.8	5
1842957	9606.ENSP00000223061	29.5	1
1847222	9606.ENSP00000290332	3.88	1
1850888	9606.ENSP00000327070	535	21
1847683	9606.ENSP00000296130	681	12
1842918	9606.ENSP00000222402	73.8	1
1849375	9606.ENSP00000311032	33.9	1
1858283	9606.ENSP00000378699	1.3	1
1854704	9606.ENSP00000356982	84.7	1
1855704	9606.ENSP00000361626	63.8	1
1851636	9606.ENSP00000333837	36.3	1
1853003	9606.ENSP00000346022	172	3
1849595	9606.ENSP00000313050	33.5	1
1857270	9606.ENSP00000370074	142	9
1856426	9606.ENSP00000365227	708	6
1861467	9606.ENSP00000420213	382	110
1861079	9606.ENSP00000414359	105	5
1849553	9606.ENSP00000312625	39.3	2
1843004	9606.ENSP00000224807	18.2	1
1849303	9606.ENSP00000310491	91.1	3
1862118	9606.ENSP00000439146	73.9	6
1854817	9606.ENSP00000357516	316	17
1849469	9606.ENSP00000311847	440	4
1853378	9606.ENSP00000348965	371	179
1845836	9606.ENSP00000265983	9212	312
1842349	9606.ENSP00000185206	4.57	1
1856924	9606.ENSP00000368017	1.21	1
1856023	9606.ENSP00000363079	99.4	3
1848651	9606.ENSP00000304565	43.6	1
1851450	9606.ENSP00000332256	150	9
1852652	9606.ENSP00000343027	21.9	6
1861183	9606.ENSP00000415840	160	10
1856351	9606.ENSP00000364802	192	30
1842819	9606.ENSP00000221204	46.9	2
1860874	9606.ENSP00000410833	25.3	1
1854765	9606.ENSP00000357218	51.6	1
1852273	9606.ENSP00000339933	6.96	1
1843292	9606.ENSP00000231487	56.6	1
1848800	9606.ENSP00000306003	128	1
1854336	9606.ENSP00000355250	14.7	2
1844396	9606.ENSP00000255945	79.9	3
1843087	9606.ENSP00000226355	1068	55
1861013	9606.ENSP00000413234	144	18
1851030	9606.ENSP00000328358	106	44
1851336	9606.ENSP00000331368	72.3	6
1847416	9606.ENSP00000293441	5.01	1
1852342	9606.ENSP00000340578	27.4	1
1847866	9606.ENSP00000297431	15.5	1
1849140	9606.ENSP00000309092	43.4	2
1853009	9606.ENSP00000346050	62.4	2
1859833	9606.ENSP00000394863	77.9	2
1858728	9606.ENSP00000382379	9.87	1
1847986	9606.ENSP00000298715	9.61	2
1854882	9606.ENSP00000357789	2.03	1
1842482	9606.ENSP00000215375	213	2
1848718	9606.ENSP00000305263	121	48
1854661	9606.ENSP00000356771	14.3	3
1844249	9606.ENSP00000253788	734	8
1849655	9606.ENSP00000313829	50.7	1
1848476	9606.ENSP00000302961	300	29
1857206	9606.ENSP00000369703	118	26
1854789	9606.ENSP00000357362	27.6	3
1844813	9606.ENSP00000260665	122	21
1856742	9606.ENSP00000366962	81.6	14
1853275	9606.ENSP00000348234	8.73	2
1853177	9606.ENSP00000347495	156	6
1845013	9606.ENSP00000261875	21.9	1
1846686	9606.ENSP00000280706	133	19
1851245	9606.ENSP00000330343	265	2
1842377	9606.ENSP00000198765	19.7	1
1846084	9606.ENSP00000269321	586	6
1855840	9606.ENSP00000362249	51.1	1
1842635	9606.ENSP00000217073	11.7	2
1853723	9606.ENSP00000351497	42.3	2
1853602	9606.ENSP00000350512	68.9	2
1851758	9606.ENSP00000334798	67.1	24
1852633	9606.ENSP00000342850	613	13
1845311	9606.ENSP00000263238	309	11
1843712	9606.ENSP00000244336	253	11
1853363	9606.ENSP00000348849	171	2
1849171	9606.ENSP00000309415	135	2
1856578	9606.ENSP00000366124	1447	18
1855943	9606.ENSP00000362688	128	5
1845377	9606.ENSP00000263621	1056	22
1849521	9606.ENSP00000312326	14.2	1
1842815	9606.ENSP00000221138	24.3	2
1855709	9606.ENSP00000361642	103	3
1849201	9606.ENSP00000309591	125	6
1858760	9606.ENSP00000382697	19.1	4
1861691	9606.ENSP00000426909	297	11
1845012	9606.ENSP00000261868	29.3	1
1858630	9606.ENSP00000381607	1129	17
1845162	9606.ENSP00000262507	29.0	1
1862492	9606.ENSP00000448220	44.7	26
1844385	9606.ENSP00000255631	26.7	1
1859026	9606.ENSP00000385269	55.1	2
1853623	9606.ENSP00000350708	175	3
1842262	9606.ENSP00000156471	6.06	1
1848311	9606.ENSP00000301587	282	5
1845462	9606.ENSP00000264028	21.6	1
1845111	9606.ENSP00000262302	12.5	1
1860725	9606.ENSP00000408526	27.7	1
1842995	9606.ENSP00000224237	2087	142
1842876	9606.ENSP00000221992	26.6	5
1859339	9606.ENSP00000388293	89.3	1
1850407	9606.ENSP00000321988	16.1	3
1844114	9606.ENSP00000252250	378	121
1844078	9606.ENSP00000251646	11.2	16
1862636	9606.ENSP00000449751	202	3
1845428	9606.ENSP00000263864	74.3	1
1856412	9606.ENSP00000365131	40.1	3
1852398	9606.ENSP00000340989	63.9	3
1843064	9606.ENSP00000225964	233	30
1843237	9606.ENSP00000230085	290	5
1845584	9606.ENSP00000264657	102	7
1842846	9606.ENSP00000221515	186	3
1854883	9606.ENSP00000357791	25.6	3
1850715	9606.ENSP00000325146	15.3	5
1851454	9606.ENSP00000332287	93.1	1
1863181	9606.ENSP00000458149	797	12
1845556	9606.ENSP00000264474	1036	10
1853048	9606.ENSP00000346402	103	6
1849174	9606.ENSP00000309431	29.3	11
1848876	9606.ENSP00000306752	12.7	1
1848906	9606.ENSP00000307014	11.3	18
1862052	9606.ENSP00000437073	12.7	2
1847526	9606.ENSP00000295065	18.0	1
1850153	9606.ENSP00000319501	87.8	5
1849255	9606.ENSP00000310088	187	1
1844273	9606.ENSP00000254108	75.5	2
1843861	9606.ENSP00000247207	154	21
1854966	9606.ENSP00000358158	60.1	9
1842864	9606.ENSP00000221855	158	5
1853645	9606.ENSP00000350894	848	27
1850637	9606.ENSP00000324392	10.7	1
1859418	9606.ENSP00000389289	9.33	1
1862013	9606.ENSP00000435777	292	5
1846712	9606.ENSP00000281171	4.34	1
1860664	9606.ENSP00000407487	46.1	5
1842337	9606.ENSP00000181383	57.6	2
1847505	9606.ENSP00000294785	77.1	5
1861710	9606.ENSP00000427463	141	2
1859564	9606.ENSP00000391453	25.9	1
1860321	9606.ENSP00000402060	76.7	2
1851214	9606.ENSP00000330074	1547	25
1856483	9606.ENSP00000365522	18.5	1
1844953	9606.ENSP00000261636	104	2
1857098	9606.ENSP00000369134	61.5	3
1847778	9606.ENSP00000296695	251	2
1850366	9606.ENSP00000321606	19.1	5
1851078	9606.ENSP00000328808	35.9	12
1861531	9606.ENSP00000421566	15.4	1
1853139	9606.ENSP00000347184	2.48	1
1850447	9606.ENSP00000322421	23632	512
1844601	9606.ENSP00000258415	14.6	1
1860659	9606.ENSP00000407375	83.4	3
1846848	9606.ENSP00000283290	110	2
1854170	9606.ENSP00000354612	8.07	1
1851519	9606.ENSP00000332790	23.7	4
1850027	9606.ENSP00000318195	357	19
1851443	9606.ENSP00000332194	60.1	9
1853237	9606.ENSP00000347933	24.1	1
1856460	9606.ENSP00000365402	68.9	6
1853110	9606.ENSP00000346954	65.8	1
1855765	9606.ENSP00000361917	20.2	1
1856899	9606.ENSP00000367869	87.6	5
1842800	9606.ENSP00000220764	88.9	4
1855161	9606.ENSP00000359045	54.5	4
1842808	9606.ENSP00000220931	9.74	1
1861690	9606.ENSP00000426906	80.4	3
1855784	9606.ENSP00000362014	24.0	6
1845006	9606.ENSP00000261845	6.15	2
1853940	9606.ENSP00000353089	233	4
1854109	9606.ENSP00000354360	4.33	1
1853005	9606.ENSP00000346032	2272	87
1855309	9606.ENSP00000359645	139	7
1855378	9606.ENSP00000359991	325	11
1844889	9606.ENSP00000261336	695	159
1854075	9606.ENSP00000354090	4.71	1
1858079	9606.ENSP00000376899	42.4	4
1856453	9606.ENSP00000365370	180	12
1854200	9606.ENSP00000354720	94.0	10
1842429	9606.ENSP00000205402	22.5	1
1859071	9606.ENSP00000385834	12041	914
1852411	9606.ENSP00000341083	2.96	1
1860717	9606.ENSP00000408411	241	10
1852744	9606.ENSP00000343818	1.82	1
1858485	9606.ENSP00000380514	18.7	1
1843820	9606.ENSP00000246533	65.8	2
1853772	9606.ENSP00000351832	17.0	2
1858162	9606.ENSP00000377696	19.9	1
1859708	9606.ENSP00000393292	38.4	2
1845886	9606.ENSP00000266594	31.3	1
1848382	9606.ENSP00000302194	35.6	1
1855208	9606.ENSP00000359297	15.4	1
1853610	9606.ENSP00000350580	109	15
1842894	9606.ENSP00000222247	185	3
1861293	9606.ENSP00000417451	2.77	1
1860280	9606.ENSP00000401450	115	2
1843949	9606.ENSP00000249071	230	6
1849206	9606.ENSP00000309629	1610	31
1844041	9606.ENSP00000251166	61.4	7
1861418	9606.ENSP00000419425	3251	49
1843463	9606.ENSP00000237530	31.0	1
1862192	9606.ENSP00000441828	6351	469
1848744	9606.ENSP00000305556	194	8
1850891	9606.ENSP00000327077	1.89	1
1843084	9606.ENSP00000226299	43.9	3
1862767	9606.ENSP00000451560	71.1	20
1852481	9606.ENSP00000341625	211	3
1853036	9606.ENSP00000346294	2459	22
1847715	9606.ENSP00000296350	22.5	2
1855442	9606.ENSP00000360281	165	10
1859757	9606.ENSP00000393912	34.6	2
1842156	9606.ENSP00000008938	110	2
1855278	9606.ENSP00000359539	57.1	3
1849423	9606.ENSP00000311449	3.92	1
1845921	9606.ENSP00000267113	90.2	8
1847591	9606.ENSP00000295598	117	14
1845396	9606.ENSP00000263697	200	4
1862296	9606.ENSP00000445677	72.3	28
1842240	9606.ENSP00000071281	36.2	1
1852149	9606.ENSP00000338838	18.3	1
1850212	9606.ENSP00000320171	847	38
1843945	9606.ENSP00000249042	33.1	1
1849274	9606.ENSP00000310226	115	8
1849373	9606.ENSP00000311028	1115	8
1861221	9606.ENSP00000416330	11.6	1
1845265	9606.ENSP00000263025	35.1	4
1856744	9606.ENSP00000366974	79.4	11
1842904	9606.ENSP00000222286	41.5	5
1846105	9606.ENSP00000269593	288	6
1855782	9606.ENSP00000362010	106	4
1853014	9606.ENSP00000346088	515	4
1853957	9606.ENSP00000353224	343	24
1847720	9606.ENSP00000296388	31.8	2
1851779	9606.ENSP00000334928	1.75	1
1853039	9606.ENSP00000346316	79.4	11
1857355	9606.ENSP00000370658	22.3	1
1863130	9606.ENSP00000457539	9.98	1
1852173	9606.ENSP00000339095	233	5
1851126	9606.ENSP00000329219	50.7	4
1845355	9606.ENSP00000263413	950	73
1859056	9606.ENSP00000385638	60.4	2
1847080	9606.ENSP00000287667	28.3	11
1857124	9606.ENSP00000369317	378	121
1844057	9606.ENSP00000251390	48.8	2
1845684	9606.ENSP00000265077	74.6	18
1857239	9606.ENSP00000369897	9.04	1
1856010	9606.ENSP00000363018	91.8	2
1845950	9606.ENSP00000267502	11.1	1
1844999	9606.ENSP00000261813	190	2
1846443	9606.ENSP00000275428	74.6	2
1861603	9606.ENSP00000423665	0.944	1
1846529	9606.ENSP00000277480	710	13
1848520	9606.ENSP00000303351	155	10
1852412	9606.ENSP00000341094	60.1	9
1851821	9606.ENSP00000335203	77.0	1
1861509	9606.ENSP00000420939	30.5	1
1843797	9606.ENSP00000246069	64.1	3
1857250	9606.ENSP00000369965	41.6	1
1851297	9606.ENSP00000330918	25.4	1
1847572	9606.ENSP00000295408	35.8	3
1859040	9606.ENSP00000385479	116	8
1848662	9606.ENSP00000304697	470	51
1860871	9606.ENSP00000410815	1048	242
1845742	9606.ENSP00000265388	19.9	2
1844145	9606.ENSP00000252622	104	1
1842583	9606.ENSP00000216330	214	4
1856352	9606.ENSP00000364805	68.9	16
1853903	9606.ENSP00000352835	404	7
1845960	9606.ENSP00000267622	0.797	1
1843769	9606.ENSP00000245615	28.9	1
1842433	9606.ENSP00000205948	1007	32
1843366	9606.ENSP00000233735	173	4
1849066	9606.ENSP00000308383	61.3	2
1849166	9606.ENSP00000309334	201	4
1854385	9606.ENSP00000355467	89.0	3
1852861	9606.ENSP00000344818	152	51
1857096	9606.ENSP00000369129	2.6	1
1861468	9606.ENSP00000420227	26.5	3
1860649	9606.ENSP00000407182	16.3	3
1853912	9606.ENSP00000352918	1124	15
1844594	9606.ENSP00000258390	5.68	4
1849535	9606.ENSP00000312435	39.5	3
1854433	9606.ENSP00000355657	116	8
1844188	9606.ENSP00000253024	163	8
1842645	9606.ENSP00000217182	704	57
1853126	9606.ENSP00000347055	17.3	1
1861323	9606.ENSP00000417748	21.6	1
1860771	9606.ENSP00000409197	123	1
1843038	9606.ENSP00000225614	35.1	1
1846264	9606.ENSP00000272519	103	1
1858384	9606.ENSP00000379616	71.5	36
1846167	9606.ENSP00000270625	229	4
1850335	9606.ENSP00000321334	152	34
1849110	9606.ENSP00000308770	24.6	1
1854092	9606.ENSP00000354219	110	11
1852983	9606.ENSP00000345848	148	3
1842988	9606.ENSP00000223642	1514	193
1854963	9606.ENSP00000358153	79.4	11
1850950	9606.ENSP00000327691	348	3
1859045	9606.ENSP00000385545	1.3	1
1847193	9606.ENSP00000289902	333	2
1861483	9606.ENSP00000420443	314	1
1849624	9606.ENSP00000313432	251	6
1845042	9606.ENSP00000262027	157	11
1846674	9606.ENSP00000280557	44.4	1
1860122	9606.ENSP00000398880	0.495	1
1845920	9606.ENSP00000267103	22.3	1
1848400	9606.ENSP00000302393	125	18
1857025	9606.ENSP00000368716	11.1	2
1843444	9606.ENSP00000236957	230	6
1860446	9606.ENSP00000404011	615	99
1843761	9606.ENSP00000245503	0.623	2
1862959	9606.ENSP00000455329	144	3
1854861	9606.ENSP00000357727	9563	140
1842461	9606.ENSP00000210444	215	6
1844699	9606.ENSP00000259469	263	1
1858078	9606.ENSP00000376889	318	22
1853630	9606.ENSP00000350767	79.4	11
1849571	9606.ENSP00000312734	30.9	5
1848179	9606.ENSP00000300413	240	2
1848062	9606.ENSP00000299427	118	4
1844408	9606.ENSP00000256119	1334	30
1847177	9606.ENSP00000289473	34.2	1
1857438	9606.ENSP00000371230	29.0	1
1850651	9606.ENSP00000324549	55.6	11
1846554	9606.ENSP00000278222	3532	48
1864873	9606.ENSP00000472929	71.1	6
1854454	9606.ENSP00000355778	116	8
1848411	9606.ENSP00000302486	81.6	4
1858491	9606.ENSP00000380597	25.1	1
1858792	9606.ENSP00000382982	86.8	19
1856324	9606.ENSP00000364691	12.0	3
1858216	9606.ENSP00000378160	117	1
1844842	9606.ENSP00000261023	15.8	2
1846622	9606.ENSP00000279227	120	8
1845059	9606.ENSP00000262094	33.6	3
1843138	9606.ENSP00000228318	131	5
1862129	9606.ENSP00000439493	116	8
1844713	9606.ENSP00000259667	183	4
1858931	9606.ENSP00000384330	0.618	2
1844337	9606.ENSP00000254908	39.2	1
1848914	9606.ENSP00000307096	44.7	1
1856265	9606.ENSP00000364403	4.01	2
1850713	9606.ENSP00000325136	216	10
1847783	9606.ENSP00000296754	230	18
1860029	9606.ENSP00000397843	436	1
1842275	9606.ENSP00000160262	74.8	4
1848910	9606.ENSP00000307077	173	17
1844551	9606.ENSP00000257904	1.46	1
1849572	9606.ENSP00000312735	6.92	1
1842838	9606.ENSP00000221466	118	3
1854551	9606.ENSP00000356218	90.6	3
1853228	9606.ENSP00000347890	104	14
1857259	9606.ENSP00000370007	15811	28
1843563	9606.ENSP00000240343	51.1	1
1853711	9606.ENSP00000351410	200	5
1847402	9606.ENSP00000293288	96.7	2
1843701	9606.ENSP00000244137	15.3	1
1856492	9606.ENSP00000365570	87.7	1
1851539	9606.ENSP00000333001	53.0	1
1844324	9606.ENSP00000254801	755	14
1847163	9606.ENSP00000289316	81.6	14
1845474	9606.ENSP00000264065	13.3	1
1844528	9606.ENSP00000257694	4.29	1
1844988	9606.ENSP00000261769	34.8	1
1845208	9606.ENSP00000262746	702	20
1850599	9606.ENSP00000323929	12868	1608
1849107	9606.ENSP00000308753	93.6	2
1858179	9606.ENSP00000377833	396	17
1853848	9606.ENSP00000352442	81.6	14
1844638	9606.ENSP00000258787	3.04	1
1853541	9606.ENSP00000350052	107	73
1860845	9606.ENSP00000410403	2.41	1
1855402	9606.ENSP00000360141	7.85	5
1854858	9606.ENSP00000357711	315	5
1845696	9606.ENSP00000265131	197	37
1845393	9606.ENSP00000263686	12.1	3
1850897	9606.ENSP00000327145	487	135
1854873	9606.ENSP00000357762	17.0	1
1856793	9606.ENSP00000367220	491	14
1859774	9606.ENSP00000394107	93.1	5
1855744	9606.ENSP00000361824	553	141
1861867	9606.ENSP00000431254	10933	244
1850962	9606.ENSP00000327801	724	38
1844798	9606.ENSP00000260526	2.3	1
1843726	9606.ENSP00000244573	354	19
1847627	9606.ENSP00000295822	405	15
1854179	9606.ENSP00000354649	115	3
1856173	9606.ENSP00000363869	357	15
1845973	9606.ENSP00000267884	291	4
1845765	9606.ENSP00000265523	188	5
1844285	9606.ENSP00000254301	740	11
1846229	9606.ENSP00000272163	20.3	1
1848930	9606.ENSP00000307199	147	1
1846796	9606.ENSP00000282470	177	12
1845473	9606.ENSP00000264059	19.2	1
1852107	9606.ENSP00000338413	579	45
1845230	9606.ENSP00000262873	0.588	2
1853197	9606.ENSP00000347665	19.7	2
1847404	9606.ENSP00000293308	2852	236
1847965	9606.ENSP00000298510	346	9
1843912	9606.ENSP00000248437	52.7	13
1854754	9606.ENSP00000357156	257	11
1842562	9606.ENSP00000216194	25.4	1
1858135	9606.ENSP00000377446	38.1	1
1859034	9606.ENSP00000385432	68.2	3
1856011	9606.ENSP00000363019	168	2
1853509	9606.ENSP00000349887	54.9	2
1863176	9606.ENSP00000458075	11.7	1
1846489	9606.ENSP00000276390	11.7	1
1852793	9606.ENSP00000344259	557	6
1858598	9606.ENSP00000381412	4.24	1
1844558	9606.ENSP00000257951	18.7	27
1858193	9606.ENSP00000377941	1210	134
1860217	9606.ENSP00000400365	138	41
1862194	9606.ENSP00000441875	88.8	4
1853831	9606.ENSP00000352288	5.99	1
1848121	9606.ENSP00000300026	2087	35
1851385	9606.ENSP00000331736	16.0	3
1856646	9606.ENSP00000366460	153	8
1848835	9606.ENSP00000306361	17350	1152
1853486	9606.ENSP00000349722	156	2
1847018	9606.ENSP00000286548	8.18	1
1844406	9606.ENSP00000256103	59.4	1
1856168	9606.ENSP00000363832	390	38
1844574	9606.ENSP00000258145	41.2	2
1858997	9606.ENSP00000384900	14.7	1
1861575	9606.ENSP00000422846	42.6	3
1848334	9606.ENSP00000301764	159	17
1844112	9606.ENSP00000252244	4344	324
1854138	9606.ENSP00000354522	72.8	5
1853891	9606.ENSP00000352706	118	5
1848773	9606.ENSP00000305790	161	15
1848102	9606.ENSP00000299767	2480	181
1853437	9606.ENSP00000349415	32.0	1
1849976	9606.ENSP00000317674	769	29
1846188	9606.ENSP00000271324	242	2
1843396	9606.ENSP00000234347	1333	24
1848178	9606.ENSP00000300408	114	4
1856813	9606.ENSP00000367343	3.36	1
1843827	9606.ENSP00000246635	218	51
1856105	9606.ENSP00000363500	454	12
1842913	9606.ENSP00000222381	841	21
1850618	9606.ENSP00000324173	2242	112
1852130	9606.ENSP00000338703	204	8
1844415	9606.ENSP00000256246	2.46	2
1842558	9606.ENSP00000216181	1787	343
1857555	9606.ENSP00000372122	18.1	2
1857458	9606.ENSP00000371376	9.39	1
1858553	9606.ENSP00000381081	44.7	1
1844229	9606.ENSP00000253452	272	5
1851841	9606.ENSP00000335371	7.64	1
1861173	9606.ENSP00000415769	2737	160
1856239	9606.ENSP00000364252	247	3
1854860	9606.ENSP00000357726	1877	13
1855316	9606.ENSP00000359675	251	2
1863015	9606.ENSP00000456010	30.5	5
1845682	9606.ENSP00000265073	190	2
1842226	9606.ENSP00000054950	171	5
1862335	9606.ENSP00000446743	63.4	4
1853397	9606.ENSP00000349142	73.8	2
1859246	9606.ENSP00000387176	64.0	40
1856192	9606.ENSP00000363993	120	3
1861022	9606.ENSP00000413479	90.3	47
1842701	9606.ENSP00000218340	77.9	2
1850940	9606.ENSP00000327589	20.8	2
1854489	9606.ENSP00000355955	72.9	2
1853373	9606.ENSP00000348924	81.6	14
1848430	9606.ENSP00000302621	2199	60
1864786	9606.ENSP00000472469	1170	8
1858405	9606.ENSP00000379834	48.2	3
1844979	9606.ENSP00000261735	410	8
1860459	9606.ENSP00000404121	70.2	6
1846235	9606.ENSP00000272217	56.5	2
1854673	9606.ENSP00000356828	37.4	1
1852164	9606.ENSP00000339007	91.9	2
1854681	9606.ENSP00000356859	107	1
1858999	9606.ENSP00000384957	111	10
1846731	9606.ENSP00000281513	3.23	1
1852912	9606.ENSP00000345230	537	23
1856751	9606.ENSP00000366999	116	8
1860762	9606.ENSP00000409107	34.3	5
1846311	9606.ENSP00000273308	84.3	4
1843303	9606.ENSP00000231751	1140	90
1847264	9606.ENSP00000290902	36.6	1
1859252	9606.ENSP00000387233	24.0	1
1853131	9606.ENSP00000347140	38.9	1
1848317	9606.ENSP00000301653	199	79
1845635	9606.ENSP00000264870	228	16
1860439	9606.ENSP00000403936	101	5
1855385	9606.ENSP00000360034	30.1	1
1861540	9606.ENSP00000421736	8.2	1
1856276	9606.ENSP00000364475	212	8
1842174	9606.ENSP00000013034	461	16
1854241	9606.ENSP00000354876	213	3
1849018	9606.ENSP00000307900	61.3	2
1857811	9606.ENSP00000373918	86.1	6
1853015	9606.ENSP00000346103	99.5	2
1858063	9606.ENSP00000376793	9688	345
1853681	9606.ENSP00000351190	3654	262
1851624	9606.ENSP00000333769	30.2	1
1851196	9606.ENSP00000329920	87.7	4
1855661	9606.ENSP00000361405	645	41
1845260	9606.ENSP00000262982	58.2	7
1854011	9606.ENSP00000353654	25.1	4
1857962	9606.ENSP00000375809	8.02	1
1851172	9606.ENSP00000329662	254	5
1848043	9606.ENSP00000299299	61.6	1
1861355	9606.ENSP00000418397	20.4	1
1847132	9606.ENSP00000288666	76.0	7
1847961	9606.ENSP00000298428	42.5	3
1848467	9606.ENSP00000302896	835	14
1844815	9606.ENSP00000260702	8.07	2
1843948	9606.ENSP00000249066	39.9	1
1853556	9606.ENSP00000350199	139	18
1846685	9606.ENSP00000280704	7.14	1
1854278	9606.ENSP00000355011	293	10
1857091	9606.ENSP00000369081	75.9	4
1849585	9606.ENSP00000312946	32.5	7
1855223	9606.ENSP00000359356	5.01	1
1845136	9606.ENSP00000262418	369	22
1858108	9606.ENSP00000377192	39.8	4
1845161	9606.ENSP00000262506	7.52	1
1846440	9606.ENSP00000275358	2.41	1
1857387	9606.ENSP00000370883	27.1	11
1847885	9606.ENSP00000297564	156	1
1849294	9606.ENSP00000310440	174	2
1847815	9606.ENSP00000297012	36.4	7
1845087	9606.ENSP00000262193	117	2
1848653	9606.ENSP00000304592	214	47
1859718	9606.ENSP00000393393	391	3
1857331	9606.ENSP00000370473	21.3	1
1853477	9606.ENSP00000349679	69.5	2
1854964	9606.ENSP00000358154	116	8
1842508	9606.ENSP00000215793	79.0	5
1843060	9606.ENSP00000225899	11.6	16
1845660	9606.ENSP00000264993	29.9	1
1844405	9606.ENSP00000256079	8.62	1
1859634	9606.ENSP00000392330	120	4
1859406	9606.ENSP00000389160	27.2	1
1845596	9606.ENSP00000264690	344	27
1844115	9606.ENSP00000252252	466	130
1842386	9606.ENSP00000199764	41.3	1
1858463	9606.ENSP00000380334	69.7	3
1843188	9606.ENSP00000229264	16.9	2
1845149	9606.ENSP00000262455	166	7
1854610	9606.ENSP00000356481	88.6	5
1861362	9606.ENSP00000418529	23.7	1
1858060	9606.ENSP00000376776	16.3	1
1853736	9606.ENSP00000351596	8.08	1
1859791	9606.ENSP00000394316	43.9	2
1844155	9606.ENSP00000252725	435	12
1857513	9606.ENSP00000371798	20.6	1
1846222	9606.ENSP00000272065	104	2
1852022	9606.ENSP00000337632	96.9	2
1854209	9606.ENSP00000354739	492	7
1856229	9606.ENSP00000364212	300	3
1848882	9606.ENSP00000306788	76.7	1
1844939	9606.ENSP00000261574	100	11
1845093	9606.ENSP00000262213	39.9	1
1848580	9606.ENSP00000303908	109	4
1853267	9606.ENSP00000348163	86.6	13
1855820	9606.ENSP00000362144	29.6	1
1843434	9606.ENSP00000236147	204	6
1842526	9606.ENSP00000215956	79.7	1
1842405	9606.ENSP00000202773	117	3
1851493	9606.ENSP00000332613	36.0	1
1849313	9606.ENSP00000310572	86.7	3
1853404	9606.ENSP00000349168	16.2	2
1842723	9606.ENSP00000219150	573	14
1845485	9606.ENSP00000264144	5.45	2
1848799	9606.ENSP00000305995	145	11
1860352	9606.ENSP00000402551	167	4
1858818	9606.ENSP00000383234	6.28	2
1848515	9606.ENSP00000303276	720	5
1845043	9606.ENSP00000262030	334	17
1853777	9606.ENSP00000351885	160	5
1847518	9606.ENSP00000295006	96.4	8
1845947	9606.ENSP00000267484	25.6	2
1852244	9606.ENSP00000339730	244	21
1850072	9606.ENSP00000318697	24.9	10
1858383	9606.ENSP00000379612	9.72	1
1844987	9606.ENSP00000261758	37.7	1
1855476	9606.ENSP00000360473	126	1
1843400	9606.ENSP00000234396	10.9	1
1851142	9606.ENSP00000329380	95.0	4
1843172	9606.ENSP00000228928	19.6	2
1849358	9606.ENSP00000310861	1627	173
1858145	9606.ENSP00000377527	8.96	1
1844468	9606.ENSP00000256785	14.0	1
1855610	9606.ENSP00000361124	46.6	1
1851147	9606.ENSP00000329419	374	35
1849694	9606.ENSP00000314299	829	54
1853981	9606.ENSP00000353452	4.03	1
1859630	9606.ENSP00000392270	44.2	2
1858336	9606.ENSP00000379157	90.1	4
1852957	9606.ENSP00000345656	168	4
1848146	9606.ENSP00000300134	19.7	1
1856019	9606.ENSP00000363054	101	3
1844971	9606.ENSP00000261712	91.3	5
1843051	9606.ENSP00000225777	200	3
1858077	9606.ENSP00000376886	439	18
1850213	9606.ENSP00000320176	245	7
1855557	9606.ENSP00000360882	8.61	2
1844327	9606.ENSP00000254810	116	8
1862223	9606.ENSP00000442464	29.7	1
1854773	9606.ENSP00000357283	900	63
1861300	9606.ENSP00000417517	19.9	3
1849035	9606.ENSP00000308117	25.1	1
1854175	9606.ENSP00000354632	230	1
1847443	9606.ENSP00000293831	324	19
1847411	9606.ENSP00000293379	19.9	2
1853821	9606.ENSP00000352257	191	11
1855735	9606.ENSP00000361777	331	5
1860849	9606.ENSP00000410452	363	5
1858037	9606.ENSP00000376472	14.6	1
1848605	9606.ENSP00000304139	20.6	2
1845677	9606.ENSP00000265062	454	12
1857826	9606.ENSP00000374135	0.743	1
1847722	9606.ENSP00000296412	373	13
1848555	9606.ENSP00000303585	1.17	1
1851492	9606.ENSP00000332604	28.3	5
1850110	9606.ENSP00000319060	3.55	1
1842672	9606.ENSP00000217515	61.3	2
1857763	9606.ENSP00000373477	284	5
1844162	9606.ENSP00000252804	30.1	4
1861789	9606.ENSP00000429374	491	4
1860749	9606.ENSP00000408979	17.5	6
1855678	9606.ENSP00000361508	1165	56
1846399	9606.ENSP00000274606	64.8	1
1857277	9606.ENSP00000370115	1453	48
1842546	9606.ENSP00000216117	78.4	3
1853008	9606.ENSP00000346046	75.2	2
1854859	9606.ENSP00000357721	7496	84
1861478	9606.ENSP00000420381	68.7	2
1851302	9606.ENSP00000331019	85.7	1
1845524	9606.ENSP00000264335	874	30
1843048	9606.ENSP00000225729	25.4	1
1854965	9606.ENSP00000358155	60.1	9
1862334	9606.ENSP00000446714	561	13
1856376	9606.ENSP00000364934	401	11
1851736	9606.ENSP00000334563	1.1	1
1842709	9606.ENSP00000218548	3.47	2
1854304	9606.ENSP00000355124	2100	157
1846206	9606.ENSP00000271638	876	9
1857244	9606.ENSP00000369927	18.0	3
1850612	9606.ENSP00000324105	148	10
1847120	9606.ENSP00000288235	8.12	2
1843197	9606.ENSP00000229319	762	27
1844782	9606.ENSP00000260372	6.5	1
1849692	9606.ENSP00000314214	50.6	1
1856464	9606.ENSP00000365426	43.9	1
1848986	9606.ENSP00000307705	839	38
1855599	9606.ENSP00000361076	337	5
1849342	9606.ENSP00000310749	41.5	2
1848191	9606.ENSP00000300574	56.3	2
1849420	9606.ENSP00000311430	99.0	3
1845046	9606.ENSP00000262033	216	4
1842109	9606.ENSP00000000233	225	13
1857983	9606.ENSP00000375977	262	16
1842977	9606.ENSP00000223357	4.57	1
1850396	9606.ENSP00000321853	2243	72
1842551	9606.ENSP00000216129	13.0	1
1846102	9606.ENSP00000269576	3223	230
1856910	9606.ENSP00000367923	57.2	3
1862817	9606.ENSP00000452780	1163	15
1850002	9606.ENSP00000318016	22.2	3
1854153	9606.ENSP00000354573	5.78	3
1848760	9606.ENSP00000305692	74.0	5
1843380	9606.ENSP00000234038	22.2	1
1848629	9606.ENSP00000304350	28.3	8
1848504	9606.ENSP00000303206	230	4
1847158	9606.ENSP00000289228	13.2	1
1853467	9606.ENSP00000349595	29.2	6
1851211	9606.ENSP00000330054	1651	79
1856898	9606.ENSP00000367851	229	14
1843828	9606.ENSP00000246646	13.7	16
1860218	9606.ENSP00000400376	16.9	1
1845353	9606.ENSP00000263408	2069	103
1849445	9606.ENSP00000311648	7.62	2
1845053	9606.ENSP00000262061	274	2
1842300	9606.ENSP00000167586	401	96
1858441	9606.ENSP00000380177	81.6	14
1850346	9606.ENSP00000321389	72.3	8
1855016	9606.ENSP00000358417	115	6
1842806	9606.ENSP00000220853	35.9	1
1843075	9606.ENSP00000226207	0.614	2
1855522	9606.ENSP00000360688	108	2
1847502	9606.ENSP00000294728	269	21
1852523	9606.ENSP00000341940	31.5	1
1861539	9606.ENSP00000421725	2456	126
1860141	9606.ENSP00000399168	76.0	7
1845602	9606.ENSP00000264710	17.6	3
1856677	9606.ENSP00000366620	362	27
1845906	9606.ENSP00000266970	1.29	1
1850384	9606.ENSP00000321744	81.6	14
1858735	9606.ENSP00000382476	4.95	1
1850719	9606.ENSP00000325240	349	9
1844706	9606.ENSP00000259569	8.91	2
1860696	9606.ENSP00000407952	231	17
1842615	9606.ENSP00000216714	236	7
1850066	9606.ENSP00000318646	554	10
1853938	9606.ENSP00000353074	81.6	14
1854219	9606.ENSP00000354791	107	15
1844727	9606.ENSP00000259818	118	26
1852628	9606.ENSP00000342830	261	42
1854111	9606.ENSP00000354376	9.9	1
1853527	9606.ENSP00000349977	493	33
1853462	9606.ENSP00000349576	28.5	1
1846923	9606.ENSP00000284719	40.8	2
1847386	9606.ENSP00000292896	245	32
1861073	9606.ENSP00000414287	28.2	4
1843869	9606.ENSP00000247470	206	6
1843405	9606.ENSP00000234590	2478	83
1850558	9606.ENSP00000323587	93.5	6
1855757	9606.ENSP00000361878	183	9
1856126	9606.ENSP00000363614	42.9	2
1852265	9606.ENSP00000339850	3.14	1
1853572	9606.ENSP00000350310	6.7	2
1855039	9606.ENSP00000358510	55.9	1
1845721	9606.ENSP00000265304	208	3
1857423	9606.ENSP00000371138	473	3
1853414	9606.ENSP00000349259	366	95
1852510	9606.ENSP00000341826	327	14
1849866	9606.ENSP00000316357	34.1	13
1847312	9606.ENSP00000291744	264	7
1845102	9606.ENSP00000262269	23.7	19
1845535	9606.ENSP00000264381	52.7	3
1844942	9606.ENSP00000261590	69.0	4
1844373	9606.ENSP00000255381	0.615	2
1852064	9606.ENSP00000338020	74.7	7
1853096	9606.ENSP00000346827	75.6	4
1854940	9606.ENSP00000358045	242	13
1852220	9606.ENSP00000339467	302	6
1845966	9606.ENSP00000267814	86.1	3
1851610	9606.ENSP00000333664	87.0	3
1857224	9606.ENSP00000369816	19.7	1
1843108	9606.ENSP00000227266	39.2	2
1850048	9606.ENSP00000318415	37.5	3
1854122	9606.ENSP00000354458	245	9
1854014	9606.ENSP00000353660	553	7
1854632	9606.ENSP00000356584	20.1	1
1845899	9606.ENSP00000266732	14.4	1
1856252	9606.ENSP00000364310	27.9	7
