#id: 423
#name: H.sapiens - Saliva, SC (Wilhelm,Nature,2014)
#score: 9.86
#weight: 100%
#description: abundance based on Spectral counting, from<a href="http://www.nature.com/nature/journal/v509/n7502/full/nature13319.html" target="_blank">Wilhelm,Nature,2014</a><br/><b>Interaction consistency score</b>: 9.86&nbsp<b>Coverage</b>: 8
#organ: SALIVA
#integrated: false
#coverage: 8
#publication_year: 2014
#filename: 9606-saliva_Wilhelm_2014_Maxquant.txt
#
#internal_id	string_external_id	abundance	raw_spectral_count
1855148	9606.ENSP00000358994	7.37	1
1848483	9606.ENSP00000303057	18.8	1
1858156	9606.ENSP00000377616	38.6	12
1859255	9606.ENSP00000387262	91.1	5
1844921	9606.ENSP00000261483	17.5	2
1848245	9606.ENSP00000301072	359	47
1845214	9606.ENSP00000262776	1295	55
1861347	9606.ENSP00000418193	81.1	6
1844902	9606.ENSP00000261401	128	2
1843666	9606.ENSP00000243346	31.2	1
1857559	9606.ENSP00000372136	430	9
1850586	9606.ENSP00000323856	268	140
1860535	9606.ENSP00000405573	1695	56
1846003	9606.ENSP00000268182	625	92
1855196	9606.ENSP00000359225	17.3	1
1844217	9606.ENSP00000253354	2596	101
1845339	9606.ENSP00000263368	331	4
1845583	9606.ENSP00000264651	100	34
1858792	9606.ENSP00000382982	205	37
1862022	9606.ENSP00000436049	40.8	1
1853151	9606.ENSP00000347271	66.6	1
1842898	9606.ENSP00000222256	4.38	1
1856747	9606.ENSP00000366984	23.7	9
1848072	9606.ENSP00000299502	99.3	4
1856140	9606.ENSP00000363676	443	6
1851354	9606.ENSP00000331514	3971	336
1852064	9606.ENSP00000338020	24.5	2
1861233	9606.ENSP00000416561	179	23
1845665	9606.ENSP00000265016	93.2	3
1844123	9606.ENSP00000252456	113	4
1842608	9606.ENSP00000216500	181	4
1858619	9606.ENSP00000381565	60.7	6
1842673	9606.ENSP00000217652	152	6
1854397	9606.ENSP00000355518	28.4	1
1858354	9606.ENSP00000379339	184	1
1854615	9606.ENSP00000356520	84.5	9
1856652	9606.ENSP00000366488	10.1	1
1847269	9606.ENSP00000290949	79.9	2
1854822	9606.ENSP00000357555	219	1
1842974	9606.ENSP00000223321	26.8	1
1856010	9606.ENSP00000363018	38.5	1
1860937	9606.ENSP00000411825	721	50
1844173	9606.ENSP00000252936	1.84	1
1850875	9606.ENSP00000326869	31.5	1
1843062	9606.ENSP00000225927	261	12
1851096	9606.ENSP00000328973	359	4
1845411	9606.ENSP00000263774	45.2	1
1843722	9606.ENSP00000244534	664	28
1843731	9606.ENSP00000244661	1747	113
1855516	9606.ENSP00000360671	414	23
1848968	9606.ENSP00000307540	3536	57
1845897	9606.ENSP00000266718	268	9
1862814	9606.ENSP00000452762	204	6
1859392	9606.ENSP00000389026	916	15
1853814	9606.ENSP00000352208	29.4	6
1856904	9606.ENSP00000367891	1147	33
1842329	9606.ENSP00000176763	33.9	3
1855086	9606.ENSP00000358737	86.7	3
1855858	9606.ENSP00000362329	66.3	1
1847542	9606.ENSP00000295137	1140	220
1854610	9606.ENSP00000356481	20.2	1
1853031	9606.ENSP00000346251	1271	17
1844077	9606.ENSP00000251645	34.7	28
1844353	9606.ENSP00000255084	11.5	1
1846044	9606.ENSP00000268793	4.55	1
1852440	9606.ENSP00000341285	173	7
1858066	9606.ENSP00000376800	819	5
1860680	9606.ENSP00000407749	51.0	1
1857486	9606.ENSP00000371554	83.7	1
1844779	9606.ENSP00000260356	110	10
1846625	9606.ENSP00000279247	710	35
1842131	9606.ENSP00000005286	26.5	1
1855855	9606.ENSP00000362308	236	3
1845987	9606.ENSP00000268053	78.5	5
1848824	9606.ENSP00000306261	2904	225
1864161	9606.ENSP00000469468	745	22
1854428	9606.ENSP00000355645	1290	231
1857384	9606.ENSP00000370867	3700	209
1861786	9606.ENSP00000429301	253	3
1860021	9606.ENSP00000397679	322	8
1854507	9606.ENSP00000356037	75.2	3
1847666	9606.ENSP00000296043	19.2	4
1843441	9606.ENSP00000236826	299	9
1854604	9606.ENSP00000356448	18.6	3
1858158	9606.ENSP00000377640	224	2
1854111	9606.ENSP00000354376	70.7	3
1850558	9606.ENSP00000323587	102	4
1857166	9606.ENSP00000369518	47.3	2
1852245	9606.ENSP00000339740	4.44	1
1843112	9606.ENSP00000227378	1179	102
1858184	9606.ENSP00000377865	110	1
1846014	9606.ENSP00000268379	145	3
1848151	9606.ENSP00000300161	653	23
1847841	9606.ENSP00000297258	1482	23
1843442	9606.ENSP00000236850	2777	75
1845181	9606.ENSP00000262613	41.1	1
1859665	9606.ENSP00000392709	89.7	4
1842815	9606.ENSP00000221138	95.2	3
1845244	9606.ENSP00000262919	45.2	4
1855975	9606.ENSP00000362817	733	6
1849987	9606.ENSP00000317842	151	7
1848801	9606.ENSP00000306010	113	4
1858188	9606.ENSP00000377892	21.8	1
1857794	9606.ENSP00000373730	573	59
1848244	9606.ENSP00000301071	356	47
1843650	9606.ENSP00000243045	31.5	1
1856302	9606.ENSP00000364597	688	25
1845020	9606.ENSP00000261890	165	8
1856800	9606.ENSP00000367265	307	16
1854069	9606.ENSP00000354045	184	18
1864016	9606.ENSP00000468690	422	4
1844399	9606.ENSP00000256001	17.0	2
1844589	9606.ENSP00000258341	47.0	6
1844299	9606.ENSP00000254508	7.15	1
1845616	9606.ENSP00000264758	27.1	2
1842446	9606.ENSP00000207437	102	4
1857377	9606.ENSP00000370808	145	16
1845575	9606.ENSP00000264613	699	44
1857297	9606.ENSP00000370254	7.01	1
1854916	9606.ENSP00000357905	1236	197
1844723	9606.ENSP00000259791	748	52
1857231	9606.ENSP00000369858	698	7
1844460	9606.ENSP00000256682	135	8
1845324	9606.ENSP00000263273	240	14
1861565	9606.ENSP00000422473	66.5	1
1847027	9606.ENSP00000286713	420	10
1842801	9606.ENSP00000220772	54.4	1
1856891	9606.ENSP00000367817	71.8	3
1854629	9606.ENSP00000356574	841	49
1848019	9606.ENSP00000299138	148	10
1852826	9606.ENSP00000344504	1229	11
1854953	9606.ENSP00000358106	55.6	4
1853333	9606.ENSP00000348706	585	92
1847410	9606.ENSP00000293373	45.1	5
1845087	9606.ENSP00000262193	103	2
1849633	9606.ENSP00000313571	1147	33
1852071	9606.ENSP00000338082	4033	137
1862001	9606.ENSP00000435412	6.07	1
1847255	9606.ENSP00000290776	25.9	4
1847808	9606.ENSP00000296930	370	6
1845588	9606.ENSP00000264663	29.2	2
1855499	9606.ENSP00000360569	116	5
1858981	9606.ENSP00000384774	282	27
1843066	9606.ENSP00000225972	50.9	1
1859578	9606.ENSP00000391592	12.9	1
1853122	9606.ENSP00000347041	105	2
1853568	9606.ENSP00000350275	1747	113
1844017	9606.ENSP00000250617	12.9	1
1844989	9606.ENSP00000261772	75.2	6
1856405	9606.ENSP00000365081	54.8	1
1843753	9606.ENSP00000245304	15.2	1
1846243	9606.ENSP00000272298	323	11
1846563	9606.ENSP00000278407	415	13
1844377	9606.ENSP00000255409	117	4
1862405	9606.ENSP00000447378	21.3	3
1849396	9606.ENSP00000311245	188	1
1861633	9606.ENSP00000424707	178	1
1855990	9606.ENSP00000362924	3306	98
1853372	9606.ENSP00000348918	219	2
1842671	9606.ENSP00000217456	443	12
1853595	9606.ENSP00000350425	175	6
1853361	9606.ENSP00000348842	3.91	1
1853517	9606.ENSP00000349932	14.7	2
1860845	9606.ENSP00000410403	2.9	1
1843439	9606.ENSP00000236671	196	8
1844012	9606.ENSP00000250495	224	2
1853617	9606.ENSP00000350673	120	3
1848675	9606.ENSP00000304822	176	2
1852335	9606.ENSP00000340510	1560	250
1859939	9606.ENSP00000396505	865	10
1853007	9606.ENSP00000346045	53.9	1
1855296	9606.ENSP00000359594	70.8	4
1843357	9606.ENSP00000233616	170	9
1845249	9606.ENSP00000262947	205	3
1849183	9606.ENSP00000309503	1607	42
1846868	9606.ENSP00000283752	696	32
1842521	9606.ENSP00000215909	59.1	1
1861189	9606.ENSP00000415941	156	38
1844885	9606.ENSP00000261313	992	12
1846291	9606.ENSP00000273047	50.9	1
1855258	9606.ENSP00000359485	204	10
1853210	9606.ENSP00000347744	31.1	2
1852681	9606.ENSP00000343290	19.8	2
1846951	9606.ENSP00000285208	36.7	3
1843830	9606.ENSP00000246662	2715	108
1850113	9606.ENSP00000319096	17.5	1
1858198	9606.ENSP00000377954	19.6	2
1850792	9606.ENSP00000326031	128	8
1858681	9606.ENSP00000381992	79.5	3
1843234	9606.ENSP00000230050	76.8	1
1843915	9606.ENSP00000248553	4459	81
1854169	9606.ENSP00000354610	4052	625
1851568	9606.ENSP00000333277	1747	113
1847224	9606.ENSP00000290349	205	8
1853957	9606.ENSP00000353224	507	31
1844144	9606.ENSP00000252603	214	5
1849932	9606.ENSP00000317141	47.9	1
1849488	9606.ENSP00000312042	27.9	3
1852156	9606.ENSP00000338934	1225	85
1858761	9606.ENSP00000382707	253	3
1857299	9606.ENSP00000370258	10.9	2
1852653	9606.ENSP00000343040	1232	14
1854006	9606.ENSP00000353624	761	95
1846114	9606.ENSP00000269848	125	6
1856676	9606.ENSP00000366618	585	92
1846728	9606.ENSP00000281456	139	16
1845594	9606.ENSP00000264677	13.6	3
1855425	9606.ENSP00000360217	69.4	1
1850327	9606.ENSP00000321259	664	20
1861891	9606.ENSP00000431872	410	5
1846064	9606.ENSP00000269122	369	60
1850648	9606.ENSP00000324527	12.4	1
1844853	9606.ENSP00000261173	2.23	1
1854869	9606.ENSP00000357753	2995	122
1846735	9606.ENSP00000281589	48.4	6
1850467	9606.ENSP00000322594	4.44	1
1849067	9606.ENSP00000308405	484	42
1852736	9606.ENSP00000343742	44.6	1
1848121	9606.ENSP00000300026	3475	47
1850288	9606.ENSP00000320866	807	18
1854723	9606.ENSP00000357060	2.44	1
1848935	9606.ENSP00000307240	268	122
1854958	9606.ENSP00000358140	4.31	1
1845757	9606.ENSP00000265462	443	9
1863943	9606.ENSP00000466214	112	2
1850828	9606.ENSP00000326381	74.5	6
1860896	9606.ENSP00000411096	0.752	1
1848223	9606.ENSP00000300935	110	7
1844015	9606.ENSP00000250559	132	5
1862046	9606.ENSP00000436812	1604	464
1842741	9606.ENSP00000219313	76.4	2
1842584	9606.ENSP00000216336	1949	43
1855864	9606.ENSP00000362352	12.7	1
1842715	9606.ENSP00000219022	555	19
1861219	9606.ENSP00000416293	1109	24
1847909	9606.ENSP00000297848	465	64
1847646	9606.ENSP00000295927	38.9	1
1843937	9606.ENSP00000248975	256	13
1843224	9606.ENSP00000229824	11.4	1
1848473	9606.ENSP00000302936	33.3	1
1849366	9606.ENSP00000310935	52.5	1
1857335	9606.ENSP00000370517	74.7	4
1847717	9606.ENSP00000296370	2539	13
1853135	9606.ENSP00000347168	761	95
1861834	9606.ENSP00000430333	8.1	1
1844696	9606.ENSP00000259457	67.6	1
1845951	9606.ENSP00000267512	37.5	4
1852549	9606.ENSP00000342082	568	6
1844558	9606.ENSP00000257951	125	68
1854083	9606.ENSP00000354159	12.0	1
1849891	9606.ENSP00000316664	14.2	1
1844962	9606.ENSP00000261669	15.2	1
1842505	9606.ENSP00000215773	29.6	1
1854017	9606.ENSP00000353679	39.2	3
1853504	9606.ENSP00000349873	573	59
1854730	9606.ENSP00000357075	761	17
1850900	9606.ENSP00000327191	24.1	2
1845382	9606.ENSP00000263645	60.9	1
1852571	9606.ENSP00000342235	3.04	1
1858063	9606.ENSP00000376793	1071	35
1847208	9606.ENSP00000290158	461	28
1853014	9606.ENSP00000346088	280	2
1843077	9606.ENSP00000226218	30.6	2
1843747	9606.ENSP00000245121	44.9	2
1843162	9606.ENSP00000228825	812	10
1847604	9606.ENSP00000295685	805	19
1845140	9606.ENSP00000262428	250	6
1852723	9606.ENSP00000343645	5.41	1
1845096	9606.ENSP00000262225	105	2
1849907	9606.ENSP00000316809	152	3
1858149	9606.ENSP00000377558	14.3	19
1849273	9606.ENSP00000310219	407	66
1857244	9606.ENSP00000369927	6.8	1
1859832	9606.ENSP00000394842	650	7
1856427	9606.ENSP00000365233	27.9	3
1843750	9606.ENSP00000245206	52.6	2
1856167	9606.ENSP00000363827	8.92	3
1850617	9606.ENSP00000324172	2.06	1
1842399	9606.ENSP00000201647	43.9	4
1845641	9606.ENSP00000264908	1415	42
1855382	9606.ENSP00000360021	365	3
1851406	9606.ENSP00000331897	372	12
1847568	9606.ENSP00000295367	13867	213
1849627	9606.ENSP00000313454	11.9	1
1851117	9606.ENSP00000329165	75.2	21
1855272	9606.ENSP00000359525	86.5	3
1857560	9606.ENSP00000372155	24.2	1
1845362	9606.ENSP00000263519	2.2	1
1854078	9606.ENSP00000354111	163	1
1848401	9606.ENSP00000302397	27.2	6
1845797	9606.ENSP00000265729	132	3
1843185	9606.ENSP00000229239	5306	97
1844986	9606.ENSP00000261755	25.8	1
1857811	9606.ENSP00000373918	69.8	4
1847733	9606.ENSP00000296464	40.1	5
1854424	9606.ENSP00000355627	355	12
1845927	9606.ENSP00000267202	41.3	1
1854802	9606.ENSP00000357448	5.94	1
1850702	9606.ENSP00000325002	70.8	6
1846609	9606.ENSP00000279022	37.4	2
1853449	9606.ENSP00000349490	8.66	1
1853946	9606.ENSP00000353114	5.13	2
1858997	9606.ENSP00000384900	49.3	3
1862027	9606.ENSP00000436337	5.06	3
1848071	9606.ENSP00000299498	27.0	1
1856150	9606.ENSP00000363745	23.7	1
1848617	9606.ENSP00000304236	550	11
1844663	9606.ENSP00000259056	50.7	4
1846079	9606.ENSP00000269243	54.7	22
1842650	9606.ENSP00000217244	32.3	1
1842303	9606.ENSP00000168216	93.8	2
1843340	9606.ENSP00000233143	1060	2
1852037	9606.ENSP00000337761	320	8
1846101	9606.ENSP00000269571	4.68	1
1844013	9606.ENSP00000250498	551	5
1848511	9606.ENSP00000303242	415	31
1862707	9606.ENSP00000450560	136	11
1842726	9606.ENSP00000219169	150	2
1857263	9606.ENSP00000370023	259	16
1858105	9606.ENSP00000377148	92.8	5
1861914	9606.ENSP00000432561	131	1
1842831	9606.ENSP00000221419	83.8	4
1846489	9606.ENSP00000276390	9.9	1
1849816	9606.ENSP00000315757	935	61
1851755	9606.ENSP00000334738	73.0	2
1848951	9606.ENSP00000307340	389	7
1849968	9606.ENSP00000317578	6.29	1
1858543	9606.ENSP00000381008	2.78	3
1852251	9606.ENSP00000339795	56.8	1
1847741	9606.ENSP00000296499	4.13	1
1851288	9606.ENSP00000330825	292	3
1848906	9606.ENSP00000307014	787	182
1845647	9606.ENSP00000264933	38.6	1
1845429	9606.ENSP00000263867	977	19
1842152	9606.ENSP00000007735	15.2	9
1862188	9606.ENSP00000441691	423	42
1852304	9606.ENSP00000340274	15.2	1
1842665	9606.ENSP00000217423	9992	202
1857558	9606.ENSP00000372126	430	9
1860206	9606.ENSP00000400142	52.8	1
1852160	9606.ENSP00000338989	18.7	2
1853604	9606.ENSP00000350541	13.3	1
1852972	9606.ENSP00000345771	6.57	1
1855151	9606.ENSP00000359000	2.01	1
1845228	9606.ENSP00000262865	919	28
1861848	9606.ENSP00000430706	67.7	2
1842374	9606.ENSP00000196551	105	2
1844034	9606.ENSP00000251047	29.0	1
1849263	9606.ENSP00000310129	251	17
1843718	9606.ENSP00000244513	38.9	2
1855926	9606.ENSP00000362618	20.4	2
1845475	9606.ENSP00000264071	170	31
1858579	9606.ENSP00000381237	34.2	1
1860790	9606.ENSP00000409382	1.88	1
1854079	9606.ENSP00000354125	94.7	6
1845334	9606.ENSP00000263339	79.0	1
1861821	9606.ENSP00000430075	6.85	1
1853744	9606.ENSP00000351632	233	5
1862728	9606.ENSP00000450909	75.1	1
1856350	9606.ENSP00000364801	578	106
1844671	9606.ENSP00000259211	235	4
1854866	9606.ENSP00000357739	105	7
1848445	9606.ENSP00000302728	29.9	1
1845192	9606.ENSP00000262646	144	5
1855892	9606.ENSP00000362463	109	2
1854095	9606.ENSP00000354238	11.7	1
1862121	9606.ENSP00000439189	216	124
1856670	9606.ENSP00000366581	761	95
1861812	9606.ENSP00000429931	57.7	1
1847848	9606.ENSP00000297283	52.3	4
1842398	9606.ENSP00000201586	68.8	2
1853958	9606.ENSP00000353238	77.7	2
1842641	9606.ENSP00000217133	28.9	13
1843319	9606.ENSP00000232564	90.7	5
1858442	9606.ENSP00000380178	65.5	1
1847243	9606.ENSP00000290575	23.2	1
1856118	9606.ENSP00000363559	280	3
1851814	9606.ENSP00000335153	1014	92
1859702	9606.ENSP00000393241	587	9
1857065	9606.ENSP00000368959	377	4
1847637	9606.ENSP00000295897	13466	772
1860974	9606.ENSP00000412436	5941	32
1842225	9606.ENSP00000054668	313	6
1849179	9606.ENSP00000309474	62.3	4
1846309	9606.ENSP00000273283	256	18
1860200	9606.ENSP00000400088	1.6	1
1860195	9606.ENSP00000400010	40.9	4
1854004	9606.ENSP00000353608	25.9	2
1844127	9606.ENSP00000252486	257	7
1850988	9606.ENSP00000328069	4141	77
1861042	9606.ENSP00000413896	51.0	1
1850234	9606.ENSP00000320324	306	29
1859336	9606.ENSP00000388241	5.28	1
1852326	9606.ENSP00000340463	1231	11
1854021	9606.ENSP00000353701	196	7
1845308	9606.ENSP00000263212	28.2	1
1852359	9606.ENSP00000340698	26.7	1
1853952	9606.ENSP00000353157	30.1	1
1852134	9606.ENSP00000338742	27.5	2
1847405	9606.ENSP00000293328	13.9	2
1855325	9606.ENSP00000359698	128	7
1851030	9606.ENSP00000328358	349	150
1856558	9606.ENSP00000366005	65.1	2
1853254	9606.ENSP00000348068	5115	153
1842308	9606.ENSP00000170150	2948	101
1851336	9606.ENSP00000331368	13.4	3
1844604	9606.ENSP00000258418	135	5
1844287	9606.ENSP00000254322	146	4
1845668	9606.ENSP00000265023	71.2	4
1844834	9606.ENSP00000260967	1.54	1
1852636	9606.ENSP00000342886	596	87
1857971	9606.ENSP00000375863	55.2	3
1846180	9606.ENSP00000270879	65.3	2
1844465	9606.ENSP00000256733	60.3	1
1857956	9606.ENSP00000375736	561	81
1859716	9606.ENSP00000393379	9.34	3
1854230	9606.ENSP00000354841	111	1
1845497	9606.ENSP00000264187	25.6	2
1848620	9606.ENSP00000304283	106	6
1846449	9606.ENSP00000275603	12.1	1
1842346	9606.ENSP00000184266	95.6	1
1864741	9606.ENSP00000472249	99.8	3
1852622	9606.ENSP00000342790	51.0	1
1863725	9606.ENSP00000462730	80.4	10
1846187	9606.ENSP00000271308	189	3
1850793	9606.ENSP00000326042	205	37
1852056	9606.ENSP00000337950	134	1
1844699	9606.ENSP00000259469	299	1
1859666	9606.ENSP00000392718	158	92
1850172	9606.ENSP00000319690	272	7
1846043	9606.ENSP00000268766	6.29	1
1851571	9606.ENSP00000333298	271	8
1853972	9606.ENSP00000353375	24.2	2
1846162	9606.ENSP00000270586	107	2
1845800	9606.ENSP00000265741	1.41	1
1854354	9606.ENSP00000355325	145	4
1854712	9606.ENSP00000357008	31.1	2
1850918	9606.ENSP00000327431	3096	116
1843286	9606.ENSP00000231368	21.1	2
1850251	9606.ENSP00000320493	17.7	1
1847242	9606.ENSP00000290573	30.5	8
1843372	9606.ENSP00000233893	565	5
1859755	9606.ENSP00000393887	517	9
1862281	9606.ENSP00000444823	1747	113
1859142	9606.ENSP00000386239	4.13	1
1857197	9606.ENSP00000369654	2069	102
1847834	9606.ENSP00000297185	254	14
1845799	9606.ENSP00000265734	1.7	1
1846809	9606.ENSP00000282588	60.8	7
1858764	9606.ENSP00000382714	1209	5
1854853	9606.ENSP00000357692	1352	17
1846497	9606.ENSP00000276461	47.4	3
1843024	9606.ENSP00000225430	130	1
1848771	9606.ENSP00000305777	21.1	2
1857851	9606.ENSP00000374372	4.3	2
1845993	9606.ENSP00000268122	503	6
1843190	9606.ENSP00000229268	50.0	3
1849761	9606.ENSP00000315130	655	20
1848188	9606.ENSP00000300527	126	12
1845755	9606.ENSP00000265447	401	12
1844491	9606.ENSP00000257192	434	20
1853787	9606.ENSP00000351967	264	2
1855527	9606.ENSP00000360718	4.58	1
1847685	9606.ENSP00000296137	4.52	2
1843535	9606.ENSP00000239761	4.1	1
1856069	9606.ENSP00000363349	18.7	1
1852284	9606.ENSP00000340019	181	8
1858441	9606.ENSP00000380177	585	92
1855399	9606.ENSP00000360124	31.9	2
1859621	9606.ENSP00000392147	61.5	2
1851928	9606.ENSP00000336799	356	47
1858171	9606.ENSP00000377783	40.9	2
1851407	9606.ENSP00000331901	215	10
1851832	9606.ENSP00000335304	35.8	1
1844866	9606.ENSP00000261211	1.01	1
1855862	9606.ENSP00000362335	135	3
1858423	9606.ENSP00000380033	21.6	2
1844111	9606.ENSP00000252242	6287	570
1842666	9606.ENSP00000217426	217	7
1842290	9606.ENSP00000164139	61.8	15
1842884	9606.ENSP00000222120	43.7	2
1850133	9606.ENSP00000319281	1553	24
1844155	9606.ENSP00000252725	242	5
1860940	9606.ENSP00000411904	5.78	3
1858125	9606.ENSP00000377381	109	7
1843124	9606.ENSP00000227667	110	1
1843461	9606.ENSP00000237500	152	6
1851910	9606.ENSP00000336712	56.3	6
1845040	9606.ENSP00000262017	9.65	1
1854001	9606.ENSP00000353581	1747	113
1861311	9606.ENSP00000417653	29.2	1
1855706	9606.ENSP00000361635	456	10
1857969	9606.ENSP00000375857	95.0	5
1850027	9606.ENSP00000318195	207	8
1842448	9606.ENSP00000207549	28.2	3
1847409	9606.ENSP00000293371	174	1
1843781	9606.ENSP00000245907	1533	213
1848523	9606.ENSP00000303373	748	52
1842680	9606.ENSP00000217961	79.2	4
1853414	9606.ENSP00000349259	187	45
1862740	9606.ENSP00000451112	41.2	1
1856799	9606.ENSP00000367263	693	331
1845694	9606.ENSP00000265112	104	8
1843087	9606.ENSP00000226355	157	7
1852778	9606.ENSP00000344166	22.8	3
1849837	9606.ENSP00000316029	472	94
1847350	9606.ENSP00000292401	5841	115
1848465	9606.ENSP00000302886	39.3	2
1848767	9606.ENSP00000305731	13230	188
1854969	9606.ENSP00000358162	761	95
1848170	9606.ENSP00000300289	1257	57
1845428	9606.ENSP00000263864	446	4
1847742	9606.ENSP00000296503	1040	10
1853025	9606.ENSP00000346173	56.9	2
1842917	9606.ENSP00000222399	37.7	5
1853012	9606.ENSP00000346067	238	8
1843632	9606.ENSP00000242577	137	2
1852618	9606.ENSP00000342710	220	115
1856414	9606.ENSP00000365147	123	3
1844443	9606.ENSP00000256496	46.0	2
1847953	9606.ENSP00000298316	63.3	1
1847121	9606.ENSP00000288266	24.9	1
1846958	9606.ENSP00000285379	31.9	1
1861160	9606.ENSP00000415481	205	13
1842635	9606.ENSP00000217073	13.7	3
1852374	9606.ENSP00000340836	499	6
1855793	9606.ENSP00000362057	22.2	3
1849543	9606.ENSP00000312506	15.0	2
1844998	9606.ENSP00000261811	138	1
1855735	9606.ENSP00000361777	64.4	1
1858750	9606.ENSP00000382595	35.9	1
1845819	9606.ENSP00000265866	144	3
1850780	9606.ENSP00000325875	1199	94
1847605	9606.ENSP00000295688	90.6	3
1848055	9606.ENSP00000299367	8.32	1
1854225	9606.ENSP00000354826	110	5
1848424	9606.ENSP00000302579	884	57
1855868	9606.ENSP00000362361	1.75	1
1851154	9606.ENSP00000329471	61.8	2
1852633	9606.ENSP00000342850	61.2	1
1850940	9606.ENSP00000327589	28.5	3
1844350	9606.ENSP00000255040	46.1	1
1844690	9606.ENSP00000259396	961	20
1849729	9606.ENSP00000314733	62.0	1
1863878	9606.ENSP00000464383	66.9	1
1851945	9606.ENSP00000336927	1941	53
1858372	9606.ENSP00000379475	45.0	2
1842631	9606.ENSP00000216962	129	18
1860576	9606.ENSP00000406052	9.83	1
1842411	9606.ENSP00000203407	83.7	2
1846238	9606.ENSP00000272227	356	8
1853420	9606.ENSP00000349297	196	12
1847374	9606.ENSP00000292644	27.7	1
1857570	9606.ENSP00000372221	1031	30
1853942	9606.ENSP00000353094	72.2	2
1846984	9606.ENSP00000285930	27.1	1
1853749	9606.ENSP00000351664	50.7	4
1852312	9606.ENSP00000340305	42.4	3
1854577	9606.ENSP00000356348	348	4
1842933	9606.ENSP00000222673	120	11
1847187	9606.ENSP00000289779	67.6	2
1853089	9606.ENSP00000346762	227	19
1844988	9606.ENSP00000261769	154	6
1852924	9606.ENSP00000345344	229	4
1849949	9606.ENSP00000317331	170	2
1852171	9606.ENSP00000339086	8.56	2
1848806	9606.ENSP00000306099	970	34
1852102	9606.ENSP00000338358	259	7
1850446	9606.ENSP00000322419	1096	7
1859151	9606.ENSP00000386341	15.7	2
1852043	9606.ENSP00000337838	50.0	3
1842388	9606.ENSP00000199936	107	4
1848238	9606.ENSP00000301046	13105	84
1854962	9606.ENSP00000358151	596	87
1852107	9606.ENSP00000338413	480	32
1859146	9606.ENSP00000386284	90.3	2
1843639	9606.ENSP00000242776	14.0	1
1861328	9606.ENSP00000417864	137	4
1845391	9606.ENSP00000263674	19.6	4
1855017	9606.ENSP00000358421	422	11
1860374	9606.ENSP00000402914	1191	9
1858287	9606.ENSP00000378720	26.6	4
1853936	9606.ENSP00000353072	62.2	6
1861022	9606.ENSP00000413479	1960	327
1842583	9606.ENSP00000216330	66.8	1
1853733	9606.ENSP00000351589	573	59
1861789	9606.ENSP00000429374	487	4
1857277	9606.ENSP00000370115	2205	70
1860230	9606.ENSP00000400591	144	1
1842222	9606.ENSP00000053867	331	12
1853438	9606.ENSP00000349428	82.5	1
1859193	9606.ENSP00000386717	403	3
1859618	9606.ENSP00000392094	15.7	3
1849092	9606.ENSP00000308610	56.9	3
1856467	9606.ENSP00000365439	351	9
1845159	9606.ENSP00000262493	54.6	13
1844176	9606.ENSP00000252951	480	41
1861603	9606.ENSP00000423665	1.09	1
1853532	9606.ENSP00000350012	35.8	2
1850064	9606.ENSP00000318635	141	4
1852698	9606.ENSP00000343445	278	21
1859401	9606.ENSP00000389103	535	4
1862475	9606.ENSP00000448035	190	6
1844882	9606.ENSP00000261303	69.1	2
1846994	9606.ENSP00000286091	197	10
1842244	9606.ENSP00000075120	129	6
1843016	9606.ENSP00000225371	57.3	8
1849997	9606.ENSP00000317955	66.2	8
1855691	9606.ENSP00000361562	40.0	1
1859324	9606.ENSP00000388107	1130	50
1843653	9606.ENSP00000243077	12.0	4
1848944	9606.ENSP00000307280	165	4
1849621	9606.ENSP00000313420	45.7	17
1846270	9606.ENSP00000272638	26.2	1
1853070	9606.ENSP00000346598	188	7
1861143	9606.ENSP00000415200	6.77	1
1856252	9606.ENSP00000364310	257	43
1851127	9606.ENSP00000329243	450	95
1856797	9606.ENSP00000367246	38.2	1
1849710	9606.ENSP00000314491	49.8	3
1856500	9606.ENSP00000365630	1.36	1
1853098	9606.ENSP00000346839	860	122
1851261	9606.ENSP00000330484	5164	745
1853064	9606.ENSP00000346550	1514	80
1849017	9606.ENSP00000307889	62.0	1
1859164	9606.ENSP00000386439	32.0	3
1851162	9606.ENSP00000329554	1747	113
1848986	9606.ENSP00000307705	682	28
1862739	9606.ENSP00000451080	216	2
1848889	9606.ENSP00000306881	27.2	2
1857211	9606.ENSP00000369736	806	5
1842871	9606.ENSP00000221957	326	10
1854673	9606.ENSP00000356828	44.4	1
1844052	9606.ENSP00000251337	38.9	13
1862492	9606.ENSP00000448220	25526	1176
1856686	9606.ENSP00000366662	14002	201
1852356	9606.ENSP00000340684	708	30
1855554	9606.ENSP00000360871	147	4
1862361	9606.ENSP00000447001	113	1
1844132	9606.ENSP00000252512	8.85	1
1847723	9606.ENSP00000296417	484	42
1854096	9606.ENSP00000354251	40.5	5
1849942	9606.ENSP00000317257	63.9	1
1854141	9606.ENSP00000354532	559	16
1855328	9606.ENSP00000359719	34.2	3
1861300	9606.ENSP00000417517	17.4	3
1842591	9606.ENSP00000216392	1023	80
1846137	9606.ENSP00000270221	39.2	1
1844227	9606.ENSP00000253413	74.0	1
1845286	9606.ENSP00000263097	53.6	2
1852328	9606.ENSP00000340466	717	48
1849982	9606.ENSP00000317780	175	3
1854459	9606.ENSP00000355800	17.3	1
1860955	9606.ENSP00000412189	56.1	3
1846224	9606.ENSP00000272102	135	8
1849080	9606.ENSP00000308541	50.1	3
1853523	9606.ENSP00000349960	3971	336
1862712	9606.ENSP00000450635	22.8	3
1846379	9606.ENSP00000274364	77.5	17
1844825	9606.ENSP00000260818	4.95	1
1862093	9606.ENSP00000438378	8.49	1
1848368	9606.ENSP00000302088	148	1
1847228	9606.ENSP00000290378	1330	233
1845105	9606.ENSP00000262290	1985	111
1857753	9606.ENSP00000373370	42.9	4
1858199	9606.ENSP00000377958	31.3	1
1855173	9606.ENSP00000359100	5164	745
1844266	9606.ENSP00000254043	2635	394
1848830	9606.ENSP00000306330	238	14
1861013	9606.ENSP00000413234	46.7	6
1861955	9606.ENSP00000433967	17.9	3
1843337	9606.ENSP00000233084	24.1	1
1845697	9606.ENSP00000265132	23.1	1
1844550	9606.ENSP00000257901	6.59	1
1849591	9606.ENSP00000313007	48.6	7
1843133	9606.ENSP00000228251	98.3	2
1852082	9606.ENSP00000338190	10.2	1
1854724	9606.ENSP00000357066	192	5
1849608	9606.ENSP00000313199	910	14
1845556	9606.ENSP00000264474	5287	35
1846473	9606.ENSP00000276079	11.7	1
1855092	9606.ENSP00000358763	53.1	2
1848918	9606.ENSP00000307132	1188	12
1854824	9606.ENSP00000357564	40.1	5
1843191	9606.ENSP00000229270	1077	31
1855385	9606.ENSP00000360034	178	5
1854210	9606.ENSP00000354742	15.0	1
1854747	9606.ENSP00000357130	4.43	1
1845788	9606.ENSP00000265709	8.61	2
1861281	9606.ENSP00000417257	13.3	1
1848279	9606.ENSP00000301329	46.4	1
1853642	9606.ENSP00000350876	28.8	3
1849130	9606.ENSP00000308938	102	8
1857170	9606.ENSP00000369538	195	10
1847933	9606.ENSP00000298159	192	7
1854760	9606.ENSP00000357189	146	3
1862158	9606.ENSP00000440698	1237	11
1851299	9606.ENSP00000330945	46.9	1
1849428	9606.ENSP00000311489	49.4	11
1846002	9606.ENSP00000268171	11.3	1
1856481	9606.ENSP00000365505	249	2
1851260	9606.ENSP00000330475	110	3
1848975	9606.ENSP00000307607	50.6	2
1857057	9606.ENSP00000368884	6.66	1
1845260	9606.ENSP00000262982	94.3	8
1848402	9606.ENSP00000302400	979	2
1850680	9606.ENSP00000324804	143	6
1845639	9606.ENSP00000264896	22.4	1
1849490	9606.ENSP00000312066	28.9	1
1852361	9606.ENSP00000340736	283	7
1851044	9606.ENSP00000328484	573	59
1848398	9606.ENSP00000302324	106	2
1861827	9606.ENSP00000430242	849	35
1854720	9606.ENSP00000357048	110	11
1853410	9606.ENSP00000349238	9.27	1
1853550	9606.ENSP00000350159	761	95
1852428	9606.ENSP00000341208	13.2	2
1855094	9606.ENSP00000358770	53.6	5
1851836	9606.ENSP00000335321	15.5	1
1846244	9606.ENSP00000272317	969	50
1849952	9606.ENSP00000317334	85.0	3
1843478	9606.ENSP00000238081	251	15
1848306	9606.ENSP00000301522	891	20
1842876	9606.ENSP00000221992	64.9	9
1857765	9606.ENSP00000373487	359	35
1854283	9606.ENSP00000355028	39.2	5
1842424	9606.ENSP00000205061	75.9	7
1849028	9606.ENSP00000308022	44.9	2
1847296	9606.ENSP00000291568	10594	79
1842267	9606.ENSP00000157812	25.3	1
1848589	9606.ENSP00000303992	84.4	3
1856355	9606.ENSP00000364815	12.9	1
1843011	9606.ENSP00000225275	2396	144
1857818	9606.ENSP00000374013	3805	45
1854576	9606.ENSP00000356346	136	14
1862289	9606.ENSP00000445175	939	29
1860530	9606.ENSP00000405455	1889	46
1850641	9606.ENSP00000324422	165	4
1847431	9606.ENSP00000293745	375	120
1856022	9606.ENSP00000363071	105	20
1859201	9606.ENSP00000386764	1.91	1
1852905	9606.ENSP00000345179	200	4
1855883	9606.ENSP00000362413	1612	50
1844041	9606.ENSP00000251166	79.6	7
1850177	9606.ENSP00000319730	194	4
1851914	9606.ENSP00000336725	21.2	2
1860287	9606.ENSP00000401508	48.8	2
1842846	9606.ENSP00000221515	69.7	1
1860296	9606.ENSP00000401678	8.48	2
1860246	9606.ENSP00000400882	16.7	1
1847981	9606.ENSP00000298687	44.6	1
1846176	9606.ENSP00000270792	3257	12
1850630	9606.ENSP00000324287	13.6	1
1842705	9606.ENSP00000218388	417	8
1846638	9606.ENSP00000279575	76.3	2
1862971	9606.ENSP00000455510	6.77	1
1853902	9606.ENSP00000352834	9.1	1
1846710	9606.ENSP00000281154	60.0	8
1843003	9606.ENSP00000224784	1194	221
1855955	9606.ENSP00000362744	85.4	2
1842504	9606.ENSP00000215770	23.8	1
1844250	9606.ENSP00000253792	68.9	8
1844864	9606.ENSP00000261207	14.6	1
1845742	9606.ENSP00000265388	13.4	1
1844476	9606.ENSP00000256935	12.2	2
1842662	9606.ENSP00000217402	163	2
1856711	9606.ENSP00000366819	143	3
1852870	9606.ENSP00000344871	69.1	7
1855861	9606.ENSP00000362334	41.0	1
1844122	9606.ENSP00000252455	990	27
1851933	9606.ENSP00000336831	52.5	10
1846410	9606.ENSP00000274764	312	60
1847746	9606.ENSP00000296511	536	17
1856757	9606.ENSP00000367034	761	95
1842987	9606.ENSP00000223641	173	1
1843192	9606.ENSP00000229277	83.8	5
1845086	9606.ENSP00000262189	1.83	1
1859399	9606.ENSP00000389087	330	12
1843031	9606.ENSP00000225550	21.8	19
1860016	9606.ENSP00000397582	3743	594
1842281	9606.ENSP00000161559	229	11
1852558	9606.ENSP00000342137	668	8
1846927	9606.ENSP00000284811	82.5	1
1847330	9606.ENSP00000292123	9.3	1
1852771	9606.ENSP00000344106	11.9	1
1859182	9606.ENSP00000386541	60.3	1
1848171	9606.ENSP00000300291	81.9	1
1854929	9606.ENSP00000357981	41.0	1
1852667	9606.ENSP00000343172	4773	45
1847679	9606.ENSP00000296122	113	7
1851667	9606.ENSP00000334051	39.5	13
1853084	9606.ENSP00000346694	1065	23
1853976	9606.ENSP00000353408	1580	96
1849590	9606.ENSP00000312999	446	25
1850202	9606.ENSP00000320043	58.4	1
1847267	9606.ENSP00000290942	432	7
1852818	9606.ENSP00000344456	149	11
1842630	9606.ENSP00000216951	21.6	1
1855627	9606.ENSP00000361207	46.9	1
1844771	9606.ENSP00000260270	53.5	1
1848318	9606.ENSP00000301656	473	68
1854740	9606.ENSP00000357113	18.4	1
1851551	9606.ENSP00000333157	55.5	6
1855438	9606.ENSP00000360269	98.4	2
1859291	9606.ENSP00000387654	104	3
1854701	9606.ENSP00000356969	720	5
1848205	9606.ENSP00000300688	373	4
1849079	9606.ENSP00000308540	153	11
1844653	9606.ENSP00000258969	41.0	1
1856723	9606.ENSP00000366886	11.9	2
1859420	9606.ENSP00000389338	21.7	2
1846012	9606.ENSP00000268296	9.82	2
1848291	9606.ENSP00000301420	1407	15
1849180	9606.ENSP00000309477	30.1	1
1844669	9606.ENSP00000259205	94.7	2
1844877	9606.ENSP00000261267	9523	109
1843473	9606.ENSP00000237858	309	2
1861414	9606.ENSP00000419378	238	5
1848680	9606.ENSP00000304858	31.5	1
1853860	9606.ENSP00000352522	42.4	1
1849027	9606.ENSP00000308012	7.0	1
1855120	9606.ENSP00000358866	1379	291
1847885	9606.ENSP00000297564	526	3
1862013	9606.ENSP00000435777	319	4
1857087	9606.ENSP00000369055	48.1	1
1842623	9606.ENSP00000216802	60.1	1
1852751	9606.ENSP00000343885	28.0	1
1845287	9606.ENSP00000263100	535	13
1858577	9606.ENSP00000381216	19.4	1
1856083	9606.ENSP00000363395	83.3	6
1842816	9606.ENSP00000221166	9.41	5
1845501	9606.ENSP00000264202	368	11
1844253	9606.ENSP00000253799	50.4	6
1849274	9606.ENSP00000310226	219	10
1845923	9606.ENSP00000267119	353	133
1863130	9606.ENSP00000457539	52.9	5
1845992	9606.ENSP00000268099	228	2
1850447	9606.ENSP00000322421	14695	287
1855133	9606.ENSP00000358921	128	3
1849990	9606.ENSP00000317895	48.9	5
1852830	9606.ENSP00000344547	649	3
1843797	9606.ENSP00000246069	50.6	1
1859569	9606.ENSP00000391490	46.1	1
1853925	9606.ENSP00000352980	761	95
1852861	9606.ENSP00000344818	150	50
1849535	9606.ENSP00000312435	19.2	1
1852262	9606.ENSP00000339835	950	99
1859045	9606.ENSP00000385545	4.6	3
1845710	9606.ENSP00000265195	23.4	1
1847279	9606.ENSP00000291295	323	11
1862959	9606.ENSP00000455329	50.9	1
1861470	9606.ENSP00000420269	561	10
1862487	9606.ENSP00000448165	7.21	1
1844542	9606.ENSP00000257857	265	3
1843868	9606.ENSP00000247461	984	34
1852478	9606.ENSP00000341584	640	17
1861855	9606.ENSP00000431049	46.0	1
1845390	9606.ENSP00000263672	69.1	2
1845323	9606.ENSP00000263270	63.6	1
1845549	9606.ENSP00000264436	6.0	1
1847500	9606.ENSP00000294724	15.8	2
1857471	9606.ENSP00000371472	2.28	1
1846789	9606.ENSP00000282382	15.7	2
1848128	9606.ENSP00000300060	210	17
1853302	9606.ENSP00000348461	442	14
1847505	9606.ENSP00000294785	16.7	1
1856198	9606.ENSP00000364016	72.4	3
1852179	9606.ENSP00000339155	140	6
1844113	9606.ENSP00000252245	779	221
1852660	9606.ENSP00000343118	213	1
1844893	9606.ENSP00000261366	170	15
1861456	9606.ENSP00000420093	82.0	2
1843345	9606.ENSP00000233242	199	89
1863546	9606.ENSP00000460885	70.4	7
1850070	9606.ENSP00000318687	21.1	3
1852628	9606.ENSP00000342830	424	52
1843176	9606.ENSP00000228945	2814	24
1864149	9606.ENSP00000469421	47.6	1
1843448	9606.ENSP00000237014	679	4
1854685	9606.ENSP00000356905	21.7	1
1845210	9606.ENSP00000262753	132	6
1843051	9606.ENSP00000225777	176	2
1853821	9606.ENSP00000352257	74.2	3
1856107	9606.ENSP00000363512	239	11
1852441	9606.ENSP00000341289	320	46
1861260	9606.ENSP00000417052	99.1	1
1851574	9606.ENSP00000333326	79.7	16
1845430	9606.ENSP00000263881	4.48	1
1845366	9606.ENSP00000263559	83.2	3
1844419	9606.ENSP00000256319	78.5	1
1851595	9606.ENSP00000333547	184	9
1856690	9606.ENSP00000366679	573	59
1850411	9606.ENSP00000322061	25.3	2
1853490	9606.ENSP00000349748	266	11
1846132	9606.ENSP00000270142	124	1
1847631	9606.ENSP00000295878	9.59	1
1845721	9606.ENSP00000265304	109	1
1849905	9606.ENSP00000316786	97.0	3
1851909	9606.ENSP00000336702	76.6	2
1848535	9606.ENSP00000303476	25.4	12
1853629	9606.ENSP00000350757	55.5	2
1858412	9606.ENSP00000379888	218	3
1848614	9606.ENSP00000304229	232	2
1856133	9606.ENSP00000363641	2225	26
1861716	9606.ENSP00000427687	689	20
1861542	9606.ENSP00000421848	60.8	1
1848522	9606.ENSP00000303366	88.7	3
1844499	9606.ENSP00000257264	3179	60
1846715	9606.ENSP00000281187	9.9	1
1848163	9606.ENSP00000300215	31.9	2
1846765	9606.ENSP00000282050	555	23
1851932	9606.ENSP00000336829	1871	82
1860567	9606.ENSP00000405965	342	5
1858987	9606.ENSP00000384863	72.7	6
1864900	9606.ENSP00000473047	86.3	2
1846699	9606.ENSP00000281031	74.8	2
1846216	9606.ENSP00000271835	6107	139
1851365	9606.ENSP00000331602	51.2	3
1843983	9606.ENSP00000249923	187	14
1854743	9606.ENSP00000357123	1240	30
1846607	9606.ENSP00000278968	568	15
1844152	9606.ENSP00000252699	2019	192
1850318	9606.ENSP00000321195	26.2	3
1857426	9606.ENSP00000371152	148	6
1856784	9606.ENSP00000367196	111	1
1845847	9606.ENSP00000266041	181	14
1853938	9606.ENSP00000353074	598	93
1842599	9606.ENSP00000216455	79.0	2
1853722	9606.ENSP00000351492	125	1
1844920	9606.ENSP00000261479	38.4	1
1849703	9606.ENSP00000314414	59.1	8
1848581	9606.ENSP00000303909	11.0	1
1849864	9606.ENSP00000316338	31.5	2
1855488	9606.ENSP00000360519	60.3	1
1847857	9606.ENSP00000297338	30.0	1
1862009	9606.ENSP00000435591	188	42
1843728	9606.ENSP00000244601	598	93
1848526	9606.ENSP00000303408	582	86
1854190	9606.ENSP00000354681	31.2	3
1852488	9606.ENSP00000341674	95.5	6
1858695	9606.ENSP00000382086	153	7
1853389	9606.ENSP00000349078	141	4
1844755	9606.ENSP00000260118	139	3
1851474	9606.ENSP00000332449	50.9	1
1849314	9606.ENSP00000310573	103	24
1849021	9606.ENSP00000307940	972	71
1852305	9606.ENSP00000340278	152	3
1844543	9606.ENSP00000257860	78.1	14
1855927	9606.ENSP00000362621	20.4	2
1849498	9606.ENSP00000312134	94.2	2
1859091	9606.ENSP00000386104	289	8
1858903	9606.ENSP00000384144	85.3	8
1853980	9606.ENSP00000353444	119	2
1861952	9606.ENSP00000433821	134	4
1847164	9606.ENSP00000289352	761	95
1860613	9606.ENSP00000406577	93.5	3
1853997	9606.ENSP00000353542	361	11
1861440	9606.ENSP00000419782	1.69	1
1864285	9606.ENSP00000470004	136	2
1858520	9606.ENSP00000380869	55.2	3
1842218	9606.ENSP00000052754	202	5
1855084	9606.ENSP00000358727	427	7
1861513	9606.ENSP00000421076	147	2
1861595	9606.ENSP00000423563	174	6
1846467	9606.ENSP00000276052	0.952	1
1854857	9606.ENSP00000357708	769	4
1864239	9606.ENSP00000469811	32.9	1
1845725	9606.ENSP00000265333	177	4
1844952	9606.ENSP00000261623	90.6	1
1849852	9606.ENSP00000316176	104	3
1858594	9606.ENSP00000381339	38.9	13
1862080	9606.ENSP00000438144	312	6
1855119	9606.ENSP00000358865	14.4	5
1856225	9606.ENSP00000364188	127	4
1851218	9606.ENSP00000330101	3766	345
1842858	9606.ENSP00000221740	37.9	1
1844427	9606.ENSP00000256383	20.5	1
1853445	9606.ENSP00000349467	323	11
1842640	9606.ENSP00000217131	346	6
1853107	9606.ENSP00000346921	46.4	1
1845337	9606.ENSP00000263354	204	6
1856856	9606.ENSP00000367615	223	4
1842233	9606.ENSP00000058691	195	4
1842925	9606.ENSP00000222553	177	11
1847507	9606.ENSP00000294800	72.2	1
1847444	9606.ENSP00000293842	159	2
1847441	9606.ENSP00000293826	16.0	1
1845374	9606.ENSP00000263598	13186	116
1855535	9606.ENSP00000360776	58.1	2
1861732	9606.ENSP00000428209	26.9	2
1849188	9606.ENSP00000309524	292	15
1854318	9606.ENSP00000355180	100	7
1859610	9606.ENSP00000391944	184	9
1845635	9606.ENSP00000264870	169	11
1848658	9606.ENSP00000304669	296	21
1842813	9606.ENSP00000221130	80.4	2
1850730	9606.ENSP00000325376	189	8
1853820	9606.ENSP00000352252	1747	113
1862133	9606.ENSP00000439660	1747	113
1842301	9606.ENSP00000167588	331	89
1858473	9606.ENSP00000380414	38.5	1
1859215	9606.ENSP00000386881	59.3	10
1851241	9606.ENSP00000330307	573	59
1858990	9606.ENSP00000384880	330	10
1843430	9606.ENSP00000235835	202	4
1857769	9606.ENSP00000373565	13.1	1
1853001	9606.ENSP00000346015	78.4	1
1852162	9606.ENSP00000339001	360	43
1853226	9606.ENSP00000347872	346	8
1848074	9606.ENSP00000299518	101	2
1851135	9606.ENSP00000329312	97.6	3
1863825	9606.ENSP00000463847	57.1	1
1855019	9606.ENSP00000358424	184	6
1862935	9606.ENSP00000455047	13.0	1
1856921	9606.ENSP00000367992	46.1	1
1844071	9606.ENSP00000251595	14695	287
1845837	9606.ENSP00000265986	47.6	4
1862604	9606.ENSP00000449428	29.0	2
1853798	9606.ENSP00000352101	72.2	5
1844060	9606.ENSP00000251453	495	7
1854124	9606.ENSP00000354468	387	7
1854432	9606.ENSP00000355656	748	52
1854390	9606.ENSP00000355493	27.8	1
1842682	9606.ENSP00000217971	85.3	1
1852845	9606.ENSP00000344666	3.06	1
1847010	9606.ENSP00000286371	56.2	1
1842604	9606.ENSP00000216484	5.68	1
1846569	9606.ENSP00000278505	26.9	1
1851904	9606.ENSP00000336661	14.2	1
1843157	9606.ENSP00000228740	329	13
1850066	9606.ENSP00000318646	85.6	2
1854262	9606.ENSP00000354947	205	6
1858318	9606.ENSP00000379042	395	16
1843307	9606.ENSP00000232003	52.4	2
1842512	9606.ENSP00000215832	185	8
1858111	9606.ENSP00000377233	8.13	1
1864297	9606.ENSP00000470059	53.0	3
1857012	9606.ENSP00000368646	419	15
1858030	9606.ENSP00000376423	456	10
1843314	9606.ENSP00000232461	41.3	13
1847220	9606.ENSP00000290299	136	4
1862168	9606.ENSP00000441000	11.2	3
1859976	9606.ENSP00000396937	59.2	3
1846042	9606.ENSP00000268720	5.15	3
1854865	9606.ENSP00000357737	130	7
1848327	9606.ENSP00000301729	59.3	1
1859328	9606.ENSP00000388169	776	24
1859071	9606.ENSP00000385834	2025	147
1856162	9606.ENSP00000363807	309	2
1848897	9606.ENSP00000306920	24.0	1
1857999	9606.ENSP00000376176	54.5	1
1856519	9606.ENSP00000365745	38.9	2
1844454	9606.ENSP00000256637	35.0	2
1844759	9606.ENSP00000260130	273	5
1857219	9606.ENSP00000369784	8.32	3
1856037	9606.ENSP00000363162	157	3
1848717	9606.ENSP00000305260	101	6
1861183	9606.ENSP00000415840	49.5	3
1852991	9606.ENSP00000345957	306	2
1843991	9606.ENSP00000250101	126	2
1859260	9606.ENSP00000387286	126	9
1842827	9606.ENSP00000221347	72.5	23
1862243	9606.ENSP00000443189	131	3
1858016	9606.ENSP00000376309	273	6
1848337	9606.ENSP00000301785	38.6	5
1842339	9606.ENSP00000181839	0.517	1
1853276	9606.ENSP00000348258	761	95
1852430	9606.ENSP00000341214	191	12
1851918	9606.ENSP00000336741	11.7	1
1857752	9606.ENSP00000373363	1047	33
1849670	9606.ENSP00000313967	143	2
1851519	9606.ENSP00000332790	647	21
1859290	9606.ENSP00000387641	11.1	2
1855980	9606.ENSP00000362849	14.9	2
1848848	9606.ENSP00000306477	118	4
1842159	9606.ENSP00000009180	3126	14
1852711	9606.ENSP00000343535	8.39	1
1847225	9606.ENSP00000290354	91.8	4
1857270	9606.ENSP00000370074	11.3	3
1848516	9606.ENSP00000303279	51.1	3
1843228	9606.ENSP00000229922	15.6	2
1854689	9606.ENSP00000356918	72.8	1
1861358	9606.ENSP00000418447	95.2	3
1861450	9606.ENSP00000419970	348	20
1847344	9606.ENSP00000292327	127	4
1849549	9606.ENSP00000312606	42.1	2
1844568	9606.ENSP00000258091	42.5	3
1857064	9606.ENSP00000368952	12.4	1
1852241	9606.ENSP00000339720	117	1
1854472	9606.ENSP00000355890	47.9	6
1861915	9606.ENSP00000432614	83.9	2
1861346	9606.ENSP00000418191	8.52	2
1842511	9606.ENSP00000215829	218	2
1858776	9606.ENSP00000382840	42.0	3
1848840	9606.ENSP00000306397	44.0	1
1853800	9606.ENSP00000352119	573	59
1851808	9606.ENSP00000335084	72.1	6
1851658	9606.ENSP00000333994	4779	153
1847815	9606.ENSP00000297012	376	43
1843587	9606.ENSP00000241052	763	30
1842638	9606.ENSP00000217121	81.9	2
1853349	9606.ENSP00000348786	135	5
1856155	9606.ENSP00000363768	234	6
1844225	9606.ENSP00000253408	63.8	15
1847239	9606.ENSP00000290541	296	3
1850450	9606.ENSP00000322439	92.3	5
1854129	9606.ENSP00000354490	19.6	5
1853269	9606.ENSP00000348170	650	33
1847295	9606.ENSP00000291565	216	5
1845805	9606.ENSP00000265773	3.38	1
1857465	9606.ENSP00000371419	13.0	2
1849908	9606.ENSP00000316842	11.5	1
1844837	9606.ENSP00000260985	120	4
1844777	9606.ENSP00000260324	33.4	2
1844404	9606.ENSP00000256078	36.8	2
1856363	9606.ENSP00000364858	64.1	1
1855171	9606.ENSP00000359096	5164	745
1853610	9606.ENSP00000350580	582	86
1842779	9606.ENSP00000220166	79.1	2
1862138	9606.ENSP00000440045	155	14
1850657	9606.ENSP00000324573	46.3	5
1849938	9606.ENSP00000317214	61.1	3
1847354	9606.ENSP00000292432	432	36
1859839	9606.ENSP00000394936	521	15
1858683	9606.ENSP00000382004	92.6	7
1848034	9606.ENSP00000299218	86.7	10
1845183	9606.ENSP00000262623	7.11	2
1851956	9606.ENSP00000337053	14.7	1
1858250	9606.ENSP00000378394	397	18
1857430	9606.ENSP00000371193	140	5
1857122	9606.ENSP00000369299	23.8	1
1849775	9606.ENSP00000315299	2039	26
1858116	9606.ENSP00000377298	51.7	9
1853077	9606.ENSP00000346635	25.5	2
1856129	9606.ENSP00000363624	182	2
1854107	9606.ENSP00000354346	31.8	1
1846820	9606.ENSP00000282878	4.54	1
1851020	9606.ENSP00000328287	3.21	1
1854590	9606.ENSP00000356399	105	11
1844509	9606.ENSP00000257497	12889	325
1844790	9606.ENSP00000260433	267	14
1847046	9606.ENSP00000287022	107	1
1859889	9606.ENSP00000395723	23.7	1
1858151	9606.ENSP00000377570	19.9	9
1856557	9606.ENSP00000365991	127	2
1854360	9606.ENSP00000355361	234	4
1846445	9606.ENSP00000275493	31.8	5
1844490	9606.ENSP00000257189	576	34
1842572	9606.ENSP00000216254	152	7
1863798	9606.ENSP00000463483	38.6	12
1848494	9606.ENSP00000303145	197	4
1842369	9606.ENSP00000196061	128	7
1861418	9606.ENSP00000419425	954	14
1857084	9606.ENSP00000369042	39.5	3
1858052	9606.ENSP00000376623	563	28
1861691	9606.ENSP00000426909	236	6
1849510	9606.ENSP00000312262	6.41	1
1842723	9606.ENSP00000219150	584	17
1854968	9606.ENSP00000358160	1747	113
1848266	9606.ENSP00000301263	535	5
1852166	9606.ENSP00000339027	210	4
1847816	9606.ENSP00000297029	57.0	3
1846140	9606.ENSP00000270233	19.1	1
1848653	9606.ENSP00000304592	132	29
1846086	9606.ENSP00000269349	19.4	2
1850624	9606.ENSP00000324205	44.8	3
1846873	9606.ENSP00000283916	92.3	2
1852662	9606.ENSP00000343129	437	26
1861134	9606.ENSP00000415034	11.0	3
1842767	9606.ENSP00000219700	110	2
1849624	9606.ENSP00000313432	186	3
1859771	9606.ENSP00000394071	33.5	4
1850229	9606.ENSP00000320295	114	25
1845675	9606.ENSP00000265052	71.9	2
1854887	9606.ENSP00000357799	7404	26
1842566	9606.ENSP00000216218	108	2
1847758	9606.ENSP00000296581	144	1
1844629	9606.ENSP00000258739	61.8	2
1854209	9606.ENSP00000354739	55.6	1
1848799	9606.ENSP00000305995	156	9
1855566	9606.ENSP00000360939	27.0	1
1847732	9606.ENSP00000296456	85.2	3
1850085	9606.ENSP00000318861	23.6	1
1852680	9606.ENSP00000343282	761	95
1844076	9606.ENSP00000251643	1822	136
1846972	9606.ENSP00000285735	57.0	2
1845531	9606.ENSP00000264363	3.59	1
1850084	9606.ENSP00000318852	46.1	2
1860096	9606.ENSP00000398632	45.3	2
1852975	9606.ENSP00000345774	9.07	1
1846006	9606.ENSP00000268220	50.6	1
1858077	9606.ENSP00000376886	296	9
1858474	9606.ENSP00000380427	160	21
1843097	9606.ENSP00000226760	44.5	2
1856474	9606.ENSP00000365473	868	4
1848361	9606.ENSP00000302021	16389	208
1851531	9606.ENSP00000332886	4.69	1
1844235	9606.ENSP00000253496	90.2	3
1856045	9606.ENSP00000363216	29.9	5
1854120	9606.ENSP00000354451	10.8	6
1859757	9606.ENSP00000393912	20.8	1
1852189	9606.ENSP00000339221	5.41	1
1848998	9606.ENSP00000307786	260	2
1849495	9606.ENSP00000312122	88.2	1
1852999	9606.ENSP00000346001	76.5	1
1843485	9606.ENSP00000238497	56.7	2
1845293	9606.ENSP00000263126	6.53	1
1862154	9606.ENSP00000440586	222	14
1859549	9606.ENSP00000391266	342	5
1843738	9606.ENSP00000244751	5.31	3
1854025	9606.ENSP00000353731	520	32
1848911	9606.ENSP00000307078	38.3	7
1853781	9606.ENSP00000351926	105	11
1849440	9606.ENSP00000311572	166	4
1853078	9606.ENSP00000346643	12.1	4
1858230	9606.ENSP00000378292	84.6	12
1846322	9606.ENSP00000273398	57.5	3
1860210	9606.ENSP00000400175	570	8
1856310	9606.ENSP00000364635	70.5	3
1843571	9606.ENSP00000240617	23.5	1
1861242	9606.ENSP00000416706	310	84
1853439	9606.ENSP00000349430	598	93
1842224	9606.ENSP00000054666	205	2
1842879	9606.ENSP00000222005	90.6	2
1843040	9606.ENSP00000225655	3445	45
1845884	9606.ENSP00000266579	286	22
1861695	9606.ENSP00000427015	6.76	1
1842444	9606.ENSP00000206765	1094	62
1852230	9606.ENSP00000339566	835	29
1849071	9606.ENSP00000308452	2368	284
1850028	9606.ENSP00000318197	163	29
1849518	9606.ENSP00000312309	9.7	3
1852542	9606.ENSP00000342026	550	12
1856347	9606.ENSP00000364794	30.0	3
1854504	9606.ENSP00000356022	154	2
1844678	9606.ENSP00000259253	54.1	7
1853847	9606.ENSP00000352438	58.0	2
1856378	9606.ENSP00000364943	34.4	1
1843175	9606.ENSP00000228938	631	6
1843052	9606.ENSP00000225792	11.7	1
1850888	9606.ENSP00000327070	547	16
1845602	9606.ENSP00000264710	203	8
1843842	9606.ENSP00000246896	93.9	1
1861932	9606.ENSP00000433352	7.01	1
1858283	9606.ENSP00000378699	1.49	1
1858040	9606.ENSP00000376506	46.7	1
1853003	9606.ENSP00000346022	33.2	1
1846381	9606.ENSP00000274376	11.7	1
1856426	9606.ENSP00000365227	107	1
1861467	9606.ENSP00000420213	290	77
1861079	9606.ENSP00000414359	101	2
1849553	9606.ENSP00000312625	219	8
1849303	9606.ENSP00000310491	98.7	4
1854817	9606.ENSP00000357516	456	17
1855881	9606.ENSP00000362409	513	25
1853378	9606.ENSP00000348965	121	57
1844652	9606.ENSP00000258962	35.5	1
1845836	9606.ENSP00000265983	874	27
1852545	9606.ENSP00000342056	190	6
1848506	9606.ENSP00000303211	7.79	1
1852652	9606.ENSP00000343027	75.5	16
1856351	9606.ENSP00000364802	578	106
1854854	9606.ENSP00000357697	624	2
1860874	9606.ENSP00000410833	104	5
1853627	9606.ENSP00000350720	3.28	1
1852273	9606.ENSP00000339933	12.2	1
1852403	9606.ENSP00000341030	1720	14
1848800	9606.ENSP00000306003	404	3
1855997	9606.ENSP00000362946	245	5
1862162	9606.ENSP00000440847	223	13
1855447	9606.ENSP00000360305	54.3	2
1845705	9606.ENSP00000265171	50.2	5
1842489	9606.ENSP00000215567	363	8
1847111	9606.ENSP00000288111	118	4
1845326	9606.ENSP00000263277	4.72	1
1848966	9606.ENSP00000307519	31.4	1
1853009	9606.ENSP00000346050	324	8
1856304	9606.ENSP00000364609	35.4	4
1854882	9606.ENSP00000357789	193	51
1849915	9606.ENSP00000316905	29.6	1
1848718	9606.ENSP00000305263	106	43
1854661	9606.ENSP00000356771	5.08	1
1844249	9606.ENSP00000253788	82.8	1
1848476	9606.ENSP00000302961	332	25
1862129	9606.ENSP00000439493	1747	113
1847272	9606.ENSP00000291009	5945	85
1844813	9606.ENSP00000260665	13.4	2
1856742	9606.ENSP00000366962	598	93
1859957	9606.ENSP00000396688	156	38
1861994	9606.ENSP00000435210	14.5	1
1846686	9606.ENSP00000280706	31.2	4
1851245	9606.ENSP00000330343	271	4
1851511	9606.ENSP00000332750	6.94	1
1842377	9606.ENSP00000198765	255	12
1857202	9606.ENSP00000369689	585	7
1853441	9606.ENSP00000349437	5.87	1
1851758	9606.ENSP00000334798	49.4	17
1843108	9606.ENSP00000227266	27.5	1
1845311	9606.ENSP00000263238	373	13
1854085	9606.ENSP00000354193	46.7	3
1843712	9606.ENSP00000244336	339	14
1853363	9606.ENSP00000348849	113	1
1842781	9606.ENSP00000220325	6.06	1
1858402	9606.ENSP00000379802	142	9
1856578	9606.ENSP00000366124	1520	16
1854155	9606.ENSP00000354575	20.5	1
1848092	9606.ENSP00000299698	1724	180
1845377	9606.ENSP00000263621	957	21
1850852	9606.ENSP00000326603	4.4	1
1849521	9606.ENSP00000312326	239	17
1845900	9606.ENSP00000266735	199	1
1849201	9606.ENSP00000309591	39.3	3
1858760	9606.ENSP00000382697	46.8	6
1843138	9606.ENSP00000228318	368	11
1843739	9606.ENSP00000244763	41.0	1
1845296	9606.ENSP00000263168	799	13
1853623	9606.ENSP00000350708	34.9	1
1852422	9606.ENSP00000341170	106	1
1848311	9606.ENSP00000301587	40.1	1
1845462	9606.ENSP00000264028	25.9	1
1860749	9606.ENSP00000408979	13.2	4
1862214	9606.ENSP00000442308	14.7	1
1842995	9606.ENSP00000224237	2402	120
1843694	9606.ENSP00000244020	14.8	1
1859339	9606.ENSP00000388293	328	3
1850407	9606.ENSP00000321988	84.6	3
1844114	9606.ENSP00000252250	6896	969
1844078	9606.ENSP00000251646	32.0	28
1843726	9606.ENSP00000244573	297	12
1851941	9606.ENSP00000336888	33.2	2
1843064	9606.ENSP00000225964	7.43	1
1843237	9606.ENSP00000230085	143	2
1852461	9606.ENSP00000341481	51.0	1
1853478	9606.ENSP00000349687	76.3	1
1854200	9606.ENSP00000354720	22.1	2
1862300	9606.ENSP00000445831	532	92
1845247	9606.ENSP00000262942	33.5	1
1863181	9606.ENSP00000458149	373	7
1852962	9606.ENSP00000345689	221	4
1853048	9606.ENSP00000346402	115	4
1849174	9606.ENSP00000309431	43.0	16
1862052	9606.ENSP00000437073	28.6	6
1850255	9606.ENSP00000320516	33.0	4
1845175	9606.ENSP00000262584	233	3
1849255	9606.ENSP00000310088	215	1
1843861	9606.ENSP00000247207	484	65
1854966	9606.ENSP00000358158	573	59
1859536	9606.ENSP00000391121	37.6	1
1860664	9606.ENSP00000407487	7.09	1
1845524	9606.ENSP00000264335	664	26
1853836	9606.ENSP00000352336	19.3	2
1844101	9606.ENSP00000252071	10.8	1
1861710	9606.ENSP00000427463	76.0	1
1851357	9606.ENSP00000331544	255	12
1851214	9606.ENSP00000330074	1098	12
1847338	9606.ENSP00000292199	21.3	1
1851078	9606.ENSP00000328808	60.8	18
1848313	9606.ENSP00000301607	980	145
1844501	9606.ENSP00000257287	1.55	1
1857442	9606.ENSP00000371271	5941	32
1846848	9606.ENSP00000283290	146	2
1843379	9606.ENSP00000233997	451	12
1851181	9606.ENSP00000329748	5.81	3
1851443	9606.ENSP00000332194	573	59
1853877	9606.ENSP00000352627	573	59
1856460	9606.ENSP00000365402	66.1	2
1852892	9606.ENSP00000345079	364	4
1856899	9606.ENSP00000367869	175	6
1847119	9606.ENSP00000288228	22.5	1
1842800	9606.ENSP00000220764	170	4
1861690	9606.ENSP00000426906	67.5	2
1855784	9606.ENSP00000362014	28.5	5
1845006	9606.ENSP00000261845	3.3	1
1853005	9606.ENSP00000346032	3733	117
1845466	9606.ENSP00000264036	83.2	5
1855378	9606.ENSP00000359991	671	15
1851332	9606.ENSP00000331342	5.37	1
1844889	9606.ENSP00000261336	126	24
1854075	9606.ENSP00000354090	8.28	1
1842128	9606.ENSP00000005257	116	1
1856453	9606.ENSP00000365370	33.0	2
1842429	9606.ENSP00000205402	20.5	1
1850781	9606.ENSP00000325905	248	2
1855645	9606.ENSP00000361306	20.4	1
1860717	9606.ENSP00000408411	149	5
1843820	9606.ENSP00000246533	215	3
1851492	9606.ENSP00000332604	11.0	2
1851196	9606.ENSP00000329920	21.1	1
1848382	9606.ENSP00000302194	81.5	2
1855208	9606.ENSP00000359297	61.0	2
1857748	9606.ENSP00000373343	6.34	3
1846542	9606.ENSP00000277865	28.0	3
1860280	9606.ENSP00000401450	47.5	1
1849150	9606.ENSP00000309148	49.4	1
1844218	9606.ENSP00000253362	8040	135
1843949	9606.ENSP00000249071	625	15
1849206	9606.ENSP00000309629	423	11
1853366	9606.ENSP00000348888	5741	356
1853612	9606.ENSP00000350616	8.32	1
1846727	9606.ENSP00000281455	79.9	5
1843463	9606.ENSP00000237530	213	7
1862192	9606.ENSP00000441828	279	18
1848744	9606.ENSP00000305556	231	7
1847965	9606.ENSP00000298510	84.4	2
1848846	9606.ENSP00000306461	389	7
1862767	9606.ENSP00000451560	94.4	25
1852481	9606.ENSP00000341625	165	1
1853036	9606.ENSP00000346294	888	7
1845911	9606.ENSP00000267012	101	3
1842156	9606.ENSP00000008938	41.2	1
1855278	9606.ENSP00000359539	40.0	1
1855774	9606.ENSP00000361949	5.95	1
1849423	9606.ENSP00000311449	37.3	3
1845921	9606.ENSP00000267113	22.8	2
1847591	9606.ENSP00000295598	54.9	8
1859170	9606.ENSP00000386458	22.3	1
1862296	9606.ENSP00000445677	48.5	15
1852144	9606.ENSP00000338799	24.5	2
1852149	9606.ENSP00000338838	22.5	1
1850212	9606.ENSP00000320171	1835	64
1843945	9606.ENSP00000249042	74.0	2
1851943	9606.ENSP00000336914	30.8	1
1849373	9606.ENSP00000311028	411	3
1861221	9606.ENSP00000416330	377	16
1856744	9606.ENSP00000366974	761	95
1842904	9606.ENSP00000222286	10.0	1
1855782	9606.ENSP00000362010	159	6
1853177	9606.ENSP00000347495	69.8	2
1843050	9606.ENSP00000225740	559	19
1861878	9606.ENSP00000431482	87.1	2
1858807	9606.ENSP00000383168	21.1	1
1860725	9606.ENSP00000408526	34.0	1
1851126	9606.ENSP00000329219	47.4	5
1862032	9606.ENSP00000436455	1401	48
1857124	9606.ENSP00000369317	7577	991
1854099	9606.ENSP00000354280	123	4
1852983	9606.ENSP00000345848	87.8	3
1863068	9606.ENSP00000456711	9.89	1
1842214	9606.ENSP00000044462	238	5
1843106	9606.ENSP00000227251	701	10
1848520	9606.ENSP00000303351	114	7
1852412	9606.ENSP00000341094	573	59
1843044	9606.ENSP00000225719	85.8	10
1843826	9606.ENSP00000246554	76.3	1
1848662	9606.ENSP00000304697	460	50
1860871	9606.ENSP00000410815	102	24
1851432	9606.ENSP00000332124	4.1	1
1856352	9606.ENSP00000364805	259	67
1845960	9606.ENSP00000267622	0.923	1
1854454	9606.ENSP00000355778	1747	113
1842433	9606.ENSP00000205948	80.6	3
1849066	9606.ENSP00000308383	229	5
1857282	9606.ENSP00000370129	6.57	1
1857096	9606.ENSP00000369129	2710	655
1860649	9606.ENSP00000407182	23.2	4
1845765	9606.ENSP00000265523	74.1	2
1854637	9606.ENSP00000356602	58.5	1
1854433	9606.ENSP00000355657	1747	113
1844188	9606.ENSP00000253024	45.9	3
1842645	9606.ENSP00000217182	668	47
1853891	9606.ENSP00000352706	38.0	2
1853437	9606.ENSP00000349415	67.7	2
1846264	9606.ENSP00000272519	129	1
1850811	9606.ENSP00000326247	2.43	1
1858384	9606.ENSP00000379616	67.2	26
1846167	9606.ENSP00000270625	270	4
1844979	9606.ENSP00000261735	123	2
1854092	9606.ENSP00000354219	396	15
1848411	9606.ENSP00000302486	64.8	2
1854963	9606.ENSP00000358153	761	95
1850950	9606.ENSP00000327691	136	1
1847193	9606.ENSP00000289902	655	3
1852546	9606.ENSP00000342070	388	8
1858818	9606.ENSP00000383234	3.63	1
1845042	9606.ENSP00000262027	29.8	2
1861905	9606.ENSP00000432279	151	1
1860122	9606.ENSP00000398880	0.631	1
1851298	9606.ENSP00000330930	2.84	1
1854818	9606.ENSP00000357535	41.9	1
1860446	9606.ENSP00000404011	63.8	37
1843994	9606.ENSP00000250124	208	2
1854861	9606.ENSP00000357727	16054	170
1842472	9606.ENSP00000211998	606	65
1858078	9606.ENSP00000376889	185	10
1842551	9606.ENSP00000216129	119	6
1849571	9606.ENSP00000312734	44.3	6
1848062	9606.ENSP00000299427	57.1	2
1847177	9606.ENSP00000289473	276	7
1857438	9606.ENSP00000371230	73.3	2
1850651	9606.ENSP00000324549	30.1	6
1864873	9606.ENSP00000472929	23.8	1
1855757	9606.ENSP00000361878	569	20
1846175	9606.ENSP00000270776	1123	32
1857423	9606.ENSP00000371138	447	3
1851375	9606.ENSP00000331678	385	29
1856324	9606.ENSP00000364691	13.4	3
1858216	9606.ENSP00000378160	246	2
1844842	9606.ENSP00000261023	8.8	1
1846622	9606.ENSP00000279227	219	11
1845059	9606.ENSP00000262094	21.7	2
1849380	9606.ENSP00000311113	1788	120
1857503	9606.ENSP00000371715	11884	171
1856265	9606.ENSP00000364403	2.31	1
1847783	9606.ENSP00000296754	59.6	5
1860029	9606.ENSP00000397843	974	2
1842275	9606.ENSP00000160262	43.7	2
1848910	9606.ENSP00000307077	24.2	2
1844551	9606.ENSP00000257904	1.62	1
1852109	9606.ENSP00000338477	60.9	1
1854551	9606.ENSP00000356218	240	6
1853228	9606.ENSP00000347890	67.0	9
1857259	9606.ENSP00000370007	8545	8
1843563	9606.ENSP00000240343	55.8	1
1848838	9606.ENSP00000306390	151	3
1847402	9606.ENSP00000293288	40.5	1
1844324	9606.ENSP00000254801	1674	29
1847163	9606.ENSP00000289316	585	92
1853766	9606.ENSP00000351777	816	56
1845208	9606.ENSP00000262746	1645	46
1850599	9606.ENSP00000323929	1788	217
1849107	9606.ENSP00000308753	216	5
1858179	9606.ENSP00000377833	446	16
1848619	9606.ENSP00000304277	419	1
1853848	9606.ENSP00000352442	585	92
1851182	9606.ENSP00000329757	309	1
1844638	9606.ENSP00000258787	9.11	1
1853541	9606.ENSP00000350052	195	122
1853422	9606.ENSP00000349305	4.34	1
1855402	9606.ENSP00000360141	25.1	13
1856756	9606.ENSP00000367030	23.3	1
1854858	9606.ENSP00000357711	414	5
1852072	9606.ENSP00000338093	4.96	1
1854330	9606.ENSP00000355228	2362	6
1850897	9606.ENSP00000327145	21.6	16
1855051	9606.ENSP00000358548	32.2	2
1845343	9606.ENSP00000263373	6.36	3
1856793	9606.ENSP00000367220	640	14
1859774	9606.ENSP00000394107	53.9	2
1846084	9606.ENSP00000269321	1405	10
1855744	9606.ENSP00000361824	278	68
1861867	9606.ENSP00000431254	2546	38
1850962	9606.ENSP00000327801	1794	80
1844798	9606.ENSP00000260526	2.57	1
1852902	9606.ENSP00000345156	92.1	1
1853869	9606.ENSP00000352584	129	6
1852706	9606.ENSP00000343505	18.5	1
1854179	9606.ENSP00000354649	37.7	1
1851879	9606.ENSP00000335623	142	8
1853912	9606.ENSP00000352918	298	3
1844285	9606.ENSP00000254301	1694	20
1846229	9606.ENSP00000272163	34.8	1
1846796	9606.ENSP00000282470	1183	58
1845473	9606.ENSP00000264059	21.7	1
1850433	9606.ENSP00000322276	160	3
1857279	9606.ENSP00000370125	687	4
1854402	9606.ENSP00000355537	136	36
1847404	9606.ENSP00000293308	567	169
1847692	9606.ENSP00000296181	11.2	1
1843912	9606.ENSP00000248437	416	38
1854754	9606.ENSP00000357156	11.2	1
1859034	9606.ENSP00000385432	59.7	2
1860562	9606.ENSP00000405926	35.4	2
1848791	9606.ENSP00000305958	70.8	3
1849562	9606.ENSP00000312673	145	12
1860459	9606.ENSP00000404121	102	6
1854153	9606.ENSP00000354573	5.16	8
1852793	9606.ENSP00000344259	304	3
1858193	9606.ENSP00000377941	1282	141
1862194	9606.ENSP00000441875	224	6
1853224	9606.ENSP00000347847	9.06	2
1842452	9606.ENSP00000209718	16.4	9
1854763	9606.ENSP00000357204	1063	10
1848835	9606.ENSP00000306361	422	30
1855943	9606.ENSP00000362688	40.1	1
1847018	9606.ENSP00000286548	38.9	1
1847426	9606.ENSP00000293670	7.13	1
1850072	9606.ENSP00000318697	29.2	12
1843160	9606.ENSP00000228811	748	6
1845102	9606.ENSP00000262269	188	45
1848334	9606.ENSP00000301764	22.6	2
1844112	9606.ENSP00000252244	7386	514
1851532	9606.ENSP00000332887	281	1
1848773	9606.ENSP00000305790	26.6	2
1848102	9606.ENSP00000299767	1700	110
1850022	9606.ENSP00000318165	57.3	2
1848178	9606.ENSP00000300408	181	4
1847048	9606.ENSP00000287038	58.4	1
1848981	9606.ENSP00000307674	53.4	2
1843827	9606.ENSP00000246635	20940	962
1857120	9606.ENSP00000369292	14.6	3
1850618	9606.ENSP00000324173	2080	93
1852130	9606.ENSP00000338703	156	6
1842558	9606.ENSP00000216181	1542	261
1848400	9606.ENSP00000302393	31.1	4
1857955	9606.ENSP00000375730	80.9	1
1855121	9606.ENSP00000358867	165	18
1856551	9606.ENSP00000365938	2.83	1
1844229	9606.ENSP00000253452	121	2
1854860	9606.ENSP00000357726	2302	12
1855316	9606.ENSP00000359675	80.0	1
1863015	9606.ENSP00000456010	39.4	5
1859634	9606.ENSP00000392330	340	7
1857206	9606.ENSP00000369703	196	34
1850893	9606.ENSP00000327116	34.0	4
1853397	9606.ENSP00000349142	109	3
1859246	9606.ENSP00000387176	127	65
1854554	9606.ENSP00000356231	110	1
1845167	9606.ENSP00000262544	9.7	1
1853373	9606.ENSP00000348924	598	93
1848430	9606.ENSP00000302621	401	11
1858678	9606.ENSP00000381968	6.74	1
1858405	9606.ENSP00000379834	117	6
1863987	9606.ENSP00000467676	114	1
1861761	9606.ENSP00000428845	157	3
1846235	9606.ENSP00000272217	44.0	2
1857461	9606.ENSP00000371393	101	6
1852164	9606.ENSP00000339007	116	3
1845250	9606.ENSP00000262948	18.3	1
1852912	9606.ENSP00000345230	756	21
1856751	9606.ENSP00000366999	1747	113
1855178	9606.ENSP00000359127	25.1	1
1843303	9606.ENSP00000231751	4530	346
1842174	9606.ENSP00000013034	197	6
1857295	9606.ENSP00000370242	1.66	1
1848317	9606.ENSP00000301653	9330	585
1854873	9606.ENSP00000357762	18.9	1
1860439	9606.ENSP00000403936	138	5
1843785	9606.ENSP00000245932	307	8
1856156	9606.ENSP00000363773	65.6	1
1862762	9606.ENSP00000451451	16.0	1
1854241	9606.ENSP00000354876	125	2
1849018	9606.ENSP00000307900	39.7	1
1846249	9606.ENSP00000272348	158	1
1853681	9606.ENSP00000351190	289	20
1845435	9606.ENSP00000263918	43.0	2
1855661	9606.ENSP00000361405	1335	68
1856269	9606.ENSP00000364412	40.8	1
1842264	9606.ENSP00000156626	33.0	2
1843711	9606.ENSP00000244333	114	3
1851172	9606.ENSP00000329662	63.3	1
1845265	9606.ENSP00000263025	18.4	2
1848467	9606.ENSP00000302896	232	3
1852360	9606.ENSP00000340703	280	10
1844483	9606.ENSP00000256999	85.6	5
1853556	9606.ENSP00000350199	83.8	10
1854612	9606.ENSP00000356505	35.3	2
1854278	9606.ENSP00000355011	52.2	2
1842619	9606.ENSP00000216775	5.55	3
1847700	9606.ENSP00000296255	333	14
1845136	9606.ENSP00000262418	534	29
1858108	9606.ENSP00000377192	347	22
1845161	9606.ENSP00000262506	9.36	1
1862989	9606.ENSP00000455744	26.8	1
1857098	9606.ENSP00000369134	24.9	1
1858598	9606.ENSP00000381412	5.14	1
1861507	9606.ENSP00000420914	66.6	4
1844727	9606.ENSP00000259818	196	34
1858630	9606.ENSP00000381607	2850	41
1859718	9606.ENSP00000393393	274	2
1857088	9606.ENSP00000369071	18.0	1
1861989	9606.ENSP00000435096	453	4
1853477	9606.ENSP00000349679	33.3	1
1854964	9606.ENSP00000358154	1747	113
1842508	9606.ENSP00000215793	22.4	1
1843060	9606.ENSP00000225899	16.1	19
1846470	9606.ENSP00000276066	15.6	2
1861502	9606.ENSP00000420826	2240	8
1844115	9606.ENSP00000252252	6687	911
1852038	9606.ENSP00000337773	70.6	1
1859218	9606.ENSP00000386896	14.1	2
1842386	9606.ENSP00000199764	104	2
1858463	9606.ENSP00000380334	109	4
1843188	9606.ENSP00000229264	23.1	3
1856798	9606.ENSP00000367248	94.5	2
1858257	9606.ENSP00000378430	525	1
1851031	9606.ENSP00000328359	430	9
1861254	9606.ENSP00000416959	44.3	1
1861946	9606.ENSP00000433721	44.7	1
1856229	9606.ENSP00000364212	166	2
1844939	9606.ENSP00000261574	5.13	1
1848580	9606.ENSP00000303908	116	4
1853267	9606.ENSP00000348163	290	28
1859418	9606.ENSP00000389289	39.0	3
1861888	9606.ENSP00000431822	183	1
1842405	9606.ENSP00000202773	129	2
1851493	9606.ENSP00000332613	44.7	1
1849313	9606.ENSP00000310572	31.2	1
1851008	9606.ENSP00000328207	33.1	1
1843396	9606.ENSP00000234347	1181	20
1843486	9606.ENSP00000238508	280	11
1860352	9606.ENSP00000402551	71.8	2
1847623	9606.ENSP00000295770	18.3	1
1848515	9606.ENSP00000303276	633	3
1845043	9606.ENSP00000262030	731	31
1853777	9606.ENSP00000351885	38.8	1
1847518	9606.ENSP00000295006	82.1	4
1845918	9606.ENSP00000267101	6.57	1
1843400	9606.ENSP00000234396	9.3	1
1855579	9606.ENSP00000360998	56.5	1
1849358	9606.ENSP00000310861	1756	299
1856177	9606.ENSP00000363899	45.7	1
1855610	9606.ENSP00000361124	55.5	1
1851147	9606.ENSP00000329419	101	8
1849694	9606.ENSP00000314299	44.5	2
1855988	9606.ENSP00000362900	77.1	2
1853981	9606.ENSP00000353452	4.68	1
1844670	9606.ENSP00000259206	1334	8
1858336	9606.ENSP00000379157	159	5
1852957	9606.ENSP00000345656	77.5	1
1850194	9606.ENSP00000319977	171	3
1858134	9606.ENSP00000377430	4.19	1
1849102	9606.ENSP00000308720	570	7
1850213	9606.ENSP00000320176	70.4	2
1852864	9606.ENSP00000344829	45.0	1
1844327	9606.ENSP00000254810	1747	113
1854773	9606.ENSP00000357283	1802	130
1854649	9606.ENSP00000356671	431	11
1844876	9606.ENSP00000261263	53.4	1
1846664	9606.ENSP00000280326	58.8	2
1861575	9606.ENSP00000422846	150	4
1847443	9606.ENSP00000293831	278	11
1847411	9606.ENSP00000293379	36.8	3
1842503	9606.ENSP00000215754	506	4
1849481	9606.ENSP00000311997	37.7	17
1842701	9606.ENSP00000218340	333	5
1859053	9606.ENSP00000385616	28.6	1
1858037	9606.ENSP00000376472	91.5	5
1845677	9606.ENSP00000265062	575	13
1842482	9606.ENSP00000215375	98.8	1
1854014	9606.ENSP00000353660	78.5	1
1848555	9606.ENSP00000303585	1.36	1
1850110	9606.ENSP00000319060	4.24	1
1842672	9606.ENSP00000217515	79.8	1
1856806	9606.ENSP00000367309	35.5	3
1845983	9606.ENSP00000267996	188	12
1856769	9606.ENSP00000367123	25.5	1
1855678	9606.ENSP00000361508	412	15
1843081	9606.ENSP00000226253	296	7
1853008	9606.ENSP00000346046	53.9	1
1854859	9606.ENSP00000357721	23174	189
1861478	9606.ENSP00000420381	113	3
1862912	9606.ENSP00000454746	83.3	2
1848169	9606.ENSP00000300283	93.5	3
1849993	9606.ENSP00000317904	17.8	1
1846694	9606.ENSP00000280904	434	27
1854965	9606.ENSP00000358155	573	59
1845095	9606.ENSP00000262219	10.1	1
1862334	9606.ENSP00000446714	1008	23
1856376	9606.ENSP00000364934	280	7
1858669	9606.ENSP00000381895	33.8	1
1842709	9606.ENSP00000218548	11.0	2
1854304	9606.ENSP00000355124	2950	252
1846206	9606.ENSP00000271638	3654	35
1846733	9606.ENSP00000281537	6.53	1
1850612	9606.ENSP00000324105	88.2	5
1847120	9606.ENSP00000288235	9.91	2
1843197	9606.ENSP00000229319	350	9
1849692	9606.ENSP00000314214	66.9	1
1849868	9606.ENSP00000316416	563	28
1855599	9606.ENSP00000361076	71.6	1
1853039	9606.ENSP00000346316	761	95
1863869	9606.ENSP00000464265	308	33
1843095	9606.ENSP00000226578	99.2	6
1849420	9606.ENSP00000311430	35.8	1
1859040	9606.ENSP00000385479	1747	113
1842109	9606.ENSP00000000233	94.8	4
1853142	9606.ENSP00000347197	43.7	1
1857983	9606.ENSP00000375977	179	8
1854883	9606.ENSP00000357791	110	10
1843222	9606.ENSP00000229794	63.6	2
1853630	9606.ENSP00000350767	761	95
1846102	9606.ENSP00000269576	4981	317
1862817	9606.ENSP00000452780	1578	14
1848760	9606.ENSP00000305692	16.8	1
1857373	9606.ENSP00000370781	21.1	1
1847158	9606.ENSP00000289228	62.4	2
1853467	9606.ENSP00000349595	34.0	5
1851211	9606.ENSP00000330054	2209	76
1856898	9606.ENSP00000367851	224	13
1843828	9606.ENSP00000246646	20.3	19
1849458	9606.ENSP00000311746	152	3
1845353	9606.ENSP00000263408	24.8	1
1860360	9606.ENSP00000402644	12.1	2
1842300	9606.ENSP00000167586	6330	508
1850346	9606.ENSP00000321389	748	52
1861142	9606.ENSP00000415183	66.2	42
1849235	9606.ENSP00000309845	29.8	2
1861539	9606.ENSP00000421725	379	15
1860141	9606.ENSP00000399168	88.6	2
1856677	9606.ENSP00000366620	82.5	5
1845906	9606.ENSP00000266970	1.54	1
1850384	9606.ENSP00000321744	598	93
1851973	9606.ENSP00000337222	92.5	1
1842830	9606.ENSP00000221418	82.9	3
1850719	9606.ENSP00000325240	730	13
1844706	9606.ENSP00000259569	5.29	1
1860696	9606.ENSP00000407952	155	10
1850773	9606.ENSP00000325817	43.1	8
1842615	9606.ENSP00000216714	30.2	1
1846836	9606.ENSP00000283179	784	31
1844857	9606.ENSP00000261183	24.2	2
1848075	9606.ENSP00000299529	21.8	1
1848807	9606.ENSP00000306100	151	11
1854219	9606.ENSP00000354791	41.8	5
1864786	9606.ENSP00000472469	134	1
1845441	9606.ENSP00000263946	528	41
1853527	9606.ENSP00000349977	399	24
1852398	9606.ENSP00000340989	2634	57
1847386	9606.ENSP00000292896	416	40
1843869	9606.ENSP00000247470	49.2	1
1843405	9606.ENSP00000234590	3163	84
1844065	9606.ENSP00000251527	77.6	6
1847597	9606.ENSP00000295640	19.1	1
1853159	9606.ENSP00000347329	39.3	2
1853572	9606.ENSP00000350310	2.18	1
1849250	9606.ENSP00000310036	91.1	1
1852510	9606.ENSP00000341826	480	14
1849866	9606.ENSP00000316357	10.4	2
1852968	9606.ENSP00000345731	19.5	1
1848971	9606.ENSP00000307567	36.1	3
1844135	9606.ENSP00000252542	7.87	1
1854041	9606.ENSP00000353826	34.8	3
1846529	9606.ENSP00000277480	4029	56
1853096	9606.ENSP00000346827	156	7
1854940	9606.ENSP00000358045	209	9
1852220	9606.ENSP00000339467	397	5
1845966	9606.ENSP00000267814	99.1	2
1853223	9606.ENSP00000347839	11.1	1
1858515	9606.ENSP00000380795	51.8	1
1850286	9606.ENSP00000320828	75.0	5
