#id: 492
#name: H.sapiens - Plasma, SC (Peptideatlas,May,2010)
#score: 5.85
#weight: 100%
#description: abundance based on Spectral counting, from<a href="http://www.peptideatlas.org/builds/human/plasma/index.php" target="_blank">Peptideatlas,May,2010</a><br/><b>Interaction consistency score</b>: 5.85&nbsp<b>Coverage</b>: 10
#organ: PLASMA
#integrated: false
#coverage: 10
#publication_year: 2010
#filename: 9606-human_plasma_atlas_201005.txt
#
#internal_id	string_external_id	abundance	raw_spectral_count
1852739	9606.ENSP00000343764	0.121	32
1863965	9606.ENSP00000466775	43056	47257
1849474	9606.ENSP00000311888	0.165	1
1858156	9606.ENSP00000377616	1.02	36
1844921	9606.ENSP00000261483	1.03	7
1857149	9606.ENSP00000369419	0.217	1
1846936	9606.ENSP00000284981	6.83	36
1848245	9606.ENSP00000301072	4.04	95
1845214	9606.ENSP00000262776	156	931
1851610	9606.ENSP00000333664	11.2	44
1845782	9606.ENSP00000265643	0.945	1
1844030	9606.ENSP00000250971	17.1	11
1852518	9606.ENSP00000341885	3.29	9
1856125	9606.ENSP00000363603	1.79	10
1843841	9606.ENSP00000246895	12.5	6
1844055	9606.ENSP00000251372	1.43	32
1861620	9606.ENSP00000424183	5.44	8
1857559	9606.ENSP00000372136	480	1921
1850586	9606.ENSP00000323856	0.135	8
1860535	9606.ENSP00000405573	33.7	180
1849473	9606.ENSP00000311876	0.074	1
1855852	9606.ENSP00000362300	0.044	1
1845747	9606.ENSP00000265417	3.33	43
1844217	9606.ENSP00000253354	1.93	10
1845339	9606.ENSP00000263368	78.2	143
1845583	9606.ENSP00000264651	9.42	273
1853151	9606.ENSP00000347271	8.17	7
1843896	9606.ENSP00000248076	1.04	2
1856747	9606.ENSP00000366984	0.243	7
1846071	9606.ENSP00000269195	0.162	1
1856140	9606.ENSP00000363676	3.7	7
1851354	9606.ENSP00000331514	175	1613
1852064	9606.ENSP00000338020	0.111	2
1861233	9606.ENSP00000416561	2130	23007
1843382	9606.ENSP00000234071	58.1	183
1845114	9606.ENSP00000262306	1.58	5
1858204	9606.ENSP00000377995	1.77	6
1851388	9606.ENSP00000331746	1.41	2
1861344	9606.ENSP00000418112	2.18	33
1858619	9606.ENSP00000381565	0.202	2
1853670	9606.ENSP00000351108	0.906	1
1842673	9606.ENSP00000217652	1.1	4
1854397	9606.ENSP00000355518	2.46	11
1852297	9606.ENSP00000340210	350	619
1857946	9606.ENSP00000375629	1.18	32
1848549	9606.ENSP00000303550	6.86	9
1854822	9606.ENSP00000357555	0.357	1
1849017	9606.ENSP00000307889	0.961	1
1843291	9606.ENSP00000231484	0.537	6
1848567	9606.ENSP00000303758	1.03	14
1854585	9606.ENSP00000356382	145	1046
1847260	9606.ENSP00000290866	1.81	22
1849194	9606.ENSP00000309555	0.12	2
1843062	9606.ENSP00000225927	0.935	6
1843722	9606.ENSP00000244534	6.9	21
1843731	9606.ENSP00000244661	1.38	13
1848968	9606.ENSP00000307540	0.261	1
1855600	9606.ENSP00000361083	97.2	37
1845897	9606.ENSP00000266718	1449	4069
1845889	9606.ENSP00000266646	19.1	42
1847664	9606.ENSP00000296028	2088	3151
1859392	9606.ENSP00000389026	1624	2602
1857263	9606.ENSP00000370023	0.202	1
1842395	9606.ENSP00000200676	4.0	25
1854594	9606.ENSP00000356411	0.203	1
1842779	9606.ENSP00000220166	61.8	172
1860206	9606.ENSP00000400142	0.74	1
1861487	9606.ENSP00000420487	4.14	45
1847542	9606.ENSP00000295137	21.5	658
1844077	9606.ENSP00000251645	6.58	154
1845293	9606.ENSP00000263126	0.643	7
1852440	9606.ENSP00000341285	0.436	2
1859403	9606.ENSP00000389128	0.28	2
1851559	9606.ENSP00000333203	123	583
1844445	9606.ENSP00000256509	16.2	141
1844779	9606.ENSP00000260356	70.8	893
1846625	9606.ENSP00000279247	1.06	8
1845882	9606.ENSP00000266557	1.55	6
1846187	9606.ENSP00000271308	4.75	11
1855855	9606.ENSP00000362308	188	178
1849354	9606.ENSP00000310832	0.586	2
1853193	9606.ENSP00000347635	0.47	2
1843529	9606.ENSP00000239462	0.121	1
1848824	9606.ENSP00000306261	0.866	69
1851906	9606.ENSP00000336687	1.49	3
1853243	9606.ENSP00000347988	1.89	1
1854428	9606.ENSP00000355645	26.9	731
1857384	9606.ENSP00000370867	1.02	8
1856799	9606.ENSP00000367263	0.208	7
1844583	9606.ENSP00000258243	1.02	14
1844344	9606.ENSP00000254976	0.604	1
1854507	9606.ENSP00000356037	1266	7071
1843632	9606.ENSP00000242577	2.18	4
1846899	9606.ENSP00000284292	7.74	7
1855437	9606.ENSP00000360268	0.139	1
1845089	9606.ENSP00000262207	0.132	1
1858158	9606.ENSP00000377640	2.28	1
1853986	9606.ENSP00000353472	0.251	4
1853884	9606.ENSP00000352671	0.743	3
1852245	9606.ENSP00000339740	1.65	4
1843376	9606.ENSP00000233954	2.52	17
1843112	9606.ENSP00000227378	13.4	104
1842619	9606.ENSP00000216775	0.133	1
1847187	9606.ENSP00000289779	0.877	3
1852182	9606.ENSP00000339168	4.56	6
1843701	9606.ENSP00000244137	23.5	85
1848151	9606.ENSP00000300161	10.9	53
1847841	9606.ENSP00000297258	51.0	56
1843442	9606.ENSP00000236850	53579	112267
1845181	9606.ENSP00000262613	0.794	3
1856105	9606.ENSP00000363500	3.1	7
1845244	9606.ENSP00000262919	89.2	1044
1842302	9606.ENSP00000168148	230	553
1855975	9606.ENSP00000362817	0.926	1
1850114	9606.ENSP00000319104	0.048	1
1854363	9606.ENSP00000355377	0.233	2
1847707	9606.ENSP00000296280	46.4	337
1856325	9606.ENSP00000364694	0.692	2
1847997	9606.ENSP00000298841	490	2062
1851002	9606.ENSP00000328173	757	3580
1843791	9606.ENSP00000246006	1.56	9
1857794	9606.ENSP00000373730	6.41	127
1846396	9606.ENSP00000274565	35.7	14
1845671	9606.ENSP00000265029	160	522
1861379	9606.ENSP00000418767	0.208	1
1843673	9606.ENSP00000243563	0.522	1
1846837	9606.ENSP00000283195	0.002	1
1854069	9606.ENSP00000354045	0.24	2
1864016	9606.ENSP00000468690	17.9	47
1853180	9606.ENSP00000347507	1.85	46
1842959	9606.ENSP00000223095	9.68	33
1844589	9606.ENSP00000258341	6.2	77
1844274	9606.ENSP00000254122	8.65	13
1850207	9606.ENSP00000320084	1.79	7
1845616	9606.ENSP00000264758	0.126	1
1849586	9606.ENSP00000312981	0.201	1
1842446	9606.ENSP00000207437	1.35	5
1853928	9606.ENSP00000353007	0.125	1
1845575	9606.ENSP00000264613	4008	40933
1853794	9606.ENSP00000352047	27.6	86
1857297	9606.ENSP00000370254	0.652	7
1854916	9606.ENSP00000357905	0.163	4
1844723	9606.ENSP00000259791	7.08	127
1847431	9606.ENSP00000293745	15.2	260
1855915	9606.ENSP00000362576	0.294	1
1856660	9606.ENSP00000366525	16.3	22
1851999	9606.ENSP00000337445	0.311	2
1854002	9606.ENSP00000353582	0.237	2
1847027	9606.ENSP00000286713	3.38	8
1844317	9606.ENSP00000254722	1526	4615
1856334	9606.ENSP00000364731	13.0	53
1861242	9606.ENSP00000416706	12.4	242
1856891	9606.ENSP00000367817	0.684	3
1842843	9606.ENSP00000221494	0.503	1
1854629	9606.ENSP00000356574	38.8	270
1844215	9606.ENSP00000253332	0.082	1
1860733	9606.ENSP00000408632	57.9	145
1842663	9606.ENSP00000217407	75.9	286
1852826	9606.ENSP00000344504	6.0	3
1862707	9606.ENSP00000450560	0.378	2
1853333	9606.ENSP00000348706	10.3	116
1853096	9606.ENSP00000346827	0.989	6
1842839	9606.ENSP00000221476	39.1	96
1849633	9606.ENSP00000313571	4.19	13
1842861	9606.ENSP00000221801	0.552	1
1852730	9606.ENSP00000343690	0.243	2
1852071	9606.ENSP00000338082	191	1832
1860321	9606.ENSP00000402060	14.1	43
1842620	9606.ENSP00000216780	1.18	4
1847808	9606.ENSP00000296930	4.34	7
1847400	9606.ENSP00000293276	58.3	52
1846906	9606.ENSP00000284440	33.0	46
1855499	9606.ENSP00000360569	3.67	26
1858981	9606.ENSP00000384774	0.088	1
1859578	9606.ENSP00000391592	0.489	3
1859957	9606.ENSP00000396688	1781	45047
1851313	9606.ENSP00000331127	0.92	3
1853568	9606.ENSP00000350275	1.38	13
1848526	9606.ENSP00000303408	9.81	111
1851474	9606.ENSP00000332449	0.718	1
1854981	9606.ENSP00000358223	1.48	5
1857133	9606.ENSP00000369349	3.74	76
1846902	9606.ENSP00000284322	8.6	64
1853851	9606.ENSP00000352455	101	118
1849999	9606.ENSP00000317985	0.038	1
1844377	9606.ENSP00000255409	21.1	80
1856385	9606.ENSP00000364979	0.055	1
1862126	9606.ENSP00000439444	0.409	2
1862405	9606.ENSP00000447378	0.075	1
1846836	9606.ENSP00000283179	1.86	7
1855990	9606.ENSP00000362924	1420	8244
1853372	9606.ENSP00000348918	2136	3134
1842671	9606.ENSP00000217456	16.1	67
1853595	9606.ENSP00000350425	4858	16127
1843445	9606.ENSP00000236959	2.28	16
1842682	9606.ENSP00000217971	1.64	1
1846635	9606.ENSP00000279477	3.15	33
1853517	9606.ENSP00000349932	0.951	23
1855596	9606.ENSP00000361064	14.0	71
1852004	9606.ENSP00000337459	0.132	2
1857062	9606.ENSP00000368927	0.473	1
1844012	9606.ENSP00000250495	29.2	13
1851566	9606.ENSP00000333266	0.214	1
1849816	9606.ENSP00000315757	44.4	238
1855279	9606.ENSP00000359540	0.606	1
1849358	9606.ENSP00000310861	837	7164
1859939	9606.ENSP00000396505	177	389
1845665	9606.ENSP00000265016	17.0	69
1845416	9606.ENSP00000263798	0.463	3
1849197	9606.ENSP00000309565	6.74	3
1849183	9606.ENSP00000309503	103	228
1849039	9606.ENSP00000308176	0.676	5
1850035	9606.ENSP00000318297	0.306	2
1842423	9606.ENSP00000204961	3.98	16
1852755	9606.ENSP00000343924	5.12	16
1842521	9606.ENSP00000215909	100	103
1861189	9606.ENSP00000415941	1813	45543
1844885	9606.ENSP00000261313	155	181
1845637	9606.ENSP00000264893	0.06	1
1853529	9606.ENSP00000350005	13.2	19
1844129	9606.ENSP00000252491	48205	26778
1852498	9606.ENSP00000341743	4.25	6
1842369	9606.ENSP00000196061	9.55	130
1844470	9606.ENSP00000256854	0.224	1
1850792	9606.ENSP00000326031	0.256	2
1842869	9606.ENSP00000221930	4.85	14
1848044	9606.ENSP00000299300	0.278	2
1851571	9606.ENSP00000333298	14.2	41
1851568	9606.ENSP00000333277	3.24	15
1847224	9606.ENSP00000290349	0.793	2
1852946	9606.ENSP00000345512	0.143	1
1853957	9606.ENSP00000353224	4.62	27
1844144	9606.ENSP00000252603	2.74	6
1844749	9606.ENSP00000260049	8.79	16
1856191	9606.ENSP00000363988	116	284
1852156	9606.ENSP00000338934	5.17	25
1845179	9606.ENSP00000262607	3.84	22
1852653	9606.ENSP00000343040	35.7	37
1854006	9606.ENSP00000353624	10.4	67
1842595	9606.ENSP00000216442	0.343	1
1843260	9606.ENSP00000230588	5.72	48
1856676	9606.ENSP00000366618	10.3	116
1851933	9606.ENSP00000336831	0.186	3
1845594	9606.ENSP00000264677	0.025	1
1848923	9606.ENSP00000307156	0.455	8
1842464	9606.ENSP00000211122	0.399	3
1850327	9606.ENSP00000321259	9.36	27
1861891	9606.ENSP00000431872	3.44	5
1846064	9606.ENSP00000269122	0.624	10
1853645	9606.ENSP00000350894	3.26	12
1854869	9606.ENSP00000357753	0.282	2
1843815	9606.ENSP00000246337	6.64	16
1846735	9606.ENSP00000281589	0.257	3
1852193	9606.ENSP00000339251	221	216
1857291	9606.ENSP00000370222	2.74	2
1855221	9606.ENSP00000359345	9.22	18
1850288	9606.ENSP00000320866	45.8	131
1842698	9606.ENSP00000218230	41.1	126
1849206	9606.ENSP00000309629	99.3	158
1848935	9606.ENSP00000307240	7.48	174
1847779	9606.ENSP00000296702	0.316	2
1845757	9606.ENSP00000265462	7.79	18
1853932	9606.ENSP00000353030	5.06	83
1850828	9606.ENSP00000326381	0.412	4
1860896	9606.ENSP00000411096	0.004	1
1862799	9606.ENSP00000452347	409	1297
1857330	9606.ENSP00000370460	0.263	1
1844573	9606.ENSP00000258123	0.44	2
1848272	9606.ENSP00000301286	0.071	1
1844015	9606.ENSP00000250559	5.35	10
1862046	9606.ENSP00000436812	0.123	3
1845647	9606.ENSP00000264933	0.52	1
1855864	9606.ENSP00000362352	580	1721
1859184	9606.ENSP00000386588	0.004	1
1843615	9606.ENSP00000242210	2.59	13
1861219	9606.ENSP00000416293	0.276	1
1847909	9606.ENSP00000297848	0.048	1
1847646	9606.ENSP00000295927	1.52	4
1849619	9606.ENSP00000313391	0.104	1
1843937	9606.ENSP00000248975	18.8	45
1849046	9606.ENSP00000308252	14.6	8
1845878	9606.ENSP00000266542	182	654
1861390	9606.ENSP00000419000	8.35	32
1846170	9606.ENSP00000270645	0.169	1
1853135	9606.ENSP00000347168	10.4	67
1855812	9606.ENSP00000362123	1.11	2
1842184	9606.ENSP00000016946	0.004	1
1844696	9606.ENSP00000259457	3.66	9
1844996	9606.ENSP00000261799	0.908	5
1846431	9606.ENSP00000275189	0.18	1
1852549	9606.ENSP00000342082	18.2	22
1856279	9606.ENSP00000364486	1.33	10
1859209	9606.ENSP00000386810	0.004	1
1844406	9606.ENSP00000256103	15.4	15
1849498	9606.ENSP00000312134	11.3	38
1842505	9606.ENSP00000215773	18.5	31
1853454	9606.ENSP00000349508	0.035	1
1853504	9606.ENSP00000349873	6.41	127
1854730	9606.ENSP00000357075	87.7	170
1847257	9606.ENSP00000290810	0.112	1
1842599	9606.ENSP00000216455	8.24	16
1845230	9606.ENSP00000262873	0.009	3
1844701	9606.ENSP00000259477	2.61	1
1854589	9606.ENSP00000356395	151	745
1847208	9606.ENSP00000290158	0.283	4
1856211	9606.ENSP00000364110	0.791	2
1852102	9606.ENSP00000338358	1.52	8
1843077	9606.ENSP00000226218	3041	16144
1843162	9606.ENSP00000228825	5.59	6
1847937	9606.ENSP00000298223	2.24	9
1845140	9606.ENSP00000262428	5.2	6
1856904	9606.ENSP00000367891	4.19	13
1855608	9606.ENSP00000361112	15.1	60
1845096	9606.ENSP00000262225	0.989	1
1849042	9606.ENSP00000308208	16.1	47
1851710	9606.ENSP00000334329	0.04	1
1854808	9606.ENSP00000357470	0.171	1
1849273	9606.ENSP00000310219	0.807	22
1862308	9606.ENSP00000446121	3.12	31
1859174	9606.ENSP00000386488	323	620
1857244	9606.ENSP00000369927	0.656	7
1843271	9606.ENSP00000231004	2.55	9
1843750	9606.ENSP00000245206	5.69	23
1856167	9606.ENSP00000363827	5.44	212
1845641	9606.ENSP00000264908	2.11	5
1858903	9606.ENSP00000384144	4.42	44
1856376	9606.ENSP00000364934	15.9	37
1851117	9606.ENSP00000329165	8.12	127
1855241	9606.ENSP00000359403	0.709	1
1859179	9606.ENSP00000386531	0.477	7
1857560	9606.ENSP00000372155	2.09	4
1862817	9606.ENSP00000452780	2346	3015
1844907	9606.ENSP00000261416	2.01	6
1842632	9606.ENSP00000216968	43.1	98
1845779	9606.ENSP00000265627	14.6	52
1843185	9606.ENSP00000229239	48.3	142
1848521	9606.ENSP00000303356	11.6	33
1844986	9606.ENSP00000261755	18.2	80
1842607	9606.ENSP00000216492	35.6	101
1856185	9606.ENSP00000363965	0.327	2
1857811	9606.ENSP00000373918	0.533	4
1847733	9606.ENSP00000296464	0.181	5
1854424	9606.ENSP00000355627	1835	6580
1845368	9606.ENSP00000263574	0.967	5
1847772	9606.ENSP00000296674	9.44	7
1850702	9606.ENSP00000325002	0.251	2
1846609	9606.ENSP00000279022	0.487	2
1847940	9606.ENSP00000298248	1.91	3
1842281	9606.ENSP00000161559	1.63	7
1843008	9606.ENSP00000225174	0.97	2
1856150	9606.ENSP00000363745	0.784	3
1848617	9606.ENSP00000304236	139	483
1849031	9606.ENSP00000308057	4.11	7
1855753	9606.ENSP00000361867	2.85	16
1859600	9606.ENSP00000391826	2595	6652
1846079	9606.ENSP00000269243	0.153	9
1842303	9606.ENSP00000168216	2.82	11
1849833	9606.ENSP00000315997	1.69	34
1843340	9606.ENSP00000233143	914	129
1853752	9606.ENSP00000351682	63.6	315
1845983	9606.ENSP00000267996	32.4	87
1848511	9606.ENSP00000303242	0.104	1
1854953	9606.ENSP00000358106	0.544	4
1847658	9606.ENSP00000295987	0.608	3
1842726	9606.ENSP00000219169	2.81	6
1850200	9606.ENSP00000320025	1.16	21
1846097	9606.ENSP00000269491	0.225	2
1863114	9606.ENSP00000457299	1.71	8
1861176	9606.ENSP00000415786	0.652	2
1852466	9606.ENSP00000341524	0.057	1
1842776	9606.ENSP00000220003	0.446	1
1852848	9606.ENSP00000344683	0.597	2
1855878	9606.ENSP00000362399	0.472	1
1849459	9606.ENSP00000311747	0.236	1
1858543	9606.ENSP00000381008	0.008	1
1843813	9606.ENSP00000246194	0.606	1
1852251	9606.ENSP00000339795	3.37	3
1855605	9606.ENSP00000361097	51.3	453
1858295	9606.ENSP00000378786	0.765	1
1842451	9606.ENSP00000209668	21.5	93
1842584	9606.ENSP00000216336	4.4	9
1845429	9606.ENSP00000263867	0.958	2
1842152	9606.ENSP00000007735	3.67	69
1843786	9606.ENSP00000245934	0.55	10
1842665	9606.ENSP00000217423	15.1	29
1860599	9606.ENSP00000406381	1342	2281
1857558	9606.ENSP00000372126	480	1921
1849515	9606.ENSP00000312286	10.7	8
1861392	9606.ENSP00000419027	0.492	3
1855856	9606.ENSP00000362314	0.581	1
1843830	9606.ENSP00000246662	1929	8247
1850693	9606.ENSP00000324897	5.12	3
1856790	9606.ENSP00000367208	0.22	1
1861595	9606.ENSP00000423563	0.954	30
1856023	9606.ENSP00000363079	48.3	98
1861848	9606.ENSP00000430706	11.8	37
1842374	9606.ENSP00000196551	4.52	9
1848300	9606.ENSP00000301464	234	717
1857259	9606.ENSP00000370007	31287	861
1842901	9606.ENSP00000222271	18.3	110
1855912	9606.ENSP00000362566	1.26	5
1849263	9606.ENSP00000310129	0.396	3
1849705	9606.ENSP00000314441	0.544	2
1852270	9606.ENSP00000339916	0.109	1
1860217	9606.ENSP00000400365	1.96	49
1857276	9606.ENSP00000370109	1.03	3
1854761	9606.ENSP00000357196	0.611	8
1845475	9606.ENSP00000264071	2.0	42
1847605	9606.ENSP00000295688	2.58	11
1845373	9606.ENSP00000263593	0.144	1
1850446	9606.ENSP00000322419	3.17	2
1845458	9606.ENSP00000264018	0.219	1
1858928	9606.ENSP00000384296	7.32	56
1843256	9606.ENSP00000230538	0.117	1
1849403	9606.ENSP00000311313	122	222
1864001	9606.ENSP00000468236	1342	2281
1852098	9606.ENSP00000338345	53.5	58
1857700	9606.ENSP00000373073	1.47	7
1856405	9606.ENSP00000365081	832	1406
1856350	9606.ENSP00000364801	4.3	71
1852819	9606.ENSP00000344460	1.86	7
1847805	9606.ENSP00000296877	167	60
1848445	9606.ENSP00000302728	0.162	1
1848835	9606.ENSP00000306361	7327	51035
1855892	9606.ENSP00000362463	6.15	11
1856313	9606.ENSP00000364649	0.294	1
1843123	9606.ENSP00000227665	1.21	4
1843174	9606.ENSP00000228936	0.234	1
1853486	9606.ENSP00000349722	7.58	8
1862121	9606.ENSP00000439189	9.58	442
1842206	9606.ENSP00000039007	3.36	11
1847973	9606.ENSP00000298556	4.82	8
1856670	9606.ENSP00000366581	10.4	67
1847339	9606.ENSP00000292211	0.31	1
1847848	9606.ENSP00000297283	11.1	30
1858583	9606.ENSP00000381253	0.004	1
1843595	9606.ENSP00000241337	0.182	1
1842641	9606.ENSP00000217133	8.38	41
1843319	9606.ENSP00000232564	0.283	3
1862833	9606.ENSP00000453302	0.309	2
1847742	9606.ENSP00000296503	7.94	9
1851814	9606.ENSP00000335153	15.5	128
1853672	9606.ENSP00000351118	1.87	11
1848926	9606.ENSP00000307181	1.32	1
1847637	9606.ENSP00000295897	79394	390366
1860974	9606.ENSP00000412436	4.91	4
1844169	9606.ENSP00000252854	20.0	90
1849852	9606.ENSP00000316176	6.53	8
1849179	9606.ENSP00000309474	0.416	7
1846309	9606.ENSP00000273283	1709	12291
1854448	9606.ENSP00000355751	1.48	33
1853456	9606.ENSP00000349541	0.253	1
1844356	9606.ENSP00000255120	0.533	2
1854004	9606.ENSP00000353608	4.96	62
1844127	9606.ENSP00000252486	3103	8979
1847077	9606.ENSP00000287641	7.25	5
1862080	9606.ENSP00000438144	20.5	55
1848745	9606.ENSP00000305595	3.65	16
1850234	9606.ENSP00000320324	1.02	5
1852326	9606.ENSP00000340463	0.665	1
1854021	9606.ENSP00000353701	2.16	14
1861814	9606.ENSP00000429986	3.09	1
1853952	9606.ENSP00000353157	0.566	2
1859230	9606.ENSP00000386992	0.25	2
1852134	9606.ENSP00000338742	0.271	1
1849628	9606.ENSP00000313490	0.105	2
1846869	9606.ENSP00000283871	0.16	1
1851336	9606.ENSP00000331368	0.83	5
1843342	9606.ENSP00000233154	0.256	1
1856558	9606.ENSP00000366005	18.5	82
1857486	9606.ENSP00000371554	73.2	125
1850745	9606.ENSP00000325527	7.61	201
1853254	9606.ENSP00000348068	32708	126219
1850718	9606.ENSP00000325239	0.825	2
1842308	9606.ENSP00000170150	1.61	10
1849220	9606.ENSP00000309757	0.519	1
1845668	9606.ENSP00000265023	3677	21845
1859702	9606.ENSP00000393241	5.5	4
1861781	9606.ENSP00000429243	1.21	4
1863725	9606.ENSP00000462730	3.64	20
1844126	9606.ENSP00000252483	0.13	1
1846197	9606.ENSP00000271450	1.73	6
1846180	9606.ENSP00000270879	246	919
1855966	9606.ENSP00000362778	16.1	79
1844465	9606.ENSP00000256733	1254	2109
1856473	9606.ENSP00000365465	2.22	9
1843183	9606.ENSP00000229214	0.93	2
1854631	9606.ENSP00000356581	0.165	2
1854230	9606.ENSP00000354841	1.34	2
1845497	9606.ENSP00000264187	6.25	70
1848620	9606.ENSP00000304283	0.513	4
1857846	9606.ENSP00000374332	0.506	1
1861419	9606.ENSP00000419446	2.27	18
1864741	9606.ENSP00000472249	0.728	1
1859959	9606.ENSP00000396722	3.42	13
1860231	9606.ENSP00000400592	0.494	2
1852902	9606.ENSP00000345156	4.66	4
1852056	9606.ENSP00000337950	62.5	98
1858246	9606.ENSP00000378360	2.92	18
1859086	9606.ENSP00000386043	5.47	79
1859666	9606.ENSP00000392718	1.98	220
1858664	9606.ENSP00000381844	0.257	1
1850172	9606.ENSP00000319690	4.92	14
1853667	9606.ENSP00000351075	0.408	2
1845324	9606.ENSP00000263273	12.9	45
1852180	9606.ENSP00000339157	0.685	2
1853189	9606.ENSP00000347596	58.7	304
1846162	9606.ENSP00000270586	2.96	9
1850874	9606.ENSP00000326858	0.13	1
1858327	9606.ENSP00000379098	0.394	3
1861828	9606.ENSP00000430269	2.08	9
1854354	9606.ENSP00000355325	4.62	11
1850131	9606.ENSP00000319255	3.32	7
1844348	9606.ENSP00000255030	131	203
1846222	9606.ENSP00000272065	1.42	3
1853973	9606.ENSP00000353393	0.204	5
1843920	9606.ENSP00000248598	3.28	14
1850385	9606.ENSP00000321746	4.1	16
1842971	9606.ENSP00000223271	258	339
1858200	9606.ENSP00000377969	0.624	3
1853523	9606.ENSP00000349960	204	1746
1842799	9606.ENSP00000220763	0.303	2
1859755	9606.ENSP00000393887	10421	28160
1862281	9606.ENSP00000444823	1.38	13
1857197	9606.ENSP00000369654	2011	7849
1857096	9606.ENSP00000369129	2.6	58
1847834	9606.ENSP00000297185	1.48	8
1849080	9606.ENSP00000308541	2435	13354
1845387	9606.ENSP00000263665	0.289	3
1854857	9606.ENSP00000357708	79.7	33
1859861	9606.ENSP00000395359	30.4	99
1863857	9606.ENSP00000464149	0.245	3
1843024	9606.ENSP00000225430	2.84	1
1847296	9606.ENSP00000291568	96.0	75
1857851	9606.ENSP00000374372	0.151	6
1844139	9606.ENSP00000252593	1.01	1
1859676	9606.ENSP00000392859	0.293	1
1849761	9606.ENSP00000315130	4290	14467
1848188	9606.ENSP00000300527	0.288	2
1856765	9606.ENSP00000367096	0.183	2
1844569	9606.ENSP00000258098	0.12	1
1844491	9606.ENSP00000257192	3.38	26
1851102	9606.ENSP00000329008	3.95	11
1845569	9606.ENSP00000264595	9.66	17
1842452	9606.ENSP00000209718	0.158	2
1854538	9606.ENSP00000356155	0.147	4
1858364	9606.ENSP00000379394	0.211	5
1843535	9606.ENSP00000239761	1.44	48
1853107	9606.ENSP00000346921	1.11	2
1856427	9606.ENSP00000365233	0.057	1
1854577	9606.ENSP00000356348	6.01	8
1847998	9606.ENSP00000298852	0.837	3
1849141	9606.ENSP00000309096	3.03	10
1850474	9606.ENSP00000322706	0.484	2
1849679	9606.ENSP00000314067	0.542	2
1862038	9606.ENSP00000436585	0.533	3
1864747	9606.ENSP00000472280	0.145	1
1846662	9606.ENSP00000280258	14.5	37
1851922	9606.ENSP00000336762	219	287
1844467	9606.ENSP00000256759	19.4	107
1855399	9606.ENSP00000360124	6.08	23
1849901	9606.ENSP00000316772	0.752	3
1851928	9606.ENSP00000336799	6.45	141
1848125	9606.ENSP00000300055	0.261	2
1858171	9606.ENSP00000377783	298	1601
1851407	9606.ENSP00000331901	0.134	2
1843232	9606.ENSP00000230036	88.3	765
1854503	9606.ENSP00000356016	0.064	2
1844225	9606.ENSP00000253408	3.68	13
1856355	9606.ENSP00000364815	0.264	3
1843931	9606.ENSP00000248923	0.202	1
1844111	9606.ENSP00000252242	114	1827
1843367	9606.ENSP00000233809	343	798
1860888	9606.ENSP00000411010	0.604	3
1858151	9606.ENSP00000377570	3.8	48
1847283	9606.ENSP00000291458	2.0	4
1849191	9606.ENSP00000309539	3.01	13
1850133	9606.ENSP00000319281	7.01	12
1856742	9606.ENSP00000366962	11.0	120
1861076	9606.ENSP00000414321	0.936	2
1843461	9606.ENSP00000237500	1.1	4
1848583	9606.ENSP00000303920	1.52	3
1861900	9606.ENSP00000432034	58.3	52
1852214	9606.ENSP00000339399	6.92	21
1852514	9606.ENSP00000341848	0.066	2
1856553	9606.ENSP00000365946	1.33	1
1854716	9606.ENSP00000357025	2.11	3
1850096	9606.ENSP00000318916	0.297	2
1861311	9606.ENSP00000417653	0.973	3
1847690	9606.ENSP00000296149	2.52	7
1857969	9606.ENSP00000375857	0.12	1
1853070	9606.ENSP00000346598	1.74	5
1842448	9606.ENSP00000207549	0.611	5
1850134	9606.ENSP00000319286	17.2	75
1847409	9606.ENSP00000293371	358	121
1843781	9606.ENSP00000245907	7629	121086
1847407	9606.ENSP00000293350	2.46	6
1848523	9606.ENSP00000303373	7.08	127
1843307	9606.ENSP00000232003	3728	16474
1858097	9606.ENSP00000377055	2.59	12
1862740	9606.ENSP00000451112	159	296
1846686	9606.ENSP00000280706	1.04	18
1845694	9606.ENSP00000265112	0.769	4
1855997	9606.ENSP00000362946	0.79	1
1852778	9606.ENSP00000344166	0.074	1
1849734	9606.ENSP00000314807	6.53	40
1849837	9606.ENSP00000316029	27.5	542
1847350	9606.ENSP00000292401	6753	16045
1843069	9606.ENSP00000226004	0.593	1
1853796	9606.ENSP00000352071	18.4	168
1849171	9606.ENSP00000309415	1.17	3
1849445	9606.ENSP00000311648	1.19	36
1844763	9606.ENSP00000260197	0.105	4
1843505	9606.ENSP00000238875	4.82	13
1848465	9606.ENSP00000302886	2.59	9
1848767	9606.ENSP00000305731	30.7	49
1854969	9606.ENSP00000358162	10.4	67
1846131	9606.ENSP00000270139	0.106	1
1859165	9606.ENSP00000386443	0.48	1
1845491	9606.ENSP00000264161	0.27	1
1853025	9606.ENSP00000346173	0.352	1
1860923	9606.ENSP00000411532	0.035	1
1853012	9606.ENSP00000346067	2.4	6
1847732	9606.ENSP00000296456	0.228	2
1852618	9606.ENSP00000342710	112	1785
1842692	9606.ENSP00000218099	106	398
1846958	9606.ENSP00000285379	27.7	68
1852136	9606.ENSP00000338769	1.91	92
1853441	9606.ENSP00000349437	4.14	78
1850081	9606.ENSP00000318822	0.252	1
1851319	9606.ENSP00000331210	0.91	6
1860176	9606.ENSP00000399679	54.0	536
1853317	9606.ENSP00000348577	0.908	6
1858750	9606.ENSP00000382595	0.224	1
1850780	9606.ENSP00000325875	7.81	59
1852917	9606.ENSP00000345282	0.67	6
1848055	9606.ENSP00000299367	456	4017
1853038	9606.ENSP00000346300	4.54	8
1854225	9606.ENSP00000354826	4.35	15
1849130	9606.ENSP00000308938	1869	14513
1855868	9606.ENSP00000362361	0.174	1
1855180	9606.ENSP00000359131	0.653	2
1861342	9606.ENSP00000418081	0.031	1
1852633	9606.ENSP00000342850	399	1487
1843538	9606.ENSP00000239878	5.89	2
1844350	9606.ENSP00000255040	2053	4930
1844079	9606.ENSP00000251691	14.4	334
1862107	9606.ENSP00000438833	33.4	299
1844690	9606.ENSP00000259396	37053	69460
1849729	9606.ENSP00000314733	0.57	1
1844362	9606.ENSP00000255192	0.861	7
1862282	9606.ENSP00000444856	0.079	1
1859645	9606.ENSP00000392423	0.033	1
1851945	9606.ENSP00000336927	78.4	310
1856848	9606.ENSP00000367545	652	2119
1842631	9606.ENSP00000216962	1.47	17
1850730	9606.ENSP00000325376	0.644	5
1857331	9606.ENSP00000370473	2238	5128
1846459	9606.ENSP00000275815	1.13	8
1856787	9606.ENSP00000367202	0.341	5
1844361	9606.ENSP00000255189	1.04	7
1844056	9606.ENSP00000251377	0.334	1
1860446	9606.ENSP00000404011	0.27	44
1853089	9606.ENSP00000346762	0.165	1
1857570	9606.ENSP00000372221	0.54	2
1843728	9606.ENSP00000244601	11.0	120
1858390	9606.ENSP00000379680	0.325	2
1849557	9606.ENSP00000312652	217	358
1852312	9606.ENSP00000340305	0.197	1
1852454	9606.ENSP00000341382	0.335	4
1845688	9606.ENSP00000265087	0.832	1
1844098	9606.ENSP00000252034	13.1	44
1847667	9606.ENSP00000296046	0.483	2
1856330	9606.ENSP00000364709	133	570
1856016	9606.ENSP00000363040	0.612	1
1849891	9606.ENSP00000316664	0.688	6
1845831	9606.ENSP00000265968	4.37	5
1850893	9606.ENSP00000327116	3.63	10
1854690	9606.ENSP00000356919	0.158	1
1848806	9606.ENSP00000306099	14137	56770
1843868	9606.ENSP00000247461	0.263	1
1861922	9606.ENSP00000432799	9.08	11
1857453	9606.ENSP00000371341	0.154	2
1855083	9606.ENSP00000358719	3.99	14
1861288	9606.ENSP00000417354	0.327	2
1843368	9606.ENSP00000233813	512	1156
1852043	9606.ENSP00000337838	0.14	1
1842498	9606.ENSP00000215727	1010	4514
1854962	9606.ENSP00000358151	10.5	115
1857371	9606.ENSP00000370767	0.389	3
1859146	9606.ENSP00000386284	4.05	13
1850459	9606.ENSP00000322542	0.111	1
1853931	9606.ENSP00000353025	111	270
1852426	9606.ENSP00000341189	0.208	1
1851914	9606.ENSP00000336725	1.36	9
1860374	9606.ENSP00000402914	377	239
1855476	9606.ENSP00000360473	2.99	2
1852837	9606.ENSP00000344577	0.271	3
1843693	9606.ENSP00000244007	0.128	3
1862129	9606.ENSP00000439493	1.38	13
1855557	9606.ENSP00000360882	2.36	32
1849381	9606.ENSP00000311121	2.59	10
1842583	9606.ENSP00000216330	3.37	5
1853733	9606.ENSP00000351589	6.41	127
1847596	9606.ENSP00000295633	8.28	22
1849433	9606.ENSP00000311502	2.89	27
1845154	9606.ENSP00000262464	0.06	7
1854480	9606.ENSP00000355922	0.516	14
1842222	9606.ENSP00000053867	80.0	331
1848826	9606.ENSP00000306279	0.965	5
1850635	9606.ENSP00000324343	1.57	6
1858252	9606.ENSP00000378408	6.21	25
1848932	9606.ENSP00000307214	1.1	7
1853438	9606.ENSP00000349428	0.504	2
1860116	9606.ENSP00000398803	0.123	1
1842253	9606.ENSP00000085068	2.6	5
1852914	9606.ENSP00000345259	2.66	14
1859193	9606.ENSP00000386717	1.99	1
1858293	9606.ENSP00000378782	8.13	18
1856467	9606.ENSP00000365439	1.18	4
1862714	9606.ENSP00000450675	2.22	17
1853373	9606.ENSP00000348924	11.0	120
1845966	9606.ENSP00000267814	2.21	6
1845038	9606.ENSP00000261994	161	664
1850064	9606.ENSP00000318635	2.06	8
1852698	9606.ENSP00000343445	1.67	11
1859401	9606.ENSP00000389103	3.17	2
1862475	9606.ENSP00000448035	0.546	4
1852226	9606.ENSP00000339521	9.52	16
1846994	9606.ENSP00000286091	2.59	17
1855168	9606.ENSP00000359074	0.136	1
1855312	9606.ENSP00000359664	116	363
1849997	9606.ENSP00000317955	0.076	1
1855691	9606.ENSP00000361562	2.47	9
1859324	9606.ENSP00000388107	336	838
1843653	9606.ENSP00000243077	1.72	91
1848944	9606.ENSP00000307280	1.81	6
1849621	9606.ENSP00000313420	0.043	2
1845009	9606.ENSP00000261862	0.173	1
1854024	9606.ENSP00000353720	13.7	89
1853220	9606.ENSP00000347823	0.068	6
1852139	9606.ENSP00000338777	1.25	3
1861196	9606.ENSP00000416033	9.13	122
1858022	9606.ENSP00000376372	1.01	4
1849991	9606.ENSP00000317902	2.04	9
1857270	9606.ENSP00000370074	0.368	4
1849839	9606.ENSP00000316032	0.757	15
1854505	9606.ENSP00000356024	0.93	6
1855578	9606.ENSP00000360997	2.02	25
1844399	9606.ENSP00000256001	0.057	1
1853098	9606.ENSP00000346839	752	13295
1851261	9606.ENSP00000330484	1.08	28
1857167	9606.ENSP00000369519	1.13	3
1853064	9606.ENSP00000346550	0.487	2
1851162	9606.ENSP00000329554	1.38	13
1853925	9606.ENSP00000352980	10.4	67
1856326	9606.ENSP00000364697	23.8	72
1857211	9606.ENSP00000369736	41.1	11
1842871	9606.ENSP00000221957	1.29	5
1853039	9606.ENSP00000346316	10.4	67
1860533	9606.ENSP00000405514	0.68	7
1862492	9606.ENSP00000448220	13.6	268
1846239	9606.ENSP00000272233	0.111	1
1845171	9606.ENSP00000262554	0.575	2
1847373	9606.ENSP00000292641	0.921	1
1853253	9606.ENSP00000348064	16.9	59
1847723	9606.ENSP00000296417	5.7	41
1846937	9606.ENSP00000284984	0.562	3
1846880	9606.ENSP00000284031	4.11	12
1845308	9606.ENSP00000263212	0.381	1
1846753	9606.ENSP00000281928	0.064	1
1857190	9606.ENSP00000369618	120	637
1854884	9606.ENSP00000357794	0.237	2
1848262	9606.ENSP00000301242	3.41	3
1843499	9606.ENSP00000238738	0.909	4
1854141	9606.ENSP00000354532	5.0	19
1855491	9606.ENSP00000360532	1.26	15
1853397	9606.ENSP00000349142	0.747	2
1849870	9606.ENSP00000316454	1.01	6
1853623	9606.ENSP00000350708	5.91	15
1845286	9606.ENSP00000263097	2.12	6
1842524	9606.ENSP00000215939	9.87	24
1849982	9606.ENSP00000317780	1.72	1
1850156	9606.ENSP00000319531	0.734	2
1860955	9606.ENSP00000412189	2.36	15
1845029	9606.ENSP00000261937	2.36	31
1842262	9606.ENSP00000156471	0.671	11
1853918	9606.ENSP00000352936	35.3	260
1857466	9606.ENSP00000371420	1.21	5
1862712	9606.ENSP00000450635	0.074	1
1846379	9606.ENSP00000274364	0.412	3
1843407	9606.ENSP00000234677	0.671	3
1853583	9606.ENSP00000350364	4.07	13
1858092	9606.ENSP00000377015	0.151	1
1844702	9606.ENSP00000259486	7.87	72
1860237	9606.ENSP00000400717	0.264	1
1857753	9606.ENSP00000373370	0.699	12
1858199	9606.ENSP00000377958	1.1	5
1854586	9606.ENSP00000356385	4975	13107
1848863	9606.ENSP00000306606	23.0	80
1844266	9606.ENSP00000254043	9.77	469
1842948	9606.ENSP00000222968	2.84	3
1848830	9606.ENSP00000306330	28.8	68
1854202	9606.ENSP00000354722	0.473	1
1861659	9606.ENSP00000425561	0.28	1
1843412	9606.ENSP00000234816	2.71	17
1845697	9606.ENSP00000265132	3780	17732
1844550	9606.ENSP00000257901	4.25	53
1848317	9606.ENSP00000301653	90.5	1276
1849591	9606.ENSP00000313007	0.5	5
1843133	9606.ENSP00000228251	0.206	2
1853352	9606.ENSP00000348812	0.016	1
1851432	9606.ENSP00000332124	1.44	48
1854724	9606.ENSP00000357066	0.222	1
1849608	9606.ENSP00000313199	1.6	2
1845556	9606.ENSP00000264474	68.7	39
1843208	9606.ENSP00000229416	0.956	5
1852558	9606.ENSP00000342137	0.898	1
1843297	9606.ENSP00000231572	0.225	2
1844410	9606.ENSP00000256178	36.8	95
1853324	9606.ENSP00000348634	0.435	26
1859106	9606.ENSP00000386156	0.56	1
1854295	9606.ENSP00000355086	1.23	6
1848918	9606.ENSP00000307132	1.68	2
1856173	9606.ENSP00000363869	0.932	6
1859079	9606.ENSP00000385916	0.416	1
1843191	9606.ENSP00000229270	85.6	263
1855385	9606.ENSP00000360034	2.06	5
1854747	9606.ENSP00000357130	0.175	5
1845788	9606.ENSP00000265709	0.334	6
1843498	9606.ENSP00000238721	0.483	1
1860323	9606.ENSP00000402084	0.342	1
1848279	9606.ENSP00000301329	0.839	3
1855338	9606.ENSP00000359778	0.903	7
1843253	9606.ENSP00000230431	3.54	2
1852993	9606.ENSP00000345968	1486	7349
1848214	9606.ENSP00000300784	0.958	2
1857170	9606.ENSP00000369538	11.2	49
1852781	9606.ENSP00000344193	1534	2254
1844096	9606.ENSP00000252029	0.776	4
1847933	9606.ENSP00000298159	24.7	62
1854760	9606.ENSP00000357189	4.59	10
1862158	9606.ENSP00000440698	201	100
1850752	9606.ENSP00000325594	0.144	1
1849428	9606.ENSP00000311489	0.022	2
1851031	9606.ENSP00000328359	480	1921
1848987	9606.ENSP00000307706	1.77	6
1861534	9606.ENSP00000421592	0.373	1
1854432	9606.ENSP00000355656	7.08	127
1855107	9606.ENSP00000358812	0.194	3
1848251	9606.ENSP00000301149	4.11	10
1848402	9606.ENSP00000302400	6.13	7
1848060	9606.ENSP00000299421	16.4	33
1854502	9606.ENSP00000356015	6.9	15
1851044	9606.ENSP00000328484	6.41	127
1861827	9606.ENSP00000430242	1.74	11
1842661	9606.ENSP00000217386	66.0	76
1842792	9606.ENSP00000220592	0.039	1
1848331	9606.ENSP00000301740	0.06	1
1849069	9606.ENSP00000308430	4.53	3
1852845	9606.ENSP00000344666	0.027	1
1855851	9606.ENSP00000362299	2.74	12
1863674	9606.ENSP00000462023	1.68	3
1842438	9606.ENSP00000206423	2.56	25
1846244	9606.ENSP00000272317	187	838
1851033	9606.ENSP00000328397	0.694	1
1848306	9606.ENSP00000301522	266	436
1846959	9606.ENSP00000285381	3.43	13
1857765	9606.ENSP00000373487	1.22	73
1847629	9606.ENSP00000295834	5.42	7
1858310	9606.ENSP00000378965	0.199	1
1856609	9606.ENSP00000366288	0.543	3
1856920	9606.ENSP00000367991	0.045	1
1857347	9606.ENSP00000370588	0.442	1
1846039	9606.ENSP00000268712	0.055	1
1848092	9606.ENSP00000299698	4.65	270
1858867	9606.ENSP00000383690	318	2110
1857818	9606.ENSP00000374013	1.28	4
1854576	9606.ENSP00000356346	0.601	9
1862289	9606.ENSP00000445175	8.65	46
1860530	9606.ENSP00000405455	29.2	138
1858577	9606.ENSP00000381216	10.4	35
1861341	9606.ENSP00000418070	2.02	12
1846948	9606.ENSP00000285093	9.24	38
1857139	9606.ENSP00000369375	0.485	2
1858832	9606.ENSP00000383392	0.448	4
1853963	9606.ENSP00000353270	0.427	2
1847354	9606.ENSP00000292432	0.089	1
1852905	9606.ENSP00000345179	17310	35386
1855883	9606.ENSP00000362413	51.0	145
1844113	9606.ENSP00000252245	53.2	1258
1842203	9606.ENSP00000037243	0.682	1
1845681	9606.ENSP00000265071	0.215	2
1854698	9606.ENSP00000356954	18.4	79
1843192	9606.ENSP00000229277	4.5	30
1860881	9606.ENSP00000410910	3.71	2
1863068	9606.ENSP00000456711	4.19	74
1847112	9606.ENSP00000288135	3.8	32
1846176	9606.ENSP00000270792	265	75
1851141	9606.ENSP00000329374	664	2476
1844559	9606.ENSP00000257974	3.49	37
1848646	9606.ENSP00000304467	0.434	4
1844183	9606.ENSP00000252999	0.047	2
1861668	9606.ENSP00000425845	0.428	2
1845031	9606.ENSP00000261944	2.13	16
1853724	9606.ENSP00000351503	0.608	4
1861240	9606.ENSP00000416683	235	1298
1854262	9606.ENSP00000354947	0.227	2
1846925	9606.ENSP00000284770	10.2	18
1855955	9606.ENSP00000362744	1.67	4
1844407	9606.ENSP00000256104	38.2	44
1842504	9606.ENSP00000215770	13.5	30
1844250	9606.ENSP00000253792	0.283	4
1860279	9606.ENSP00000401445	1.26	21
1862235	9606.ENSP00000442795	0.222	4
1849067	9606.ENSP00000308405	5.7	41
1847944	9606.ENSP00000298283	0.318	1
1850666	9606.ENSP00000324672	0.946	5
1851241	9606.ENSP00000330307	6.41	127
1850078	9606.ENSP00000318804	1.95	4
1851135	9606.ENSP00000329312	204	1453
1846674	9606.ENSP00000280557	0.588	1
1844122	9606.ENSP00000252455	4.88	20
1855889	9606.ENSP00000362456	0.91	1
1846410	9606.ENSP00000274764	5.64	73
1847746	9606.ENSP00000296511	7.07	19
1854355	9606.ENSP00000355330	0.147	1
1847243	9606.ENSP00000290575	558	3206
1862025	9606.ENSP00000436318	1.85	2
1852430	9606.ENSP00000341214	2.2	11
1860016	9606.ENSP00000397582	0.953	25
1851641	9606.ENSP00000333900	3.83	15
1844958	9606.ENSP00000261654	0.15	1
1842354	9606.ENSP00000188790	0.896	6
1846927	9606.ENSP00000284811	1.09	2
1842548	9606.ENSP00000216122	0.288	2
1854499	9606.ENSP00000355996	14.9	15
1848355	9606.ENSP00000301945	0.371	1
1854929	9606.ENSP00000357981	3.43	11
1844837	9606.ENSP00000260985	5.52	22
1847679	9606.ENSP00000296122	0.262	2
1853084	9606.ENSP00000346694	3.6	9
1853976	9606.ENSP00000353408	23.7	88
1853259	9606.ENSP00000348099	0.192	1
1850089	9606.ENSP00000318883	0.667	2
1862152	9606.ENSP00000440485	1.21	2
1843029	9606.ENSP00000225525	2.68	3
1850202	9606.ENSP00000320043	4.24	6
1847267	9606.ENSP00000290942	3.52	4
1856022	9606.ENSP00000363071	0.324	3
1842630	9606.ENSP00000216951	5.74	22
1862828	9606.ENSP00000453089	0.187	2
1842964	9606.ENSP00000223136	0.519	1
1848318	9606.ENSP00000301656	52.6	1225
1858576	9606.ENSP00000381214	0.004	1
1847845	9606.ENSP00000297268	2.74	35
1855095	9606.ENSP00000358777	0.279	1
1847614	9606.ENSP00000295731	1.86	7
1845460	9606.ENSP00000264025	0.863	6
1854701	9606.ENSP00000356969	92409	113833
1857805	9606.ENSP00000373853	0.145	1
1857945	9606.ENSP00000375622	3.72	14
1853853	9606.ENSP00000352458	80.8	304
1862162	9606.ENSP00000440847	0.238	1
1849942	9606.ENSP00000317257	0.409	1
1849180	9606.ENSP00000309477	2.76	18
1855412	9606.ENSP00000360170	5.1	18
1852412	9606.ENSP00000341094	6.41	127
1849781	9606.ENSP00000315383	0.339	1
1854935	9606.ENSP00000358022	0.916	4
1844877	9606.ENSP00000261267	98.1	84
1843473	9606.ENSP00000237858	41.5	41
1850793	9606.ENSP00000326042	4.03	107
1860189	9606.ENSP00000399947	0.145	2
1848062	9606.ENSP00000299427	1.17	4
1855120	9606.ENSP00000358866	25.3	576
1844273	9606.ENSP00000254108	1.58	3
1862013	9606.ENSP00000435777	4.8	4
1857087	9606.ENSP00000369055	1.15	3
1842623	9606.ENSP00000216802	1.52	3
1843621	9606.ENSP00000242285	2.73	2
1849545	9606.ENSP00000312550	0.569	4
1853877	9606.ENSP00000352627	6.41	127
1845287	9606.ENSP00000263100	5303	18809
1847868	9606.ENSP00000297436	55.1	54
1843846	9606.ENSP00000246957	0.907	6
1844972	9606.ENSP00000261714	2.35	9
1859555	9606.ENSP00000391397	1.77	6
1859883	9606.ENSP00000395650	1.08	38
1856328	9606.ENSP00000364700	0.823	3
1842816	9606.ENSP00000221166	0.015	1
1845501	9606.ENSP00000264202	19.1	37
1855774	9606.ENSP00000361949	0.259	3
1849897	9606.ENSP00000316729	0.109	2
1845923	9606.ENSP00000267119	6.46	176
1853366	9606.ENSP00000348888	14.5	95
1845859	9606.ENSP00000266095	2.16	10
1846327	9606.ENSP00000273550	2.18	5
1860511	9606.ENSP00000405165	0.459	2
1852830	9606.ENSP00000344547	19.5	10
1853450	9606.ENSP00000349493	282	298
1843797	9606.ENSP00000246069	2.4	4
1857282	9606.ENSP00000370129	0.664	7
1857989	9606.ENSP00000376076	1.5	1
1849535	9606.ENSP00000312435	7.52	70
1845943	9606.ENSP00000267426	0.191	2
1852262	9606.ENSP00000339835	0.765	11
1847279	9606.ENSP00000291295	80.3	294
1843624	9606.ENSP00000242338	0.221	1
1842472	9606.ENSP00000211998	22.5	189
1859267	9606.ENSP00000387356	0.748	8
1858614	9606.ENSP00000381504	0.131	1
1860357	9606.ENSP00000402608	10.8	123
1845702	9606.ENSP00000265162	0.859	7
1849740	9606.ENSP00000314910	6.39	30
1846223	9606.ENSP00000272091	0.174	1
1844789	9606.ENSP00000260408	0.096	1
1845393	9606.ENSP00000263686	1.86	21
1846043	9606.ENSP00000268766	2.61	68
1852833	9606.ENSP00000344562	0.12	1
1847500	9606.ENSP00000294724	0.076	1
1854546	9606.ENSP00000356198	3.74	20
1860287	9606.ENSP00000401508	3.45	14
1858769	9606.ENSP00000382777	0.402	2
1858656	9606.ENSP00000381785	0.245	1
1845170	9606.ENSP00000262551	12.8	37
1848128	9606.ENSP00000300060	18.3	169
1858950	9606.ENSP00000384515	2.74	11
1846591	9606.ENSP00000278836	0.357	2
1853302	9606.ENSP00000348461	0.827	5
1858316	9606.ENSP00000379032	0.173	1
1855634	9606.ENSP00000361254	1.89	3
1852179	9606.ENSP00000339155	6.74	53
1856472	9606.ENSP00000365462	1.6	10
1845880	9606.ENSP00000266546	0.13	1
1845250	9606.ENSP00000262948	0.108	1
1844893	9606.ENSP00000261366	1.48	4
1843345	9606.ENSP00000233242	719	28109
1843553	9606.ENSP00000240185	0.509	2
1850070	9606.ENSP00000318687	0.292	6
1852628	9606.ENSP00000342830	1.2	17
1856195	9606.ENSP00000364000	0.066	1
1842356	9606.ENSP00000190983	84.8	93
1856258	9606.ENSP00000364361	0.329	3
1845646	9606.ENSP00000264932	0.605	3
1862912	9606.ENSP00000454746	0.412	1
1842580	9606.ENSP00000216286	0.161	3
1860253	9606.ENSP00000401018	0.181	1
1854685	9606.ENSP00000356905	30.4	146
1845043	9606.ENSP00000262030	3.63	14
1853743	9606.ENSP00000351631	0.321	1
1844363	9606.ENSP00000255194	0.425	4
1847228	9606.ENSP00000290378	27.8	740
1857242	9606.ENSP00000369915	0.657	2
1845676	9606.ENSP00000265056	0.195	2
1853821	9606.ENSP00000352257	0.164	1
1857391	9606.ENSP00000370912	0.806	4
1852441	9606.ENSP00000341289	3.66	69
1855303	9606.ENSP00000359629	6.79	37
1851574	9606.ENSP00000333326	2.37	62
1852772	9606.ENSP00000344115	24.4	180
1861555	9606.ENSP00000422185	0.059	1
1842977	9606.ENSP00000223357	0.246	3
1846102	9606.ENSP00000269576	1602	8515
1856690	9606.ENSP00000366679	6.41	127
1850411	9606.ENSP00000322061	405	3011
1858470	9606.ENSP00000380378	0.488	1
1848033	9606.ENSP00000299213	0.214	1
1842585	9606.ENSP00000216338	0.328	5
1848505	9606.ENSP00000303208	15.5	117
1853868	9606.ENSP00000352575	445	3313
1849863	9606.ENSP00000316333	0.224	1
1858478	9606.ENSP00000380460	0.131	1
1848535	9606.ENSP00000303476	0.609	32
1853041	9606.ENSP00000346340	3.42	3
1843755	9606.ENSP00000245323	9.67	20
1846208	9606.ENSP00000271643	0.268	2
1853629	9606.ENSP00000350757	1.95	2
1858412	9606.ENSP00000379888	1.74	2
1859958	9606.ENSP00000396704	1.23	19
1852636	9606.ENSP00000342886	11.3	106
1848886	9606.ENSP00000306864	29.3	138
1846449	9606.ENSP00000275603	1.3	4
1856133	9606.ENSP00000363641	25.4	34
1861716	9606.ENSP00000427687	25.0	141
1848229	9606.ENSP00000301012	0.688	2
1842974	9606.ENSP00000223321	5.21	30
1850048	9606.ENSP00000318415	0.951	3
1848522	9606.ENSP00000303366	5.94	21
1862155	9606.ENSP00000440594	0.482	6
1856210	9606.ENSP00000364107	0.791	2
1855250	9606.ENSP00000359446	141	599
1851357	9606.ENSP00000331544	117	765
1847586	9606.ENSP00000295550	7.82	228
1861208	9606.ENSP00000416126	2355	2764
1842535	9606.ENSP00000216038	0.191	1
1846765	9606.ENSP00000282050	1.9	8
1842112	9606.ENSP00000001008	0.15	1
1851932	9606.ENSP00000336829	8328	43651
1860567	9606.ENSP00000405965	2.56	8
1857292	9606.ENSP00000370223	0.294	1
1843093	9606.ENSP00000226524	87.8	219
1858987	9606.ENSP00000384863	0.136	1
1848244	9606.ENSP00000301071	4.7	124
1857440	9606.ENSP00000371236	1.34	9
1846216	9606.ENSP00000271835	0.389	1
1846607	9606.ENSP00000278968	0.522	1
1843476	9606.ENSP00000238018	3.66	13
1844152	9606.ENSP00000252699	4.13	68
1842295	9606.ENSP00000166139	13.6	28
1852931	9606.ENSP00000345412	0.192	1
1859160	9606.ENSP00000386394	1.89	3
1854613	9606.ENSP00000356515	1.84	83
1850929	9606.ENSP00000327513	11.2	59
1845847	9606.ENSP00000266041	3597	25414
1842705	9606.ENSP00000218388	121	328
1857102	9606.ENSP00000369146	1.02	6
1845924	9606.ENSP00000267163	0.541	4
1855488	9606.ENSP00000360519	57226	123139
1848764	9606.ENSP00000305714	3.72	34
1843915	9606.ENSP00000248553	10.0	13
1854169	9606.ENSP00000354610	0.898	26
1844989	9606.ENSP00000261772	0.113	1
1855776	9606.ENSP00000361965	0.684	1
1844185	9606.ENSP00000253004	1.21	5
1858257	9606.ENSP00000378430	9102	474
1857442	9606.ENSP00000371271	4.91	4
1844755	9606.ENSP00000260118	145	288
1846255	9606.ENSP00000272424	0.193	1
1851960	9606.ENSP00000337088	0.147	1
1849314	9606.ENSP00000310573	24.3	808
1849021	9606.ENSP00000307940	10.5	58
1858027	9606.ENSP00000376410	0.195	2
1852305	9606.ENSP00000340278	23.2	39
1848717	9606.ENSP00000305260	0.283	3
1843478	9606.ENSP00000238081	7.42	46
1844440	9606.ENSP00000256460	0.352	1
1855521	9606.ENSP00000360687	3068	5230
1859091	9606.ENSP00000386104	0.775	3
1857224	9606.ENSP00000369816	81.7	363
1849943	9606.ENSP00000317271	5.86	8
1850641	9606.ENSP00000324422	9.98	49
1861952	9606.ENSP00000433821	11.0	24
1847164	9606.ENSP00000289352	10.4	67
1860613	9606.ENSP00000406577	0.295	1
1847531	9606.ENSP00000295087	2.38	5
1855687	9606.ENSP00000361554	0.122	1
1864285	9606.ENSP00000470004	12.6	10
1843720	9606.ENSP00000244520	1.01	2
1844856	9606.ENSP00000261182	2.76	7
1842218	9606.ENSP00000052754	1.33	4
1855084	9606.ENSP00000358727	32.5	64
1844948	9606.ENSP00000261601	1.49	5
1849524	9606.ENSP00000312367	0.757	2
1848363	9606.ENSP00000302046	13.4	18
1854902	9606.ENSP00000357861	27.3	151
1846362	9606.ENSP00000274137	0.53	1
1857571	9606.ENSP00000372224	53.7	297
1845725	9606.ENSP00000265333	3.21	11
1860867	9606.ENSP00000410758	1.04	1
1846563	9606.ENSP00000278407	3970	15318
1854924	9606.ENSP00000357922	0.321	2
1857579	9606.ENSP00000372313	0.184	1
1855119	9606.ENSP00000358865	0.024	1
1842561	9606.ENSP00000216190	0.909	4
1856523	9606.ENSP00000365773	4.45	13
1848476	9606.ENSP00000302961	3.13	27
1851218	9606.ENSP00000330101	7.64	425
1842858	9606.ENSP00000221740	2.07	5
1846447	9606.ENSP00000275525	16.0	39
1853445	9606.ENSP00000349467	80.3	294
1842640	9606.ENSP00000217131	6.73	17
1843749	9606.ENSP00000245185	1.77	6
1842925	9606.ENSP00000222553	0.27	2
1856892	9606.ENSP00000367828	25.1	84
1847507	9606.ENSP00000294800	21.8	50
1850164	9606.ENSP00000319623	0.124	1
1849476	9606.ENSP00000311905	3.78	36
1846132	9606.ENSP00000270142	786	541
1845374	9606.ENSP00000263598	10.7	6
1848254	9606.ENSP00000301178	3.86	15
1861732	9606.ENSP00000428209	0.537	1
1851785	9606.ENSP00000334962	0.083	5
1854318	9606.ENSP00000355180	5.97	59
1845635	9606.ENSP00000264870	14.5	105
1842813	9606.ENSP00000221130	1.13	7
1843587	9606.ENSP00000241052	63.9	290
1853820	9606.ENSP00000352252	1.38	13
1862133	9606.ENSP00000439660	1.38	13
1842301	9606.ENSP00000167588	1.88	68
1843190	9606.ENSP00000229268	0.486	3
1858473	9606.ENSP00000380414	0.337	1
1850938	9606.ENSP00000327583	4.01	3
1858990	9606.ENSP00000384880	0.376	1
1843430	9606.ENSP00000235835	3.89	8
1844988	9606.ENSP00000261769	4.39	20
1850879	9606.ENSP00000326888	1.35	13
1852162	9606.ENSP00000339001	4.45	70
1854695	9606.ENSP00000356946	48.2	65
1846008	9606.ENSP00000268251	5.1	28
1844978	9606.ENSP00000261733	0.595	5
1845028	9606.ENSP00000261921	4.59	32
1848074	9606.ENSP00000299518	85.1	303
1855713	9606.ENSP00000361662	16.2	26
1848295	9606.ENSP00000301455	1.14	5
1843854	9606.ENSP00000247153	86.9	341
1843171	9606.ENSP00000228918	0.336	1
1854764	9606.ENSP00000357206	0.101	2
1856921	9606.ENSP00000367992	7.3	21
1844071	9606.ENSP00000251595	6130	15957
1862793	9606.ENSP00000452237	3.33	80
1852537	9606.ENSP00000342012	14.0	32
1861270	9606.ENSP00000417175	0.398	2
1844060	9606.ENSP00000251453	3.04	2
1848631	9606.ENSP00000304355	14.1	21
1854390	9606.ENSP00000355493	0.254	1
1860677	9606.ENSP00000407685	11.1	73
1846175	9606.ENSP00000270776	7.67	43
1853550	9606.ENSP00000350159	10.4	67
1861847	9606.ENSP00000430690	65.4	43
1844112	9606.ENSP00000252244	3214	16040
1846569	9606.ENSP00000278505	0.49	2
1843011	9606.ENSP00000225275	9.39	66
1843157	9606.ENSP00000228740	7.65	49
1851918	9606.ENSP00000336741	0.351	3
1846318	9606.ENSP00000273368	0.881	3
1858155	9606.ENSP00000377583	0.599	5
1843003	9606.ENSP00000224784	21.4	658
1845806	9606.ENSP00000265800	0.908	5
1855861	9606.ENSP00000362334	5.92	13
1856757	9606.ENSP00000367034	10.4	67
1854075	9606.ENSP00000354090	4.63	15
1848228	9606.ENSP00000301011	0.639	4
1857012	9606.ENSP00000368646	2.02	6
1856531	9606.ENSP00000365817	1.4	16
1855378	9606.ENSP00000359991	21.2	61
1858414	9606.ENSP00000379895	4.39	16
1846090	9606.ENSP00000269389	37.5	56
1847293	9606.ENSP00000291554	9.31	7
1847220	9606.ENSP00000290299	2.29	6
1843396	9606.ENSP00000234347	1.07	2
1852989	9606.ENSP00000345895	0.314	2
1847062	9606.ENSP00000287295	0.658	4
1844253	9606.ENSP00000253799	0.277	6
1844020	9606.ENSP00000250784	0.225	2
1853374	9606.ENSP00000348933	11.1	32
1857321	9606.ENSP00000370410	0.032	1
1848327	9606.ENSP00000301729	4.52	10
1847799	9606.ENSP00000296861	0.458	2
1859328	9606.ENSP00000388169	1.22	6
1855237	9606.ENSP00000359393	1.82	3
1851245	9606.ENSP00000330343	8.66	8
1848625	9606.ENSP00000304311	18.2	19
1847349	9606.ENSP00000292385	0.776	2
1857999	9606.ENSP00000376176	5.16	8
1856519	9606.ENSP00000365745	1.5	7
1844920	9606.ENSP00000261479	10.2	31
1857219	9606.ENSP00000369784	0.336	13
1844904	9606.ENSP00000261405	31.6	771
1856037	9606.ENSP00000363162	0.971	1
1863015	9606.ENSP00000456010	0.318	4
1863181	9606.ENSP00000458149	252	365
1861183	9606.ENSP00000415840	26.1	166
1852991	9606.ENSP00000345957	2.34	2
1843991	9606.ENSP00000250101	2.29	2
1859260	9606.ENSP00000387286	2.59	4
1857966	9606.ENSP00000375829	0.266	1
1855769	9606.ENSP00000361927	0.187	1
1842827	9606.ENSP00000221347	13.2	530
1845622	9606.ENSP00000264790	7.78	94
1853282	9606.ENSP00000348307	4.22	37
1843675	9606.ENSP00000243611	394	998
1858016	9606.ENSP00000376309	2.13	5
1848337	9606.ENSP00000301785	0.317	4
1849910	9606.ENSP00000316854	4.03	2
1843031	9606.ENSP00000225550	0.788	78
1858477	9606.ENSP00000380453	0.173	2
1857752	9606.ENSP00000373363	12.2	38
1849670	9606.ENSP00000313967	366	758
1844121	9606.ENSP00000252453	3.85	7
1853356	9606.ENSP00000348822	0.234	1
1842159	9606.ENSP00000009180	5.96	5
1856968	9606.ENSP00000368314	3.62	44
1842460	9606.ENSP00000210313	1.65	20
1854158	9606.ENSP00000354581	2.18	33
1852152	9606.ENSP00000338864	0.147	1
1854689	9606.ENSP00000356918	2.74	7
1858112	9606.ENSP00000377252	0.185	3
1861450	9606.ENSP00000419970	0.385	2
1847344	9606.ENSP00000292327	4.23	6
1849549	9606.ENSP00000312606	3.0	9
1844568	9606.ENSP00000258091	1.33	5
1842124	9606.ENSP00000004982	0.943	1
1858304	9606.ENSP00000378897	0.114	2
1849952	9606.ENSP00000317334	0.076	1
1854472	9606.ENSP00000355890	0.076	1
1850053	9606.ENSP00000318472	13.3	71
1859621	9606.ENSP00000392147	0.475	1
1844076	9606.ENSP00000251643	2.09	161
1858646	9606.ENSP00000381717	7.58	8
1842982	9606.ENSP00000223398	0.2	1
1853800	9606.ENSP00000352119	6.41	127
1862360	9606.ENSP00000447000	0.892	6
1850747	9606.ENSP00000325548	0.318	2
1851808	9606.ENSP00000335084	0.28	2
1851658	9606.ENSP00000333994	6822	15646
1844472	9606.ENSP00000256861	0.11	1
1847815	9606.ENSP00000297012	3.28	87
1842638	9606.ENSP00000217121	2.46	3
1845249	9606.ENSP00000262947	7.5	10
1853349	9606.ENSP00000348786	2.09	6
1856155	9606.ENSP00000363768	265	959
1851824	9606.ENSP00000335246	0.378	2
1856381	9606.ENSP00000364964	0.262	1
1853269	9606.ENSP00000348170	19118	71380
1847295	9606.ENSP00000291565	0.605	1
1845198	9606.ENSP00000262710	0.071	1
1857840	9606.ENSP00000374274	0.153	2
1852545	9606.ENSP00000342056	0.535	2
1851192	9606.ENSP00000329890	3.2	5
1846868	9606.ENSP00000283752	2.45	15
1850148	9606.ENSP00000319464	437	1927
1852721	9606.ENSP00000343635	0.234	1
1843197	9606.ENSP00000229319	36.3	118
1847286	9606.ENSP00000291526	21.8	30
1849303	9606.ENSP00000310491	0.255	1
1850758	9606.ENSP00000325660	4.21	37
1855171	9606.ENSP00000359096	1.08	28
1853610	9606.ENSP00000350580	9.81	111
1856778	9606.ENSP00000367172	56.5	25
1858236	9606.ENSP00000378323	0.202	1
1860415	9606.ENSP00000403536	0.566	1
1844301	9606.ENSP00000254528	6.18	56
1844431	9606.ENSP00000256412	22.7	102
1849131	9606.ENSP00000308944	0.064	1
1843401	9606.ENSP00000234420	0.297	8
1859839	9606.ENSP00000394936	14939	32292
1858683	9606.ENSP00000382004	0.243	3
1848034	9606.ENSP00000299218	0.114	1
1845183	9606.ENSP00000262623	0.125	1
1842474	9606.ENSP00000212355	2.3	16
1862692	9606.ENSP00000450353	0.344	2
1852076	9606.ENSP00000338160	0.997	8
1843252	9606.ENSP00000230419	0.251	3
1845744	9606.ENSP00000265395	1.13	3
1858250	9606.ENSP00000378394	10.9	61
1843956	9606.ENSP00000249330	14.5	81
1844263	9606.ENSP00000254029	0.385	3
1857430	9606.ENSP00000371193	0.198	1
1849775	9606.ENSP00000315299	0.958	9
1847185	9606.ENSP00000289749	177	241
1842666	9606.ENSP00000217426	0.805	3
1858116	9606.ENSP00000377298	0.013	1
1846556	9606.ENSP00000278282	149	78
1856129	9606.ENSP00000363624	33.4	41
1854107	9606.ENSP00000354346	0.154	1
1848614	9606.ENSP00000304229	75.1	77
1856156	9606.ENSP00000363773	1118	2007
1854590	9606.ENSP00000356399	3279	32224
1844509	9606.ENSP00000257497	5.57	14
1851434	9606.ENSP00000332139	755	1764
1848604	9606.ENSP00000304133	1.4	8
1847046	9606.ENSP00000287022	12.4	7
1843651	9606.ENSP00000243052	27.0	170
1853126	9606.ENSP00000347055	0.494	3
1846445	9606.ENSP00000275493	1.91	29
1849980	9606.ENSP00000317721	0.224	1
1849100	9606.ENSP00000308716	9.24	24
1858078	9606.ENSP00000376889	7.42	30
1861631	9606.ENSP00000424595	0.123	1
1843494	9606.ENSP00000238651	0.293	3
1858931	9606.ENSP00000384330	0.24	22
1843395	9606.ENSP00000234313	45.6	95
1857084	9606.ENSP00000369042	0.271	3
1847665	9606.ENSP00000296029	174	295
1842462	9606.ENSP00000210633	0.144	1
1854643	9606.ENSP00000356632	39.2	28
1845803	9606.ENSP00000265753	2.43	2
1847287	9606.ENSP00000291527	21.2	32
1854330	9606.ENSP00000355228	92.2	16
1849707	9606.ENSP00000314458	0.14	2
1847399	9606.ENSP00000293275	205	238
1854968	9606.ENSP00000358160	1.38	13
1848791	9606.ENSP00000305958	2.2	6
1857017	9606.ENSP00000368678	0.741	10
1856657	9606.ENSP00000366513	2.63	15
1847816	9606.ENSP00000297029	0.146	1
1846140	9606.ENSP00000270233	0.665	4
1846086	9606.ENSP00000269349	0.079	1
1844199	9606.ENSP00000253109	0.753	6
1848037	9606.ENSP00000299259	0.52	1
1844108	9606.ENSP00000252172	0.063	9
1846891	9606.ENSP00000284240	35.5	59
1852496	9606.ENSP00000341730	15.7	7
1861989	9606.ENSP00000435096	14.4	7
1845737	9606.ENSP00000265371	7.53	56
1859771	9606.ENSP00000394071	4.79	24
1854837	9606.ENSP00000357624	1.79	3
1850229	9606.ENSP00000320295	1.63	38
1843611	9606.ENSP00000242152	1.28	1
1854887	9606.ENSP00000357799	9.3	5
1842566	9606.ENSP00000216218	1.64	3
1858681	9606.ENSP00000381992	0.742	3
1854209	9606.ENSP00000354739	4.12	6
1845495	9606.ENSP00000264170	0.228	1
1845034	9606.ENSP00000261973	0.149	1
1856957	9606.ENSP00000368244	7.55	42
1855566	9606.ENSP00000360939	1.05	2
1861246	9606.ENSP00000416797	0.158	2
1851127	9606.ENSP00000329243	0.841	71
1849375	9606.ENSP00000311032	0.716	3
1853036	9606.ENSP00000346294	5.48	5
1847035	9606.ENSP00000286788	0.403	2
1846972	9606.ENSP00000285735	2.48	9
1859365	9606.ENSP00000388666	80.2	184
1860659	9606.ENSP00000407375	6.1	14
1858973	9606.ENSP00000384703	0.17	3
1843234	9606.ENSP00000230050	14.2	16
1860096	9606.ENSP00000398632	22.3	182
1849645	9606.ENSP00000313699	0.627	27
1853779	9606.ENSP00000351905	1.15	5
1842994	9606.ENSP00000224181	316	1095
1845040	9606.ENSP00000262017	4.09	74
1849102	9606.ENSP00000308720	156	440
1858474	9606.ENSP00000380427	0.335	6
1842867	9606.ENSP00000221891	7.06	51
1857202	9606.ENSP00000369689	9.19	17
1847597	9606.ENSP00000295640	0.386	2
1844235	9606.ENSP00000253496	530	2012
1858438	9606.ENSP00000380156	5.66	3
1854120	9606.ENSP00000354451	0.062	1
1844813	9606.ENSP00000260665	0.033	1
1848166	9606.ENSP00000300249	0.77	2
1855447	9606.ENSP00000360305	33.1	79
1843124	9606.ENSP00000227667	40785	40567
1848998	9606.ENSP00000307786	17.5	15
1850439	9606.ENSP00000322323	1.51	10
1842522	9606.ENSP00000215912	22.1	45
1851819	9606.ENSP00000335196	0.327	2
1852999	9606.ENSP00000346001	0.68	2
1853424	9606.ENSP00000349320	4.33	43
1843485	9606.ENSP00000238497	0.66	2
1856149	9606.ENSP00000363734	5.02	4
1845535	9606.ENSP00000264381	73.8	349
1848043	9606.ENSP00000299299	1.23	1
1846883	9606.ENSP00000284073	0.422	1
1852382	9606.ENSP00000340900	0.07	2
1859549	9606.ENSP00000391266	2.56	8
1858801	9606.ENSP00000383115	2.89	20
1854001	9606.ENSP00000353581	1.38	13
1844544	9606.ENSP00000257861	0.751	10
1854025	9606.ENSP00000353731	6.38	37
1848911	9606.ENSP00000307078	0.263	3
1849440	9606.ENSP00000311572	1.88	5
1858230	9606.ENSP00000378292	0.082	2
1860210	9606.ENSP00000400175	2.47	9
1846967	9606.ENSP00000285599	0.315	2
1843817	9606.ENSP00000246515	126	83
1853439	9606.ENSP00000349430	11.8	111
1855442	9606.ENSP00000360281	476	2316
1843040	9606.ENSP00000225655	166	208
1846243	9606.ENSP00000272298	80.3	294
1860717	9606.ENSP00000408411	11.8	44
1849639	9606.ENSP00000313603	0.892	9
1858211	9606.ENSP00000378130	862	4351
1859291	9606.ENSP00000387654	20.7	105
1862273	9606.ENSP00000444565	1.03	1
1849071	9606.ENSP00000308452	34.6	563
1850028	9606.ENSP00000318197	3.55	95
1846377	9606.ENSP00000274353	15.0	55
1852542	9606.ENSP00000342026	21.3	46
1844452	9606.ENSP00000256593	0.245	1
1847239	9606.ENSP00000290541	5.44	12
1842490	9606.ENSP00000215570	0.855	1
1848928	9606.ENSP00000307188	3.68	15
1846370	9606.ENSP00000274276	0.981	8
1851878	9606.ENSP00000335620	1.64	5
1846182	9606.ENSP00000271064	0.18	1
1843311	9606.ENSP00000232375	0.138	1
1844678	9606.ENSP00000259253	0.502	5
1853847	9606.ENSP00000352438	0.484	4
1842957	9606.ENSP00000223061	30.3	120
1843175	9606.ENSP00000228938	37.2	80
1855750	9606.ENSP00000361855	1.89	13
1847683	9606.ENSP00000296130	7251	18349
1845172	9606.ENSP00000262570	2.7	3
1850277	9606.ENSP00000320709	55.3	117
1842115	9606.ENSP00000002165	3.48	12
1847778	9606.ENSP00000296695	299	167
1853285	9606.ENSP00000348316	11.1	12
1843274	9606.ENSP00000231061	43.2	97
1848439	9606.ENSP00000302665	6075	2387
1861467	9606.ENSP00000420213	0.67	29
1861079	9606.ENSP00000414359	6.8	22
1847717	9606.ENSP00000296370	14.7	10
1853414	9606.ENSP00000349259	0.361	15
1850046	9606.ENSP00000318406	53.2	533
1862118	9606.ENSP00000439146	0.363	2
1851804	9606.ENSP00000335074	14.4	11
1854817	9606.ENSP00000357516	52.1	111
1849469	9606.ENSP00000311847	56.7	27
1842823	9606.ENSP00000221283	0.998	5
1846543	9606.ENSP00000277903	208	698
1860439	9606.ENSP00000403936	0.254	2
1845836	9606.ENSP00000265983	15034	67452
1858181	9606.ENSP00000377840	1.08	21
1850935	9606.ENSP00000327545	5.32	13
1852883	9606.ENSP00000345008	1.82	8
1856521	9606.ENSP00000365757	0.582	2
1856351	9606.ENSP00000364802	4.3	71
1842819	9606.ENSP00000221204	1.47	5
1851273	9606.ENSP00000330633	0.202	2
1860874	9606.ENSP00000410833	2.68	11
1854765	9606.ENSP00000357218	6.22	11
1852273	9606.ENSP00000339933	0.782	7
1858998	9606.ENSP00000384917	0.158	4
1845210	9606.ENSP00000262753	0.392	2
1843087	9606.ENSP00000226355	631	3515
1852543	9606.ENSP00000342032	5.99	17
1861460	9606.ENSP00000420168	1.72	5
1851030	9606.ENSP00000328358	36.1	1251
1847604	9606.ENSP00000295685	3.32	11
1845677	9606.ENSP00000265062	1.83	2
1858829	9606.ENSP00000383365	1.06	9
1853009	9606.ENSP00000346050	1.09	2
1862300	9606.ENSP00000445831	10.0	116
1848718	9606.ENSP00000305263	29.9	884
1854661	9606.ENSP00000356771	39.7	503
1843036	9606.ENSP00000225603	3.3	5
1858839	9606.ENSP00000383411	2.94	15
1847481	9606.ENSP00000294360	2.25	2
1847272	9606.ENSP00000291009	28.5	42
1857206	9606.ENSP00000369703	2.71	65
1854789	9606.ENSP00000357362	0.014	1
1844155	9606.ENSP00000252725	5.08	14
1853275	9606.ENSP00000348234	0.97	36
1843978	9606.ENSP00000249842	1.15	5
1858792	9606.ENSP00000382982	4.03	107
1857907	9606.ENSP00000375237	0.599	5
1855114	9606.ENSP00000358853	4.14	4
1842290	9606.ENSP00000164139	1.8	19
1853378	9606.ENSP00000348965	0.055	2
1855840	9606.ENSP00000362249	2.53	4
1842635	9606.ENSP00000217073	0.05	1
1853723	9606.ENSP00000351497	1.82	6
1862262	9606.ENSP00000443989	0.363	2
1846691	9606.ENSP00000280800	0.5	3
1851758	9606.ENSP00000334798	9.25	449
1843108	9606.ENSP00000227266	3.56	17
1845311	9606.ENSP00000263238	18.2	53
1843712	9606.ENSP00000244336	4.79	13
1846238	9606.ENSP00000272227	1.47	8
1844292	9606.ENSP00000254351	11.2	23
1844137	9606.ENSP00000252575	0.214	1
1861222	9606.ENSP00000416341	0.071	1
1856578	9606.ENSP00000366124	1559	2398
1842463	9606.ENSP00000211076	0.5	5
1845377	9606.ENSP00000263621	0.198	1
1855533	9606.ENSP00000360762	0.333	1
1849521	9606.ENSP00000312326	5.28	41
1848798	9606.ENSP00000305988	16.6	96
1855709	9606.ENSP00000361642	5.97	18
1850913	9606.ENSP00000327336	0.655	3
1858760	9606.ENSP00000382697	0.039	1
1861691	9606.ENSP00000426909	0.473	2
1845012	9606.ENSP00000261868	0.722	1
1858630	9606.ENSP00000381607	30.6	43
1850888	9606.ENSP00000327070	10.4	28
1845296	9606.ENSP00000263168	2.88	9
1860144	9606.ENSP00000399235	13.3	33
1859026	9606.ENSP00000385269	1.33	3
1845350	9606.ENSP00000263388	0.034	1
1857199	9606.ENSP00000369677	0.346	3
1854732	9606.ENSP00000357080	0.145	1
1845462	9606.ENSP00000264028	0.226	1
1855731	9606.ENSP00000361761	15.8	19
1847351	9606.ENSP00000292408	0.987	4
1842995	9606.ENSP00000224237	15.0	48
1843694	9606.ENSP00000244020	0.499	1
1854842	9606.ENSP00000357644	0.335	1
1851253	9606.ENSP00000330393	0.14	3
1860571	9606.ENSP00000406022	0.058	1
1850407	9606.ENSP00000321988	0.239	1
1844114	9606.ENSP00000252250	107	2139
1848170	9606.ENSP00000300289	13.1	56
1844078	9606.ENSP00000251646	5.74	136
1846443	9606.ENSP00000275428	0.799	2
1858137	9606.ENSP00000377470	0.455	1
1844192	9606.ENSP00000253048	0.979	7
1858308	9606.ENSP00000378957	17.8	33
1850668	9606.ENSP00000324693	17.3	170
1844334	9606.ENSP00000254878	52.7	62
1853478	9606.ENSP00000349687	90.3	112
1854883	9606.ENSP00000357791	16.9	240
1850657	9606.ENSP00000324573	0.059	1
1859092	9606.ENSP00000386105	0.481	2
1862309	9606.ENSP00000446132	0.011	1
1849174	9606.ENSP00000309431	0.695	28
1848876	9606.ENSP00000306752	0.92	3
1848906	9606.ENSP00000307014	7.07	183
1850255	9606.ENSP00000320516	2.66	7
1849036	9606.ENSP00000308137	1.29	2
1850153	9606.ENSP00000319501	0.35	1
1843861	9606.ENSP00000247207	0.837	23
1854966	9606.ENSP00000358158	7.3	121
1858406	9606.ENSP00000379836	0.124	1
1845441	9606.ENSP00000263946	1.35	11
1842377	9606.ENSP00000198765	1.86	6
1852714	9606.ENSP00000343577	0.268	5
1846745	9606.ENSP00000281821	0.08	1
1849280	9606.ENSP00000310275	1.83	1
1860664	9606.ENSP00000407487	65.4	986
1845524	9606.ENSP00000264335	42.6	92
1842337	9606.ENSP00000181383	302	1117
1861789	9606.ENSP00000429374	4.18	4
1852132	9606.ENSP00000338727	0.238	1
1844101	9606.ENSP00000252071	0.109	1
1856431	9606.ENSP00000365255	0.803	20
1857311	9606.ENSP00000370372	0.041	1
1858493	9606.ENSP00000380602	0.247	2
1851214	9606.ENSP00000330074	15.5	10
1854257	9606.ENSP00000354923	0.084	3
1852230	9606.ENSP00000339566	18.0	27
1846380	9606.ENSP00000274368	1.06	5
1854738	9606.ENSP00000357106	1.15	3
1850366	9606.ENSP00000321606	0.052	1
1851078	9606.ENSP00000328808	1.78	28
1853389	9606.ENSP00000349078	0.925	4
1853005	9606.ENSP00000346032	10.3	30
1851519	9606.ENSP00000332790	4.63	101
1851443	9606.ENSP00000332194	7.3	121
1853237	9606.ENSP00000347933	80.8	304
1856460	9606.ENSP00000365402	8.04	45
1852892	9606.ENSP00000345079	10.8	15
1854882	9606.ENSP00000357789	0.139	4
1856899	9606.ENSP00000367869	1.52	6
1853007	9606.ENSP00000346045	0.913	2
1846865	9606.ENSP00000283646	0.293	1
1853780	9606.ENSP00000351908	0.152	3
1850625	9606.ENSP00000324248	1.54	3
1853940	9606.ENSP00000353089	5.36	3
1843329	9606.ENSP00000232975	9.28	13
1845466	9606.ENSP00000264036	14.0	72
1854426	9606.ENSP00000355632	13.1	56
1845572	9606.ENSP00000264605	0.14	1
1850395	9606.ENSP00000321848	4.06	18
1844889	9606.ENSP00000261336	301	7912
1862032	9606.ENSP00000436455	0.302	1
1856453	9606.ENSP00000365370	0.944	5
1842429	9606.ENSP00000205402	3.51	9
1859071	9606.ENSP00000385834	20136	127952
1842615	9606.ENSP00000216714	0.338	1
1842719	9606.ENSP00000219070	7.67	45
1842150	9606.ENSP00000007699	0.152	2
1851846	9606.ENSP00000335397	0.237	1
1858485	9606.ENSP00000380514	1.18	5
1843820	9606.ENSP00000246533	2.53	6
1858162	9606.ENSP00000377696	8.45	15
1852983	9606.ENSP00000345848	0.964	1
1846587	9606.ENSP00000278823	0.734	3
1858331	9606.ENSP00000379138	0.206	3
1846542	9606.ENSP00000277865	13.3	94
1844499	9606.ENSP00000257264	1.48	6
1849150	9606.ENSP00000309148	10.2	27
1843949	9606.ENSP00000249071	0.983	5
1858582	9606.ENSP00000381250	922	2913
1856833	9606.ENSP00000367446	0.133	1
1850612	9606.ENSP00000324105	9.15	36
1862192	9606.ENSP00000441828	5097	34628
1848744	9606.ENSP00000305556	1.16	7
1847965	9606.ENSP00000298510	5.76	12
1845008	9606.ENSP00000261858	0.508	3
1843084	9606.ENSP00000226299	8.21	32
1860604	9606.ENSP00000406478	2.01	34
1862767	9606.ENSP00000451560	0.998	36
1852481	9606.ENSP00000341625	6.56	11
1852680	9606.ENSP00000343282	10.4	67
1847715	9606.ENSP00000296350	18.4	1042
1858269	9606.ENSP00000378517	66.3	173
1845911	9606.ENSP00000267012	3.72	12
1842156	9606.ENSP00000008938	12.5	33
1855278	9606.ENSP00000359539	22.1	85
1843372	9606.ENSP00000233893	39.8	20
1846322	9606.ENSP00000273398	0.414	1
1855113	9606.ENSP00000358851	0.515	3
1842370	9606.ENSP00000196371	0.158	1
1862296	9606.ENSP00000445677	0.016	1
1842240	9606.ENSP00000071281	2.67	6
1843052	9606.ENSP00000225792	0.234	1
1850212	9606.ENSP00000320171	52.8	209
1843038	9606.ENSP00000225614	0.524	1
1849274	9606.ENSP00000310226	1.07	2
1849373	9606.ENSP00000311028	7.39	5
1859001	9606.ENSP00000384967	2.92	9
1861221	9606.ENSP00000416330	29.9	177
1859304	9606.ENSP00000387851	1.91	20
1851300	9606.ENSP00000330959	3.17	13
1856744	9606.ENSP00000366974	10.4	67
1842904	9606.ENSP00000222286	0.209	1
1846105	9606.ENSP00000269593	868	1887
1858573	9606.ENSP00000381198	9.71	152
1853014	9606.ENSP00000346088	15.2	9
1851779	9606.ENSP00000334928	1.25	19
1856217	9606.ENSP00000364140	2.34	19
1861878	9606.ENSP00000431482	1.64	4
1858807	9606.ENSP00000383168	0.257	3
1854504	9606.ENSP00000356022	7.27	14
1852173	9606.ENSP00000339095	1.13	1
1845355	9606.ENSP00000263413	364	3024
1846602	9606.ENSP00000278927	4.05	15
1847784	9606.ENSP00000296755	0.124	1
1850918	9606.ENSP00000327431	189	1828
1857124	9606.ENSP00000369317	113	2143
1844057	9606.ENSP00000251390	5.18	40
1845684	9606.ENSP00000265077	1.07	22
1846716	9606.ENSP00000281243	3.32	12
1854099	9606.ENSP00000354280	60.0	96
1856784	9606.ENSP00000367196	58.9	99
1856010	9606.ENSP00000363018	1.25	4
1860474	9606.ENSP00000404432	0.459	2
1853228	9606.ENSP00000347890	0.15	1
1842784	9606.ENSP00000220478	9.29	32
1854982	9606.ENSP00000358224	0.363	2
1856118	9606.ENSP00000363559	1.11	2
1850597	9606.ENSP00000323927	0.309	2
1858066	9606.ENSP00000376800	34.1	29
1848520	9606.ENSP00000303351	4.29	30
1854895	9606.ENSP00000357835	1.56	3
1855173	9606.ENSP00000359100	1.08	28
1858943	9606.ENSP00000384432	33.9	80
1861509	9606.ENSP00000420939	440	1222
1862854	9606.ENSP00000454071	1.31	7
1857250	9606.ENSP00000369965	8.78	11
1847572	9606.ENSP00000295408	1.71	10
1859040	9606.ENSP00000385479	3.24	15
1848662	9606.ENSP00000304697	128	838
1853321	9606.ENSP00000348602	0.031	1
1843343	9606.ENSP00000233156	19.6	33
1855016	9606.ENSP00000358417	0.553	2
1850309	9606.ENSP00000321070	0.318	1
1844455	9606.ENSP00000256644	0.554	1
1856352	9606.ENSP00000364805	0.601	22
1853903	9606.ENSP00000352835	155	201
1842917	9606.ENSP00000222399	0.802	9
1844408	9606.ENSP00000256119	295	655
1854454	9606.ENSP00000355778	6.23	16
1842433	9606.ENSP00000205948	9596	30838
1843366	9606.ENSP00000233735	28.6	52
1852284	9606.ENSP00000340019	3.21	14
1849166	9606.ENSP00000309334	0.789	1
1849241	9606.ENSP00000309953	0.442	2
1853425	9606.ENSP00000349324	7.79	4
1852861	9606.ENSP00000344818	42.3	838
1859710	9606.ENSP00000393312	2.43	18
1861468	9606.ENSP00000420227	0.161	2
1849425	9606.ENSP00000311469	0.714	3
1854637	9606.ENSP00000356602	0.505	1
1854433	9606.ENSP00000355657	1.03	11
1860871	9606.ENSP00000410815	1502	26026
1846668	9606.ENSP00000280357	0.323	1
1857547	9606.ENSP00000372025	6.85	5
1860771	9606.ENSP00000409197	266	263
1854947	9606.ENSP00000358081	0.139	1
1845213	9606.ENSP00000262768	75.8	157
1858384	9606.ENSP00000379616	0.122	8
1846167	9606.ENSP00000270625	4.69	3
1850335	9606.ENSP00000321334	36.2	930
1846414	9606.ENSP00000274793	0.202	1
1854092	9606.ENSP00000354219	60.0	122
1848152	9606.ENSP00000300175	6.83	12
1842988	9606.ENSP00000223642	427	5637
1845025	9606.ENSP00000261908	1.68	21
1853197	9606.ENSP00000347665	5.44	58
1854963	9606.ENSP00000358153	10.4	67
1858423	9606.ENSP00000380033	0.292	2
1856332	9606.ENSP00000364721	2.79	7
1852546	9606.ENSP00000342070	41.0	137
1849624	9606.ENSP00000313432	4.35	11
1863798	9606.ENSP00000463483	1.02	36
1845042	9606.ENSP00000262027	0.113	1
1860586	9606.ENSP00000406209	0.452	1
1843723	9606.ENSP00000244537	1.11	1
1849789	9606.ENSP00000315476	0.555	1
1852619	9606.ENSP00000342711	2.35	2
1854818	9606.ENSP00000357535	0.878	3
1850110	9606.ENSP00000319060	1.53	6
1843761	9606.ENSP00000245503	0.843	38
1862959	9606.ENSP00000455329	0.718	1
1854861	9606.ENSP00000357727	1245	1307
1846296	9606.ENSP00000273075	2.55	14
1845845	9606.ENSP00000266031	0.635	1
1844456	9606.ENSP00000256646	0.278	11
1853630	9606.ENSP00000350767	10.4	67
1848588	9606.ENSP00000303987	10.2	27
1848179	9606.ENSP00000300413	3.33	3
1853318	9606.ENSP00000348578	1.21	4
1856677	9606.ENSP00000366620	2.59	16
1857438	9606.ENSP00000371230	1.24	2
1862739	9606.ENSP00000451080	0.816	1
1846554	9606.ENSP00000278222	4394	8331
1844430	9606.ENSP00000256404	140	247
1854804	9606.ENSP00000357453	2.11	14
1848411	9606.ENSP00000302486	0.091	1
1857423	9606.ENSP00000371138	16.2	15
1851375	9606.ENSP00000331678	0.091	1
1844738	9606.ENSP00000259938	12.6	11
1848867	9606.ENSP00000306637	0.004	1
1846622	9606.ENSP00000279227	9.63	59
1849380	9606.ENSP00000311113	2.73	29
1857503	9606.ENSP00000371715	0.815	2
1842707	9606.ENSP00000218439	0.693	2
1850291	9606.ENSP00000320886	1.18	12
1849259	9606.ENSP00000310117	0.486	1
1847346	9606.ENSP00000292357	0.308	2
1848914	9606.ENSP00000307096	5.9	15
1853057	9606.ENSP00000346478	0.392	2
1856175	9606.ENSP00000363891	1.67	14
1847783	9606.ENSP00000296754	2.25	19
1848006	9606.ENSP00000298912	2.12	13
1860029	9606.ENSP00000397843	15.4	1
1842275	9606.ENSP00000160262	7.53	34
1842329	9606.ENSP00000176763	0.536	7
1862027	9606.ENSP00000436337	0.191	7
1848758	9606.ENSP00000305675	8.76	16
1854012	9606.ENSP00000353655	0.107	1
1843563	9606.ENSP00000240343	0.933	3
1860837	9606.ENSP00000410294	0.186	2
1854489	9606.ENSP00000355955	1.09	2
1844324	9606.ENSP00000254801	2305	3592
1847163	9606.ENSP00000289316	10.3	116
1858553	9606.ENSP00000381081	5.9	15
1853766	9606.ENSP00000351777	6.04	38
1845208	9606.ENSP00000262746	29.7	88
1850087	9606.ENSP00000318868	1.55	6
1849107	9606.ENSP00000308753	0.636	1
1845252	9606.ENSP00000262958	0.161	1
1862976	9606.ENSP00000455607	0.297	1
1853848	9606.ENSP00000352442	10.3	116
1863115	9606.ENSP00000457330	2.22	17
1848986	9606.ENSP00000307705	30.9	33
1853541	9606.ENSP00000350052	2.98	305
1845027	9606.ENSP00000261918	0.596	3
1854858	9606.ENSP00000357711	55.2	53
1845696	9606.ENSP00000265131	6.03	129
1850897	9606.ENSP00000327145	2.2	62
1851250	9606.ENSP00000330382	1.03	2
1856793	9606.ENSP00000367220	7.66	15
1846084	9606.ENSP00000269321	15.2	14
1846580	9606.ENSP00000278715	0.242	1
1861867	9606.ENSP00000431254	9080	22668
1850962	9606.ENSP00000327801	27.0	70
1847051	9606.ENSP00000287097	3.45	50
1843726	9606.ENSP00000244573	2.78	12
1847627	9606.ENSP00000295822	5.21	27
1849330	9606.ENSP00000310670	2.33	29
1859389	9606.ENSP00000388996	0.208	1
1853912	9606.ENSP00000352918	4.69	5
1844285	9606.ENSP00000254301	1.65	2
1848930	9606.ENSP00000307199	288	241
1861880	9606.ENSP00000431536	0.966	3
1853942	9606.ENSP00000353094	3.37	11
1852107	9606.ENSP00000338413	1.59	20
1844718	9606.ENSP00000259727	0.71	2
1854402	9606.ENSP00000355537	1.23	34
1847404	9606.ENSP00000293308	10.3	278
1846984	9606.ENSP00000285930	11.3	25
1843912	9606.ENSP00000248437	8.46	136
1854754	9606.ENSP00000357156	1167	3288
1858135	9606.ENSP00000377446	5.0	13
1856249	9606.ENSP00000364293	7.0	9
1846066	9606.ENSP00000269141	20.2	129
1842679	9606.ENSP00000217958	0.496	1
1848266	9606.ENSP00000301263	0.989	2
1862700	9606.ENSP00000450399	0.151	1
1860459	9606.ENSP00000404121	0.333	2
1863176	9606.ENSP00000458075	0.463	2
1847151	9606.ENSP00000289004	9.81	35
1852166	9606.ENSP00000339027	1.13	2
1843076	9606.ENSP00000226209	0.164	21
1854153	9606.ENSP00000354573	0.01	1
1842912	9606.ENSP00000222374	0.659	2
1844188	9606.ENSP00000253024	0.434	2
1852793	9606.ENSP00000344259	8.86	9
1858598	9606.ENSP00000381412	0.414	1
1844558	9606.ENSP00000257951	0.36	73
1858193	9606.ENSP00000377941	19.7	206
1842512	9606.ENSP00000215832	0.247	1
1853831	9606.ENSP00000352288	1.56	25
1848121	9606.ENSP00000300026	29.4	35
1851385	9606.ENSP00000331736	1.67	13
1856646	9606.ENSP00000366460	6.85	31
1848848	9606.ENSP00000306477	320	1278
1855943	9606.ENSP00000362688	4.61	12
1845454	9606.ENSP00000264005	76.4	321
1847426	9606.ENSP00000293670	3.4	81
1842645	9606.ENSP00000217182	5.13	49
1861418	9606.ENSP00000419425	127	172
1851917	9606.ENSP00000336740	0.194	1
1848334	9606.ENSP00000301764	0.185	1
1855704	9606.ENSP00000361626	1.12	4
1847903	9606.ENSP00000297785	40.9	145
1849370	9606.ENSP00000310998	0.964	3
1843196	9606.ENSP00000229314	0.498	1
1848102	9606.ENSP00000299767	16.0	98
1851342	9606.ENSP00000331418	4.59	90
1849976	9606.ENSP00000317674	324	1051
1845628	9606.ENSP00000264832	31.8	141
1847420	9606.ENSP00000293525	3.33	80
1848178	9606.ENSP00000300408	1.26	3
1847048	9606.ENSP00000287038	1.33	1
1853048	9606.ENSP00000346402	13.3	65
1844704	9606.ENSP00000259526	23.5	91
1843827	9606.ENSP00000246635	29.2	639
1842913	9606.ENSP00000222381	2121	6407
1850618	9606.ENSP00000324173	30.0	158
1852130	9606.ENSP00000338703	8.91	40
1842558	9606.ENSP00000216181	6.92	108
1856168	9606.ENSP00000363832	0.831	8
1864926	9606.ENSP00000473172	0.598	2
1858612	9606.ENSP00000381494	0.586	5
1851525	9606.ENSP00000332816	0.277	2
1861173	9606.ENSP00000415769	266	1920
1852924	9606.ENSP00000345344	5.45	19
1854860	9606.ENSP00000357726	88.6	44
1854017	9606.ENSP00000353679	0.193	1
1857240	9606.ENSP00000369899	0.346	1
1845235	9606.ENSP00000262890	0.978	2
1846549	9606.ENSP00000278175	20.8	38
1851292	9606.ENSP00000330862	1.11	5
1852328	9606.ENSP00000340466	1.87	17
1862335	9606.ENSP00000446743	1.49	6
1843628	9606.ENSP00000242465	0.562	1
1856192	9606.ENSP00000363993	0.336	1
1851695	9606.ENSP00000334219	1.03	24
1850299	9606.ENSP00000320949	1.34	24
1861819	9606.ENSP00000430031	0.179	4
1862111	9606.ENSP00000438949	1.17	21
1850940	9606.ENSP00000327589	4.26	51
1845763	9606.ENSP00000265512	4.97	23
1844492	9606.ENSP00000257198	11.0	103
1857474	9606.ENSP00000371497	0.334	1
1864786	9606.ENSP00000472469	37.9	15
1843064	9606.ENSP00000225964	30.4	491
1844979	9606.ENSP00000261735	5.42	11
1858912	9606.ENSP00000384193	0.421	2
1845519	9606.ENSP00000264279	0.208	1
1848429	9606.ENSP00000302620	12.8	45
1857461	9606.ENSP00000371393	0.226	1
1852164	9606.ENSP00000339007	4.63	10
1858999	9606.ENSP00000384957	38.6	247
1852912	9606.ENSP00000345230	267	321
1856751	9606.ENSP00000366999	1.38	13
1846311	9606.ENSP00000273308	1.02	4
1843303	9606.ENSP00000231751	32.4	1120
1861661	9606.ENSP00000425634	1.38	3
1856686	9606.ENSP00000366662	0.73	1
1853131	9606.ENSP00000347140	9.01	24
1855078	9606.ENSP00000358708	0.53	2
1844902	9606.ENSP00000261401	14.0	34
1845584	9606.ENSP00000264657	0.877	4
1861773	9606.ENSP00000429084	0.121	5
1843785	9606.ENSP00000245932	12.4	28
1861540	9606.ENSP00000421736	0.094	1
1856276	9606.ENSP00000364475	24.0	80
1860195	9606.ENSP00000400010	7.61	92
1842174	9606.ENSP00000013034	5.3	24
1855246	9606.ENSP00000359417	0.501	2
1851291	9606.ENSP00000330842	0.004	1
1849018	9606.ENSP00000307900	1.34	3
1845565	9606.ENSP00000264553	4.32	13
1853015	9606.ENSP00000346103	0.416	1
1858063	9606.ENSP00000376793	12951	53593
1853681	9606.ENSP00000351190	1744	13212
1851624	9606.ENSP00000333769	1.01	3
1855661	9606.ENSP00000361405	9.01	58
1857030	9606.ENSP00000368752	5.57	15
1842591	9606.ENSP00000216392	2.08	20
1854011	9606.ENSP00000353654	0.911	21
1843711	9606.ENSP00000244333	0.509	3
1846703	9606.ENSP00000281081	0.444	1
1850599	9606.ENSP00000323929	6310	89513
1847132	9606.ENSP00000288666	0.221	2
1842888	9606.ENSP00000222145	0.207	1
1848467	9606.ENSP00000302896	2.01	2
1844815	9606.ENSP00000260702	1.97	68
1842236	9606.ENSP00000064571	0.38	1
1851506	9606.ENSP00000332721	0.336	1
1843948	9606.ENSP00000249066	344	971
1849903	9606.ENSP00000316779	0.468	2
1853556	9606.ENSP00000350199	0.098	1
1846685	9606.ENSP00000280704	1.15	18
1857908	9606.ENSP00000375238	0.599	5
1857091	9606.ENSP00000369081	4.72	19
1850750	9606.ENSP00000325564	3.7	2
1845136	9606.ENSP00000262418	1.97	12
1858108	9606.ENSP00000377192	4.4	18
1846796	9606.ENSP00000282470	11.0	86
1862989	9606.ENSP00000455744	5.21	30
1850447	9606.ENSP00000322421	6130	15957
1842421	9606.ENSP00000204679	7.41	19
1847044	9606.ENSP00000287008	0.061	1
1845087	9606.ENSP00000262193	6.31	14
1848653	9606.ENSP00000304592	0.766	14
1857088	9606.ENSP00000369071	4.1	29
1843022	9606.ENSP00000225426	4.36	6
1853477	9606.ENSP00000349679	0.868	1
1854964	9606.ENSP00000358154	3.24	15
1843362	9606.ENSP00000233668	0.185	1
1843060	9606.ENSP00000225899	1.72	105
1845660	9606.ENSP00000264993	3.62	4
1848430	9606.ENSP00000302621	800	2403
1844708	9606.ENSP00000259607	21.7	20
1845596	9606.ENSP00000264690	540	3183
1843176	9606.ENSP00000228945	22.2	22
1852038	9606.ENSP00000337773	2.86	8
1859218	9606.ENSP00000386896	0.252	2
1842386	9606.ENSP00000199764	1.56	4
1858463	9606.ENSP00000380334	0.219	1
1845149	9606.ENSP00000262455	4.51	11
1843448	9606.ENSP00000237014	55702	110253
1861362	9606.ENSP00000418529	1.23	3
1858060	9606.ENSP00000376776	32.7	213
1845468	9606.ENSP00000264039	0.193	1
1859791	9606.ENSP00000394316	0.414	1
1859428	9606.ENSP00000389465	1.68	3
1842214	9606.ENSP00000044462	10.9	20
1852022	9606.ENSP00000337632	2.49	6
1861946	9606.ENSP00000433721	0.528	2
1856229	9606.ENSP00000364212	10.2	14
1844939	9606.ENSP00000261574	0.09	1
1848580	9606.ENSP00000303908	2.94	10
1853267	9606.ENSP00000348163	11.3	77
1843434	9606.ENSP00000236147	85.4	161
1853646	9606.ENSP00000350896	0.323	2
1861328	9606.ENSP00000417864	4.41	6
1851493	9606.ENSP00000332613	2.05	5
1848910	9606.ENSP00000307077	0.066	1
1858703	9606.ENSP00000382177	0.462	9
1853404	9606.ENSP00000349168	0.157	1
1842723	9606.ENSP00000219150	23.4	55
1848799	9606.ENSP00000305995	2.32	16
1860352	9606.ENSP00000402551	1.37	3
1848515	9606.ENSP00000303276	388	735
1845840	9606.ENSP00000265997	1.07	9
1853777	9606.ENSP00000351885	3.54	7
1847518	9606.ENSP00000295006	1.2	5
1845947	9606.ENSP00000267484	0.231	1
1852244	9606.ENSP00000339730	13.5	125
1858149	9606.ENSP00000377558	1.81	96
1850072	9606.ENSP00000318697	0.971	33
1858461	9606.ENSP00000380318	1.74	5
1849038	9606.ENSP00000308165	0.67	3
1844879	9606.ENSP00000261292	1.61	5
1851142	9606.ENSP00000329380	7.85	34
1848637	9606.ENSP00000304408	0.555	9
1847657	9606.ENSP00000295984	0.381	2
1847601	9606.ENSP00000295666	199	434
1844468	9606.ENSP00000256785	96.1	1026
1844115	9606.ENSP00000252252	170	2707
1849694	9606.ENSP00000314299	3725	14020
1855988	9606.ENSP00000362900	0.418	1
1853981	9606.ENSP00000353452	0.193	3
1847002	9606.ENSP00000286301	10.1	51
1844670	9606.ENSP00000259206	2.46	4
1846298	9606.ENSP00000273130	0.284	1
1858336	9606.ENSP00000379157	5.01	22
1852957	9606.ENSP00000345656	34.6	76
1850680	9606.ENSP00000324804	0.243	1
1852389	9606.ENSP00000340944	0.248	1
1857513	9606.ENSP00000371798	0.795	5
1858134	9606.ENSP00000377430	1.97	10
1858077	9606.ENSP00000376886	11.5	27
1852864	9606.ENSP00000344829	0.201	1
1854587	9606.ENSP00000356386	7.68	40
1844327	9606.ENSP00000254810	6.23	16
1854773	9606.ENSP00000357283	4.11	20
1854649	9606.ENSP00000356671	8414	33195
1844876	9606.ENSP00000261263	0.63	2
1849035	9606.ENSP00000308117	0.107	1
1848031	9606.ENSP00000299198	13.7	37
1857956	9606.ENSP00000375736	9.53	109
1861575	9606.ENSP00000422846	14.2	44
1847443	9606.ENSP00000293831	1.67	10
1847411	9606.ENSP00000293379	0.577	5
1842503	9606.ENSP00000215754	6.18	15
1849481	9606.ENSP00000311997	0.048	3
1845629	9606.ENSP00000264833	0.748	3
1860849	9606.ENSP00000410452	9.31	8
1843898	9606.ENSP00000248098	0.49	1
1848964	9606.ENSP00000307513	0.252	4
1862170	9606.ENSP00000441032	0.084	1
1847722	9606.ENSP00000296412	6.21	16
1853177	9606.ENSP00000347495	3.53	13
1850688	9606.ENSP00000324857	0.16	1
1842672	9606.ENSP00000217515	0.282	1
1857763	9606.ENSP00000373477	2713	4768
1844162	9606.ENSP00000252804	0.131	2
1851508	9606.ENSP00000332723	2.84	9
1856769	9606.ENSP00000367123	7.85	40
1855678	9606.ENSP00000361508	47.8	303
1842740	9606.ENSP00000219302	4.9	8
1845834	9606.ENSP00000265978	0.372	2
1857277	9606.ENSP00000370115	8.43	28
1843081	9606.ENSP00000226253	23.8	101
1853008	9606.ENSP00000346046	0.913	2
1854859	9606.ENSP00000357721	251	312
1861478	9606.ENSP00000420381	0.661	2
1851302	9606.ENSP00000331019	0.357	1
1855050	9606.ENSP00000358547	0.344	1
1848169	9606.ENSP00000300283	0.295	1
1845134	9606.ENSP00000262407	2.71	23
1846694	9606.ENSP00000280904	1.0	9
1854965	9606.ENSP00000358155	7.3	121
1844308	9606.ENSP00000254630	0.191	1
1862334	9606.ENSP00000446714	14.6	22
1861690	9606.ENSP00000426906	10.6	22
1855309	9606.ENSP00000359645	0.992	3
1852144	9606.ENSP00000338799	1.75	13
1854304	9606.ENSP00000355124	7.49	372
1846206	9606.ENSP00000271638	34.3	27
1851793	9606.ENSP00000335024	3.05	15
1854928	9606.ENSP00000357980	0.538	3
1847728	9606.ENSP00000296440	0.888	11
1855272	9606.ENSP00000359525	0.573	2
1853276	9606.ENSP00000348258	10.4	67
1843349	9606.ENSP00000233468	2.39	2
1855599	9606.ENSP00000361076	3.67	7
1849342	9606.ENSP00000310749	1.28	5
1856368	9606.ENSP00000364883	0.179	1
1847334	9606.ENSP00000292169	2.08	2
1843095	9606.ENSP00000226578	0.726	5
1849420	9606.ENSP00000311430	1.89	3
1845046	9606.ENSP00000262033	10.6	12
1856555	9606.ENSP00000365963	1.4	1
1848200	9606.ENSP00000300648	0.03	1
1850607	9606.ENSP00000324025	0.914	2
1844740	9606.ENSP00000259951	0.351	6
1850396	9606.ENSP00000321853	1558	6138
1852298	9606.ENSP00000340211	3.12	4
1854940	9606.ENSP00000358045	145	751
1859246	9606.ENSP00000387176	1.23	117
1860870	9606.ENSP00000410769	2.37	3
1849553	9606.ENSP00000312625	5.05	24
1843977	9606.ENSP00000249822	6.26	7
1842675	9606.ENSP00000217893	0.511	1
1851445	9606.ENSP00000332204	0.256	2
1848504	9606.ENSP00000303206	11.3	29
1854595	9606.ENSP00000356425	0.245	1
1849566	9606.ENSP00000312697	0.358	1
1843690	9606.ENSP00000243924	304	202
1846523	9606.ENSP00000277120	1.56	11
1851211	9606.ENSP00000330054	15.3	74
1843828	9606.ENSP00000246646	0.694	83
1855365	9606.ENSP00000359910	6.39	19
1860218	9606.ENSP00000400376	0.529	4
1845353	9606.ENSP00000263408	839	3982
1842300	9606.ENSP00000167586	102	1310
1856198	9606.ENSP00000364016	0.796	1
1858441	9606.ENSP00000380177	10.3	116
1850346	9606.ENSP00000321389	7.08	127
1843477	9606.ENSP00000238044	1.15	2
1853652	9606.ENSP00000350941	0.429	2
1843075	9606.ENSP00000226207	0.59	33
1849395	9606.ENSP00000311224	0.326	3
1847502	9606.ENSP00000294728	20.3	132
1856886	9606.ENSP00000367794	0.19	1
1850592	9606.ENSP00000323889	0.389	2
1861539	9606.ENSP00000421725	5162	24539
1860141	9606.ENSP00000399168	3.37	28
1858906	9606.ENSP00000384169	0.2	3
1859618	9606.ENSP00000392094	3.86	32
1845906	9606.ENSP00000266970	0.345	1
1850384	9606.ENSP00000321744	11.0	120
1850719	9606.ENSP00000325240	12.2	24
1854122	9606.ENSP00000354458	347	1926
1860696	9606.ENSP00000407952	0.294	2
1861420	9606.ENSP00000419449	0.881	1
1850066	9606.ENSP00000318646	2.33	2
1861975	9606.ENSP00000434516	0.391	5
1853938	9606.ENSP00000353074	11.0	120
1848807	9606.ENSP00000306100	0.079	1
1854219	9606.ENSP00000354791	0.061	1
1844727	9606.ENSP00000259818	2.71	65
1846529	9606.ENSP00000277480	156	318
1852398	9606.ENSP00000340989	5.8	29
1846923	9606.ENSP00000284719	0.431	2
1847386	9606.ENSP00000292896	169	1739
1861073	9606.ENSP00000414287	51.3	418
1843405	9606.ENSP00000234590	16.3	74
1855757	9606.ENSP00000361878	11.9	54
1848361	9606.ENSP00000302021	0.777	1
1858515	9606.ENSP00000380795	0.598	1
1849944	9606.ENSP00000317272	0.822	10
1843439	9606.ENSP00000236671	34.0	240
1856565	9606.ENSP00000366050	13.3	18
1861022	9606.ENSP00000413479	5.77	266
1852510	9606.ENSP00000341826	3.34	9
1849066	9606.ENSP00000308383	0.183	1
1845035	9606.ENSP00000261978	8.05	111
1847312	9606.ENSP00000291744	9.93	38
1845102	9606.ENSP00000262269	0.09	7
1848971	9606.ENSP00000307567	0.325	2
1844942	9606.ENSP00000261590	2.18	21
1844373	9606.ENSP00000255381	0.156	20
1851909	9606.ENSP00000336702	16.2	45
1863869	9606.ENSP00000464265	111	792
1858122	9606.ENSP00000377372	0.665	1
1852220	9606.ENSP00000339467	0.709	3
1844176	9606.ENSP00000252951	40.4	218
1861337	9606.ENSP00000417970	17.9	512
1853680	9606.ENSP00000351157	0.927	4
1855369	9606.ENSP00000359939	1.04	1
1860278	9606.ENSP00000401437	0.882	5
1854014	9606.ENSP00000353660	0.884	1
1845899	9606.ENSP00000266732	0.613	5
1856252	9606.ENSP00000364310	4.8	124
