#id: 24
#name: H.sapiens - Liver, Fetal liver, SC (DLPEP,2005)
#score: 7.79
#weight: 100%
#description: abundance based on Spectral counting, Fetal liver, from<a href="http://hlpic.hupo.org.cn/dblep/main.jsf" target="_blank">DLPEP,2005</a><br/><b>Interaction consistency score</b>: 7.79&nbsp<b>Coverage</b>: 10
#organ: LIVER
#integrated: false
#coverage: 10
#publication_year: 2005
#filename: 9606-Human_fetal_liver_dblep..txt
#
#internal_id	string_external_id	abundance	raw_spectral_count
1852739	9606.ENSP00000343764	1.34	4
1842950	9606.ENSP00000222982	145	12
1847584	9606.ENSP00000295522	242	1
1849474	9606.ENSP00000311888	165	6
1850064	9606.ENSP00000318635	43.0	2
1859994	9606.ENSP00000397178	39.0	2
1849997	9606.ENSP00000317955	11.9	2
1858156	9606.ENSP00000377616	7.47	3
1843626	9606.ENSP00000242375	183	7
1845371	9606.ENSP00000263578	0.078	1
1859255	9606.ENSP00000387262	49.0	4
1854999	9606.ENSP00000358312	20.4	1
1857149	9606.ENSP00000369419	68.4	3
1848245	9606.ENSP00000301072	2669	308
1858412	9606.ENSP00000379888	594	14
1854901	9606.ENSP00000357858	136	4
1855883	9606.ENSP00000362413	745	32
1861398	9606.ENSP00000419119	302	1
1852518	9606.ENSP00000341885	64.3	2
1858079	9606.ENSP00000376899	8.68	1
1854706	9606.ENSP00000356988	27.7	1
1857559	9606.ENSP00000372136	1134	13
1851447	9606.ENSP00000332215	7.62	1
1849731	9606.ENSP00000314776	15.6	1
1850586	9606.ENSP00000323856	52.1	25
1860535	9606.ENSP00000405573	112	5
1842172	9606.ENSP00000012134	3.69	1
1846003	9606.ENSP00000268182	4.51	1
1855852	9606.ENSP00000362300	0.018	1
1845339	9606.ENSP00000263368	1248	18
1845583	9606.ENSP00000264651	9.42	3
1853151	9606.ENSP00000347271	749	9
1842898	9606.ENSP00000222256	4.87	2
1849979	9606.ENSP00000317714	71.7	2
1842289	9606.ENSP00000164133	29.9	2
1853422	9606.ENSP00000349305	4.17	1
1844198	9606.ENSP00000253108	85.1	2
1855639	9606.ENSP00000361280	906	9
1863597	9606.ENSP00000461324	161	6
1854563	9606.ENSP00000356265	4.85	2
1845114	9606.ENSP00000262306	285	6
1842608	9606.ENSP00000216500	96.8	3
1858619	9606.ENSP00000381565	19.2	2
1853670	9606.ENSP00000351108	174	6
1842673	9606.ENSP00000217652	1176	55
1854397	9606.ENSP00000355518	277	6
1862970	9606.ENSP00000455507	1.12	1
1854615	9606.ENSP00000356520	50.2	5
1846609	9606.ENSP00000279022	170	11
1850713	9606.ENSP00000325136	1096	54
1848508	9606.ENSP00000303222	194	5
1855072	9606.ENSP00000358674	51.8	1
1848903	9606.ENSP00000306999	10.7	1
1854819	9606.ENSP00000357540	150	1
1847588	9606.ENSP00000295571	0.059	1
1849813	9606.ENSP00000315713	26.6	2
1859087	9606.ENSP00000386049	23.0	3
1849425	9606.ENSP00000311469	54.2	4
1845411	9606.ENSP00000263774	554	20
1843722	9606.ENSP00000244534	11035	559
1843731	9606.ENSP00000244661	3126	125
1855516	9606.ENSP00000360671	302	25
1847610	9606.ENSP00000295713	0.024	1
1856190	9606.ENSP00000363985	18.2	1
1852109	9606.ENSP00000338477	175	11
1862814	9606.ENSP00000452762	496	14
1847664	9606.ENSP00000296028	40.2	1
1859392	9606.ENSP00000389026	0.271	1
1851610	9606.ENSP00000333664	1661	36
1853814	9606.ENSP00000352208	3.22	2
1842990	9606.ENSP00000223862	17.4	1
1848820	9606.ENSP00000306223	41.5	4
1855086	9606.ENSP00000358737	317	13
1855858	9606.ENSP00000362329	37.8	1
1861487	9606.ENSP00000420487	27.3	3
1847542	9606.ENSP00000295137	803	209
1846450	9606.ENSP00000275605	34.7	1
1842404	9606.ENSP00000202677	12.2	3
1860790	9606.ENSP00000409382	2.57	2
1846344	9606.ENSP00000273920	44.1	1
1844077	9606.ENSP00000251645	44.7	5
1844353	9606.ENSP00000255084	2.07	1
1861438	9606.ENSP00000419751	154	13
1855592	9606.ENSP00000361043	13.0	1
1851944	9606.ENSP00000336923	7.85	1
1852440	9606.ENSP00000341285	630	52
1849234	9606.ENSP00000309836	13.3	2
1856438	9606.ENSP00000365289	1.22	1
1852649	9606.ENSP00000343002	28.8	1
1858325	9606.ENSP00000379090	10.6	1
1845148	9606.ENSP00000262450	4.67	1
1846625	9606.ENSP00000279247	61.5	5
1858476	9606.ENSP00000380450	17.4	1
1843666	9606.ENSP00000243346	28.7	1
1850181	9606.ENSP00000319781	2.21	2
1846187	9606.ENSP00000271308	377	9
1855855	9606.ENSP00000362308	260	4
1843354	9606.ENSP00000233596	1523	28
1846328	9606.ENSP00000273588	44.2	1
1850511	9606.ENSP00000323074	7.19	1
1848824	9606.ENSP00000306261	11.3	6
1847172	9606.ENSP00000289416	0.032	1
1842851	9606.ENSP00000221566	300	12
1860788	9606.ENSP00000409370	11.5	2
1853243	9606.ENSP00000347988	591	2
1854428	9606.ENSP00000355645	926	240
1846241	9606.ENSP00000272252	262	7
1861786	9606.ENSP00000429301	2854	32
1842532	9606.ENSP00000216034	92.7	1
1845094	9606.ENSP00000262215	2.41	1
1855543	9606.ENSP00000360817	16.0	3
1850002	9606.ENSP00000318016	8.35	1
1843632	9606.ENSP00000242577	227	4
1854897	9606.ENSP00000357838	465	12
1854604	9606.ENSP00000356448	20.1	5
1858158	9606.ENSP00000377640	96.5	1
1845779	9606.ENSP00000265627	20.7	1
1860567	9606.ENSP00000405965	60.9	2
1852777	9606.ENSP00000344162	23.4	1
1843473	9606.ENSP00000237858	175	1
1846014	9606.ENSP00000268379	62.9	2
1848151	9606.ENSP00000300161	881	42
1847841	9606.ENSP00000297258	166	3
1852302	9606.ENSP00000340261	76.9	1
1843442	9606.ENSP00000236850	1390	55
1845181	9606.ENSP00000262613	84.6	4
1859665	9606.ENSP00000392709	56.5	3
1842815	9606.ENSP00000221138	14.9	1
1845244	9606.ENSP00000262919	0.022	1
1846812	9606.ENSP00000282641	4.72	1
1857211	9606.ENSP00000369736	522	5
1848801	9606.ENSP00000306010	483	14
1858188	9606.ENSP00000377892	147	10
1852975	9606.ENSP00000345774	51.8	4
1847517	9606.ENSP00000294973	141	4
1847050	9606.ENSP00000287078	0.058	1
1857794	9606.ENSP00000373730	6869	388
1863411	9606.ENSP00000459775	12.0	1
1850267	9606.ENSP00000320646	20.1	1
1857407	9606.ENSP00000371040	15.9	1
1842148	9606.ENSP00000007414	0.023	1
1845020	9606.ENSP00000261890	96.7	5
1856800	9606.ENSP00000367265	479	30
1852037	9606.ENSP00000337761	5.64	2
1851850	9606.ENSP00000335463	0.01	1
1852904	9606.ENSP00000345175	0.059	1
1851377	9606.ENSP00000331682	20.0	1
1854069	9606.ENSP00000354045	344	40
1853180	9606.ENSP00000347507	0.47	1
1843971	9606.ENSP00000249647	43.5	1
1854113	9606.ENSP00000354394	12.5	1
1859859	9606.ENSP00000395328	452	2
1845492	9606.ENSP00000264162	125	18
1845528	9606.ENSP00000264350	0.024	1
1844299	9606.ENSP00000254508	9.75	1
1845616	9606.ENSP00000264758	43.8	2
1861685	9606.ENSP00000426638	49.3	3
1842446	9606.ENSP00000207437	268	14
1855051	9606.ENSP00000358548	69.9	6
1857297	9606.ENSP00000370254	933	50
1847448	9606.ENSP00000293872	19.5	2
1844723	9606.ENSP00000259791	6969	351
1852724	9606.ENSP00000343656	13.5	3
1855915	9606.ENSP00000362576	14.3	1
1848939	9606.ENSP00000307260	40.5	2
1862079	9606.ENSP00000438125	30.9	1
1843392	9606.ENSP00000234296	20.3	1
1851281	9606.ENSP00000330737	44.4	1
1862615	9606.ENSP00000449535	12.1	1
1856660	9606.ENSP00000366525	12941	145
1853064	9606.ENSP00000346550	963	60
1845188	9606.ENSP00000262637	0.078	1
1844628	9606.ENSP00000258729	52.5	3
1861517	9606.ENSP00000421191	8.87	1
1844988	9606.ENSP00000261769	141	6
1852843	9606.ENSP00000344655	24.2	1
1843305	9606.ENSP00000231887	385	31
1862173	9606.ENSP00000441269	10.8	1
1856159	9606.ENSP00000363794	180	6
1848019	9606.ENSP00000299138	62.7	6
1852826	9606.ENSP00000344504	1569	25
1862683	9606.ENSP00000450244	0.024	1
1853333	9606.ENSP00000348706	1493	173
1853096	9606.ENSP00000346827	69.2	5
1852730	9606.ENSP00000343690	158	9
1852071	9606.ENSP00000338082	22334	1379
1854466	9606.ENSP00000355865	0.045	1
1842620	9606.ENSP00000216780	361	25
1847808	9606.ENSP00000296930	1107	26
1844776	9606.ENSP00000260323	4.57	2
1855499	9606.ENSP00000360569	172	5
1843066	9606.ENSP00000225972	106	3
1859957	9606.ENSP00000396688	7.78	1
1855273	9606.ENSP00000359526	35.6	1
1853568	9606.ENSP00000350275	3126	125
1847654	9606.ENSP00000295971	6.37	1
1844989	9606.ENSP00000261772	102	9
1852205	9606.ENSP00000339374	19.2	1
1849625	9606.ENSP00000313437	18.7	1
1856491	9606.ENSP00000365569	310	22
1849373	9606.ENSP00000311028	2144	26
1846563	9606.ENSP00000278407	83.8	3
1856140	9606.ENSP00000363676	847	11
1862126	9606.ENSP00000439444	33.6	3
1851354	9606.ENSP00000331514	3783	465
1849957	9606.ENSP00000317385	0.11	1
1856500	9606.ENSP00000365630	1.83	2
1849164	9606.ENSP00000309285	14.4	1
1846836	9606.ENSP00000283179	281	13
1854270	9606.ENSP00000354964	3.49	1
1846377	9606.ENSP00000274353	101	4
1853659	9606.ENSP00000351035	439	7
1842671	9606.ENSP00000217456	481	29
1853595	9606.ENSP00000350425	0.041	1
1843445	9606.ENSP00000236959	81.5	5
1842682	9606.ENSP00000217971	3519	36
1845971	9606.ENSP00000267853	41.0	8
1854904	9606.ENSP00000357873	2872	97
1851809	9606.ENSP00000335091	37.4	1
1843439	9606.ENSP00000236671	401	20
1849703	9606.ENSP00000314414	10.9	2
1844012	9606.ENSP00000250495	56.0	1
1854942	9606.ENSP00000358060	0.028	1
1844799	9606.ENSP00000260563	29.4	1
1848600	9606.ENSP00000304102	63.1	1
1843033	9606.ENSP00000225573	56.1	2
1851755	9606.ENSP00000334738	30.9	1
1854201	9606.ENSP00000354721	78.7	1
1849358	9606.ENSP00000310861	1000	153
1856984	9606.ENSP00000368438	299	7
1843357	9606.ENSP00000233616	280	16
1845249	9606.ENSP00000262947	321	4
1845171	9606.ENSP00000262554	48.5	1
1845812	9606.ENSP00000265838	1791	59
1850035	9606.ENSP00000318297	28.3	1
1850394	9606.ENSP00000321845	16.7	1
1856748	9606.ENSP00000366988	17.3	1
1863104	9606.ENSP00000457168	9.04	2
1848253	9606.ENSP00000301175	34.3	1
1845637	9606.ENSP00000264893	144	5
1849029	9606.ENSP00000308024	10.0	1
1845269	9606.ENSP00000263036	0.027	1
1843454	9606.ENSP00000237283	221	3
1846951	9606.ENSP00000285208	4.79	2
1844971	9606.ENSP00000261712	37.7	2
1858302	9606.ENSP00000378887	47.9	2
1850113	9606.ENSP00000319096	59.1	1
1861507	9606.ENSP00000420914	870	70
1858681	9606.ENSP00000381992	20.6	1
1848928	9606.ENSP00000307188	211	13
1848044	9606.ENSP00000299300	123	7
1845520	9606.ENSP00000264312	38.5	1
1862734	9606.ENSP00000450995	19.9	4
1859169	9606.ENSP00000386456	17.0	1
1853538	9606.ENSP00000350036	5.68	1
1843857	9606.ENSP00000247178	0.111	1
1851571	9606.ENSP00000333298	179	4
1861898	9606.ENSP00000432016	2.22	1
1851568	9606.ENSP00000333277	3494	125
1847224	9606.ENSP00000290349	172	9
1863947	9606.ENSP00000466298	0.104	1
1844278	9606.ENSP00000254193	343	8
1853957	9606.ENSP00000353224	581	56
1844144	9606.ENSP00000252603	276	6
1860202	9606.ENSP00000400101	179	14
1843813	9606.ENSP00000246194	104	3
1857764	9606.ENSP00000373485	0.03	1
1862194	9606.ENSP00000441875	891	38
1854878	9606.ENSP00000357775	75.1	2
1855566	9606.ENSP00000360939	143	6
1852653	9606.ENSP00000343040	640	23
1854006	9606.ENSP00000353624	3632	710
1854914	9606.ENSP00000357901	0.091	1
1844715	9606.ENSP00000259708	16.3	1
1852043	9606.ENSP00000337838	44.4	3
1847580	9606.ENSP00000295470	80.3	6
1856676	9606.ENSP00000366618	1493	173
1842716	9606.ENSP00000219054	8.2	1
1850362	9606.ENSP00000321544	0.034	1
1853365	9606.ENSP00000348886	1257	21
1846728	9606.ENSP00000281456	140	18
1854265	9606.ENSP00000354957	0.02	1
1860968	9606.ENSP00000412324	72.2	6
1860801	9606.ENSP00000409612	113	4
1842464	9606.ENSP00000211122	320	24
1850327	9606.ENSP00000321259	257	10
1861891	9606.ENSP00000431872	28.3	1
1855806	9606.ENSP00000362110	146	4
1846064	9606.ENSP00000269122	204	47
1855671	9606.ENSP00000361467	0.012	1
1853645	9606.ENSP00000350894	345	17
1846735	9606.ENSP00000281589	7.17	1
1850467	9606.ENSP00000322594	5.61	2
1853944	9606.ENSP00000353099	15.3	1
1845299	9606.ENSP00000263181	8.9	1
1855221	9606.ENSP00000359345	31.7	1
1853105	9606.ENSP00000346916	0.037	1
1857438	9606.ENSP00000371230	359	11
1854723	9606.ENSP00000357060	7.38	3
1848935	9606.ENSP00000307240	34.8	9
1847779	9606.ENSP00000296702	5.36	1
1856583	9606.ENSP00000366156	43.4	1
1852575	9606.ENSP00000342267	54.6	1
1845757	9606.ENSP00000265462	985	25
1843807	9606.ENSP00000246117	48.4	3
1847902	9606.ENSP00000297784	4.11	1
1863943	9606.ENSP00000466214	88.0	2
1863037	9606.ENSP00000456318	159	4
1854339	9606.ENSP00000355261	28.5	2
1842214	9606.ENSP00000044462	0.152	1
1850080	9606.ENSP00000318821	0.032	1
1848223	9606.ENSP00000300935	8.15	3
1842451	9606.ENSP00000209668	1991	95
1857365	9606.ENSP00000370737	50.0	4
1842741	9606.ENSP00000219313	74.7	2
1855864	9606.ENSP00000362352	54.6	1
1854963	9606.ENSP00000358153	3632	710
1845674	9606.ENSP00000265044	337	2
1854562	9606.ENSP00000356263	39.9	1
1861219	9606.ENSP00000416293	83.1	2
1846262	9606.ENSP00000272452	10.4	1
1847909	9606.ENSP00000297848	12.5	2
1844246	9606.ENSP00000253727	0.048	1
1856545	9606.ENSP00000365906	40.5	2
1853004	9606.ENSP00000346027	130	1
1843937	9606.ENSP00000248975	1096	52
1843224	9606.ENSP00000229824	14.3	2
1854809	9606.ENSP00000357474	57.4	5
1849698	9606.ENSP00000314348	63.4	5
1848473	9606.ENSP00000302936	33.3	1
1858179	9606.ENSP00000377833	808	31
1844373	9606.ENSP00000255381	0.47	1
1853135	9606.ENSP00000347168	3632	710
1861834	9606.ENSP00000430333	6.02	1
1856888	9606.ENSP00000367802	18.0	1
1853119	9606.ENSP00000347005	18.7	1
1856102	9606.ENSP00000363482	3.28	1
1849500	9606.ENSP00000312143	6.14	1
1857338	9606.ENSP00000370526	169	8
1855976	9606.ENSP00000362820	3461	69
1846901	9606.ENSP00000284320	161	5
1860553	9606.ENSP00000405726	1.01	1
1854141	9606.ENSP00000354532	182	6
1849309	9606.ENSP00000310557	145	2
1842505	9606.ENSP00000215773	383	10
1853454	9606.ENSP00000349508	7.01	1
1853504	9606.ENSP00000349873	6869	388
1854730	9606.ENSP00000357075	277	10
1842599	9606.ENSP00000216455	112	3
1855595	9606.ENSP00000361057	242	3
1858243	9606.ENSP00000378350	0.034	1
1858063	9606.ENSP00000376793	170	6
1847208	9606.ENSP00000290158	36.6	3
1843077	9606.ENSP00000226218	70.4	3
1843747	9606.ENSP00000245121	13.2	1
1854450	9606.ENSP00000355759	81.7	7
1843162	9606.ENSP00000228825	97.7	2
1842551	9606.ENSP00000216129	12.8	1
1845140	9606.ENSP00000262428	93.9	2
1843407	9606.ENSP00000234677	87.8	4
1852723	9606.ENSP00000343645	7.1	1
1858743	9606.ENSP00000382518	0.03	1
1861121	9606.ENSP00000414920	0.06	1
1853596	9606.ENSP00000350447	8.55	1
1858149	9606.ENSP00000377558	26.6	5
1849273	9606.ENSP00000310219	278	41
1845134	9606.ENSP00000262407	15.5	1
1857244	9606.ENSP00000369927	432	45
1848669	9606.ENSP00000304769	15.2	1
1844251	9606.ENSP00000253794	26.9	1
1843750	9606.ENSP00000245206	1635	61
1861575	9606.ENSP00000422846	10.6	1
1850617	9606.ENSP00000324172	4.11	1
1847374	9606.ENSP00000292644	14.8	1
1845641	9606.ENSP00000264908	52.6	2
1855382	9606.ENSP00000360021	125	1
1851406	9606.ENSP00000331897	265	14
1856418	9606.ENSP00000365167	5.86	1
1856376	9606.ENSP00000364934	369	11
1851117	9606.ENSP00000329165	0.775	1
1855272	9606.ENSP00000359525	152	7
1852321	9606.ENSP00000340409	20.2	2
1857560	9606.ENSP00000372155	243	11
1845362	9606.ENSP00000263519	4.29	1
1854078	9606.ENSP00000354111	263	2
1859942	9606.ENSP00000396527	244	6
1848401	9606.ENSP00000302397	172	30
1845797	9606.ENSP00000265729	31.3	1
1842182	9606.ENSP00000016171	0.068	1
1848521	9606.ENSP00000303356	294	8
1843779	9606.ENSP00000245838	5.2	1
1844986	9606.ENSP00000261755	358	14
1850145	9606.ENSP00000319388	87.8	5
1857811	9606.ENSP00000373918	16.4	1
1842405	9606.ENSP00000202773	1627	25
1855907	9606.ENSP00000362551	0.059	1
1852949	9606.ENSP00000345555	20.5	1
1858918	9606.ENSP00000384223	0.038	1
1861567	9606.ENSP00000422533	0.017	1
1857456	9606.ENSP00000371362	192	9
1843004	9606.ENSP00000224807	32.8	1
1842894	9606.ENSP00000222247	252	4
1847940	9606.ENSP00000298248	230	10
1856150	9606.ENSP00000363745	75.7	6
1848617	9606.ENSP00000304236	103	1
1845226	9606.ENSP00000262854	4.8	1
1851466	9606.ENSP00000332371	19.0	5
1861060	9606.ENSP00000414109	0.052	1
1861920	9606.ENSP00000432768	4.13	1
1846079	9606.ENSP00000269243	212	44
1843149	9606.ENSP00000228515	4.97	1
1842303	9606.ENSP00000168216	57.9	1
1846296	9606.ENSP00000273075	28.1	1
1844391	9606.ENSP00000255746	24.4	1
1849232	9606.ENSP00000309830	167	1
1856397	9606.ENSP00000365025	111	2
1844475	9606.ENSP00000256925	28.1	1
1844013	9606.ENSP00000250498	570	7
1862707	9606.ENSP00000450560	10.3	1
1848837	9606.ENSP00000306382	27.7	3
1855403	9606.ENSP00000360147	49.8	3
1849340	9606.ENSP00000310726	286	2
1852848	9606.ENSP00000344683	104	5
1849816	9606.ENSP00000315757	124	14
1852335	9606.ENSP00000340510	5.07	2
1849459	9606.ENSP00000311747	60.5	3
1860451	9606.ENSP00000404042	68.6	1
1856191	9606.ENSP00000363988	3027	111
1852251	9606.ENSP00000339795	814	24
1853058	9606.ENSP00000346483	184	3
1858306	9606.ENSP00000378920	24.9	1
1845985	9606.ENSP00000268042	28.7	1
1854818	9606.ENSP00000357535	1387	31
1854131	9606.ENSP00000354498	6.78	1
1853648	9606.ENSP00000350914	82.7	4
1848906	9606.ENSP00000307014	69.8	10
1843634	9606.ENSP00000242592	113	5
1853675	9606.ENSP00000351138	24.1	1
1845429	9606.ENSP00000263867	202	6
1842152	9606.ENSP00000007735	11.3	3
1843786	9606.ENSP00000245934	9.43	1
1856279	9606.ENSP00000364486	171	7
1857558	9606.ENSP00000372126	1134	13
1863897	9606.ENSP00000464814	79.8	3
1845206	9606.ENSP00000262738	0.01	1
1848014	9606.ENSP00000299022	125	2
1843830	9606.ENSP00000246662	795	32
1855336	9606.ENSP00000359772	34.7	2
1850618	9606.ENSP00000324173	3133	205
1856790	9606.ENSP00000367208	33.9	2
1859907	9606.ENSP00000396045	5.95	1
1861566	9606.ENSP00000422496	23.2	1
1861848	9606.ENSP00000430706	567	11
1842374	9606.ENSP00000196551	633	9
1844034	9606.ENSP00000251047	168	6
1844605	9606.ENSP00000258424	811	12
1843718	9606.ENSP00000244513	15.2	1
1852270	9606.ENSP00000339916	0.034	1
1855494	9606.ENSP00000360541	110	6
1847973	9606.ENSP00000298556	16.7	1
1845475	9606.ENSP00000264071	662	251
1842319	9606.ENSP00000173527	141	4
1854079	9606.ENSP00000354125	10.2	1
1860237	9606.ENSP00000400717	74.4	3
1854430	9606.ENSP00000355651	1.99	2
1858928	9606.ENSP00000384296	58.4	4
1853456	9606.ENSP00000349541	323	2
1845519	9606.ENSP00000264279	19.5	1
1852098	9606.ENSP00000338345	232	3
1853244	9606.ENSP00000347997	1.87	1
1856003	9606.ENSP00000362979	29.8	1
1862728	9606.ENSP00000450909	104	2
1856350	9606.ENSP00000364801	139	46
1851550	9606.ENSP00000333142	8.86	1
1852819	9606.ENSP00000344460	25.8	1
1852133	9606.ENSP00000338728	0.012	1
1845192	9606.ENSP00000262646	71.5	3
1845636	9606.ENSP00000264883	18.6	1
1851905	9606.ENSP00000336666	155	1
1843123	9606.ENSP00000227665	0.058	1
1862121	9606.ENSP00000439189	319	213
1842206	9606.ENSP00000039007	267	11
1852001	9606.ENSP00000337450	2362	111
1846562	9606.ENSP00000278379	331	9
1856670	9606.ENSP00000366581	3632	710
1862244	9606.ENSP00000443191	0.032	1
1852527	9606.ENSP00000341957	0.036	1
1847848	9606.ENSP00000297283	155	17
1861076	9606.ENSP00000414321	64.7	1
1843595	9606.ENSP00000241337	20.5	2
1848306	9606.ENSP00000301522	5828	74
1845763	9606.ENSP00000265512	189	10
1843319	9606.ENSP00000232564	65.2	6
1852559	9606.ENSP00000342143	28.9	1
1843292	9606.ENSP00000231487	151	3
1847742	9606.ENSP00000296503	2115	59
1858903	9606.ENSP00000384144	192	15
1859702	9606.ENSP00000393241	1608	24
1845841	9606.ENSP00000266000	20.8	1
1857065	9606.ENSP00000368959	104	1
1847637	9606.ENSP00000295897	4495	400
1851015	9606.ENSP00000328245	15.9	1
1845266	9606.ENSP00000263026	13.7	1
1845764	9606.ENSP00000265517	420	36
1849852	9606.ENSP00000316176	292	7
1852018	9606.ENSP00000337561	161	1
1849179	9606.ENSP00000309474	11.6	1
1862639	9606.ENSP00000449784	2.13	1
1846074	9606.ENSP00000269209	8.28	1
1843256	9606.ENSP00000230538	0.013	1
1854480	9606.ENSP00000355922	5.79	3
1849092	9606.ENSP00000308610	15.8	1
1844127	9606.ENSP00000252486	542	17
1848823	9606.ENSP00000306253	2.43	3
1843185	9606.ENSP00000229239	5306	130
1847163	9606.ENSP00000289316	1493	173
1847810	9606.ENSP00000296953	0.044	1
1850234	9606.ENSP00000320324	28.9	4
1852034	9606.ENSP00000337746	42.1	1
1850321	9606.ENSP00000321209	0.074	1
1853952	9606.ENSP00000353157	117	2
1852134	9606.ENSP00000338742	11.5	2
1849628	9606.ENSP00000313490	10.8	1
1846869	9606.ENSP00000283871	28.7	1
1843041	9606.ENSP00000225665	36.6	1
1842246	9606.ENSP00000078429	35.7	1
1846473	9606.ENSP00000276079	1070	36
1858915	9606.ENSP00000384211	6.02	1
1858484	9606.ENSP00000380505	1.21	2
1850745	9606.ENSP00000325527	6.93	2
1853254	9606.ENSP00000348068	264	10
1853021	9606.ENSP00000346148	40.5	2
1854502	9606.ENSP00000356015	600	8
1855790	9606.ENSP00000362041	260	6
1848070	9606.ENSP00000299492	9.37	1
1852586	9606.ENSP00000342374	1748	28
1846498	9606.ENSP00000276480	12.3	1
1843218	9606.ENSP00000229729	29.2	1
1861781	9606.ENSP00000429243	45.8	3
1857971	9606.ENSP00000375863	0.035	1
1854039	9606.ENSP00000353820	0.039	1
1845781	9606.ENSP00000265641	214	15
1850086	9606.ENSP00000318867	168	7
1843120	9606.ENSP00000227525	847	18
1857956	9606.ENSP00000375736	1921	105
1857837	9606.ENSP00000374260	16.0	1
1854230	9606.ENSP00000354841	261	8
1853950	9606.ENSP00000353142	19.8	1
1861419	9606.ENSP00000419446	34.7	3
1842346	9606.ENSP00000184266	474	4
1850612	9606.ENSP00000324105	277	13
1860014	9606.ENSP00000397552	56.1	3
1853009	9606.ENSP00000346050	145	4
1863725	9606.ENSP00000462730	266	40
1845966	9606.ENSP00000267814	116	3
1853843	9606.ENSP00000352420	98.7	1
1852902	9606.ENSP00000345156	446	11
1851783	9606.ENSP00000334952	10.7	1
1855127	9606.ENSP00000358896	34.5	2
1858246	9606.ENSP00000378360	161	5
1844179	9606.ENSP00000252992	0.036	1
1859666	9606.ENSP00000392718	235	164
1852719	9606.ENSP00000343629	4.09	1
1850172	9606.ENSP00000319690	2586	111
1849395	9606.ENSP00000311224	104	9
1843483	9606.ENSP00000238341	15.7	3
1846162	9606.ENSP00000270586	224	4
1846350	9606.ENSP00000273986	347	6
1856927	9606.ENSP00000368030	25.3	2
1861828	9606.ENSP00000430269	55.7	2
1854354	9606.ENSP00000355325	67.0	2
1855892	9606.ENSP00000362463	572	8
1845155	9606.ENSP00000262477	6.62	1
1847333	9606.ENSP00000292147	38.8	1
1850918	9606.ENSP00000327431	16514	1167
1845724	9606.ENSP00000265322	66.5	3
1850961	9606.ENSP00000327796	0.079	1
1845010	9606.ENSP00000261866	0.011	1
1859755	9606.ENSP00000393887	323	6
1862281	9606.ENSP00000444823	3126	125
1855068	9606.ENSP00000358635	110	7
1857197	9606.ENSP00000369654	1575	280
1854054	9606.ENSP00000353920	0.031	1
1844580	9606.ENSP00000258201	10.4	1
1847834	9606.ENSP00000297185	1426	118
1851714	9606.ENSP00000334375	0.057	1
1849080	9606.ENSP00000308541	22.7	1
1851874	9606.ENSP00000335614	0.022	1
1855159	9606.ENSP00000359035	0.015	1
1852858	9606.ENSP00000344789	10.0	2
1863971	9606.ENSP00000466950	191	14
1846497	9606.ENSP00000276461	264	18
1850340	9606.ENSP00000321347	7.77	1
1852510	9606.ENSP00000341826	674	58
1861607	9606.ENSP00000423820	12.4	1
1860753	9606.ENSP00000408994	0.045	1
1857851	9606.ENSP00000374372	75.0	19
1844139	9606.ENSP00000252593	293	5
1843190	9606.ENSP00000229268	26.5	2
1858641	9606.ENSP00000381693	11.9	2
1849761	9606.ENSP00000315130	64.5	2
1848188	9606.ENSP00000300527	27.2	3
1859761	9606.ENSP00000393963	9.0	2
1845755	9606.ENSP00000265447	25.0	1
1843197	9606.ENSP00000229319	459	19
1855527	9606.ENSP00000360718	4.79	2
1844901	9606.ENSP00000261396	17.2	1
1843535	9606.ENSP00000239761	22.7	5
1842891	9606.ENSP00000222214	102	2
1847998	9606.ENSP00000298852	46.7	2
1842516	9606.ENSP00000215882	78.9	3
1850474	9606.ENSP00000322706	331	28
1859688	9606.ENSP00000393066	15.5	1
1850609	9606.ENSP00000324064	74.5	4
1858441	9606.ENSP00000380177	1493	173
1855121	9606.ENSP00000358867	75.1	5
1842511	9606.ENSP00000215829	435	3
1851928	9606.ENSP00000336799	3007	326
1849502	9606.ENSP00000312158	95.5	3
1847815	9606.ENSP00000297012	6146	331
1851407	9606.ENSP00000331901	246	13
1855779	9606.ENSP00000361993	81.7	1
1851832	9606.ENSP00000335304	280	11
1855862	9606.ENSP00000362335	725	16
1843931	9606.ENSP00000248923	184	22
1844111	9606.ENSP00000252242	36.2	15
1853377	9606.ENSP00000348959	0.037	1
1858151	9606.ENSP00000377570	4.78	1
1847283	9606.ENSP00000291458	68.3	1
1842884	9606.ENSP00000222120	3.76	2
1862852	9606.ENSP00000454021	85.7	1
1844761	9606.ENSP00000260187	42.1	2
1861348	9606.ENSP00000418194	5.94	1
1843461	9606.ENSP00000237500	1176	55
1854210	9606.ENSP00000354742	14.8	1
1848774	9606.ENSP00000305804	0.032	1
1852214	9606.ENSP00000339399	391	16
1852514	9606.ENSP00000341848	7.62	4
1854001	9606.ENSP00000353581	3126	125
1861311	9606.ENSP00000417653	74.2	3
1858245	9606.ENSP00000378359	88.2	2
1853070	9606.ENSP00000346598	822	47
1858249	9606.ENSP00000378368	128	9
1842641	9606.ENSP00000217133	268	140
1843992	9606.ENSP00000250111	105	3
1843781	9606.ENSP00000245907	27.8	4
1848523	9606.ENSP00000303373	6969	351
1846636	9606.ENSP00000279488	12.6	1
1843459	9606.ENSP00000237449	0.005	1
1847403	9606.ENSP00000293303	0.023	1
1856799	9606.ENSP00000367263	4.59	2
1846686	9606.ENSP00000280706	133	23
1845694	9606.ENSP00000265112	60.1	5
1855997	9606.ENSP00000362946	2.3	2
1852778	9606.ENSP00000344166	28.1	4
1849655	9606.ENSP00000313829	199	4
1843544	9606.ENSP00000239940	109	2
1843069	9606.ENSP00000226004	156	5
1848713	9606.ENSP00000305221	21.2	1
1851542	9606.ENSP00000333018	62.9	1
1852052	9606.ENSP00000337915	614	52
1848465	9606.ENSP00000302886	79.0	5
1854969	9606.ENSP00000358162	3632	710
1848170	9606.ENSP00000300289	2694	175
1859369	9606.ENSP00000388731	26.9	4
1845491	9606.ENSP00000264161	11.8	1
1853025	9606.ENSP00000346173	806	32
1851525	9606.ENSP00000332816	12.1	2
1853012	9606.ENSP00000346067	1033	53
1847666	9606.ENSP00000296043	26.8	6
1850578	9606.ENSP00000323795	0.201	1
1851814	9606.ENSP00000335153	925	149
1858498	9606.ENSP00000380661	3.66	1
1853599	9606.ENSP00000350475	26.1	1
1854443	9606.ENSP00000355731	2.39	2
1847121	9606.ENSP00000288266	1.56	1
1860980	9606.ENSP00000412566	41.5	4
1846781	9606.ENSP00000282286	25.3	2
1850081	9606.ENSP00000318822	104	3
1856498	9606.ENSP00000365624	3.11	1
1848681	9606.ENSP00000304891	11.0	1
1844791	9606.ENSP00000260442	0.1	1
1846568	9606.ENSP00000278483	221	2
1853644	9606.ENSP00000350881	0.041	1
1862262	9606.ENSP00000443989	40.3	3
1845819	9606.ENSP00000265866	490	12
1854775	9606.ENSP00000357292	1.75	1
1850780	9606.ENSP00000325875	1104	158
1851961	9606.ENSP00000337103	0.029	1
1845348	9606.ENSP00000263383	72.6	4
1854225	9606.ENSP00000354826	27.6	2
1860306	9606.ENSP00000401802	19.7	1
1853299	9606.ENSP00000348455	0.038	1
1846031	9606.ENSP00000268668	582	15
1861621	9606.ENSP00000424198	0.041	1
1848658	9606.ENSP00000304669	108	8
1844079	9606.ENSP00000251691	4.64	1
1842582	9606.ENSP00000216297	11.2	1
1850921	9606.ENSP00000327453	7.42	1
1849729	9606.ENSP00000314733	115	2
1844362	9606.ENSP00000255192	21.0	2
1845879	9606.ENSP00000266544	111	7
1851945	9606.ENSP00000336927	462	15
1858372	9606.ENSP00000379475	91.7	8
1842631	9606.ENSP00000216962	30.0	6
1863294	9606.ENSP00000458954	0.053	1
1850730	9606.ENSP00000325376	1622	102
1842411	9606.ENSP00000203407	450	19
1846238	9606.ENSP00000272227	5038	143
1858901	9606.ENSP00000384115	11.3	1
1844750	9606.ENSP00000260056	4.38	2
1853420	9606.ENSP00000349297	225	18
1842239	9606.ENSP00000070846	114	13
1846914	9606.ENSP00000284562	422	25
1860446	9606.ENSP00000404011	1609	182
1853089	9606.ENSP00000346762	72.7	7
1843112	9606.ENSP00000227378	1249	125
1857220	9606.ENSP00000369785	36.6	1
1847965	9606.ENSP00000298510	2256	52
1861988	9606.ENSP00000435061	31.1	1
1852312	9606.ENSP00000340305	50.1	4
1850262	9606.ENSP00000320567	138	1
1843276	9606.ENSP00000231130	0.057	1
1858220	9606.ENSP00000378167	22.6	3
1850752	9606.ENSP00000325594	11.0	1
1842933	9606.ENSP00000222673	12.7	1
1842711	9606.ENSP00000218721	42.1	1
1849949	9606.ENSP00000317331	2292	39
1857448	9606.ENSP00000371308	6.93	1
1848806	9606.ENSP00000306099	537	31
1851393	9606.ENSP00000331787	1049	21
1843868	9606.ENSP00000247461	1419	76
1854932	9606.ENSP00000357998	8.79	1
1861288	9606.ENSP00000417354	14.9	1
1850446	9606.ENSP00000322419	578	8
1845265	9606.ENSP00000263025	12.4	1
1848467	9606.ENSP00000302896	1343	14
1852740	9606.ENSP00000343765	14.2	1
1842388	9606.ENSP00000199936	168	4
1858160	9606.ENSP00000377665	0.021	1
1854962	9606.ENSP00000358151	2159	133
1859146	9606.ENSP00000386284	65.5	2
1846677	9606.ENSP00000280605	0.048	1
1843639	9606.ENSP00000242776	91.8	8
1853931	9606.ENSP00000353025	57.5	1
1844784	9606.ENSP00000260385	81.9	2
1858287	9606.ENSP00000378720	42.4	6
1858286	9606.ENSP00000378712	0.093	1
1851241	9606.ENSP00000330307	6869	388
1849381	9606.ENSP00000311121	41.1	2
1842583	9606.ENSP00000216330	38.6	1
1853733	9606.ENSP00000351589	6869	388
1860356	9606.ENSP00000402595	0.069	1
1861789	9606.ENSP00000429374	129	2
1844356	9606.ENSP00000255120	83.9	8
1845561	9606.ENSP00000264501	18.4	8
1860230	9606.ENSP00000400591	64.3	1
1848233	9606.ENSP00000301030	5.02	1
1851472	9606.ENSP00000332444	149	5
1853438	9606.ENSP00000349428	458	14
1848636	9606.ENSP00000304401	27.5	1
1855365	9606.ENSP00000359910	47.9	2
1852914	9606.ENSP00000345259	150	11
1859193	9606.ENSP00000386717	1324	16
1847644	9606.ENSP00000295924	0.069	1
1852657	9606.ENSP00000343087	10.0	1
1856467	9606.ENSP00000365439	1227	47
1853572	9606.ENSP00000350310	4.68	1
1844419	9606.ENSP00000256319	326	6
1853373	9606.ENSP00000348924	1493	173
1844176	9606.ENSP00000252951	1172	60
1843043	9606.ENSP00000225698	541	8
1853532	9606.ENSP00000350012	13.8	2
1855148	9606.ENSP00000358994	32.1	3
1859401	9606.ENSP00000389103	730	11
1861237	9606.ENSP00000416658	36.4	1
1849423	9606.ENSP00000311449	5.01	2
1862475	9606.ENSP00000448035	327	13
1846994	9606.ENSP00000286091	726	50
1843016	9606.ENSP00000225371	11.7	1
1860937	9606.ENSP00000411825	25.8	2
1855691	9606.ENSP00000361562	66.6	3
1859324	9606.ENSP00000388107	1520	56
1843653	9606.ENSP00000243077	21.5	9
1842426	9606.ENSP00000205194	111	1
1842785	9606.ENSP00000220496	4.7	1
1849621	9606.ENSP00000313420	9.24	3
1864256	9606.ENSP00000469872	1.91	2
1842625	9606.ENSP00000216832	14.1	1
1859068	9606.ENSP00000385795	32.3	2
1848528	9606.ENSP00000303424	71.3	1
1856252	9606.ENSP00000364310	3414	331
1845599	9606.ENSP00000264705	5.57	2
1851127	9606.ENSP00000329243	60.5	8
1856081	9606.ENSP00000363392	55.5	1
1844399	9606.ENSP00000256001	28.0	4
1846336	9606.ENSP00000273783	58.0	2
1853098	9606.ENSP00000346839	47.9	6
1853186	9606.ENSP00000347560	6.69	1
1842512	9606.ENSP00000215832	32.7	2
1854707	9606.ENSP00000356989	48.1	1
1860206	9606.ENSP00000400142	48.2	1
1851162	9606.ENSP00000329554	3126	125
1858520	9606.ENSP00000380869	12.5	1
1855706	9606.ENSP00000361635	78.8	4
1848889	9606.ENSP00000306881	93.9	6
1848079	9606.ENSP00000299565	144	6
1854153	9606.ENSP00000354573	0.506	1
1844779	9606.ENSP00000260356	0.017	1
1857461	9606.ENSP00000371393	215	15
1844052	9606.ENSP00000251337	2.66	1
1850776	9606.ENSP00000325827	4.31	1
1850274	9606.ENSP00000320672	49.8	1
1861986	9606.ENSP00000434995	69.4	1
1853291	9606.ENSP00000348384	0.021	1
1858113	9606.ENSP00000377262	13.7	1
1852356	9606.ENSP00000340684	95.1	7
1862361	9606.ENSP00000447001	1462	31
1844929	9606.ENSP00000261517	3.05	1
1859971	9606.ENSP00000396896	0.158	1
1854021	9606.ENSP00000353701	57.4	3
1847723	9606.ENSP00000296417	2471	347
1857348	9606.ENSP00000370589	78.7	4
1846880	9606.ENSP00000284031	143	7
1842590	9606.ENSP00000216373	6.21	1
1845691	9606.ENSP00000265100	32.8	1
1850451	9606.ENSP00000322450	39.9	2
1849159	9606.ENSP00000309230	0.013	1
1854884	9606.ENSP00000357794	31.8	4
1843810	9606.ENSP00000246174	146	6
1843499	9606.ENSP00000238738	46.2	1
1854418	9606.ENSP00000355607	15.6	1
1843913	9606.ENSP00000248444	69.0	8
1859026	9606.ENSP00000385269	99.1	4
1862104	9606.ENSP00000438788	6.92	1
1842591	9606.ENSP00000216392	311	34
1849870	9606.ENSP00000316454	11.3	1
1844227	9606.ENSP00000253413	155	5
1846870	9606.ENSP00000283875	22.4	1
1862638	9606.ENSP00000449770	68.7	3
1849982	9606.ENSP00000317780	311	5
1844730	9606.ENSP00000259873	97.2	2
1848883	9606.ENSP00000306817	46.0	1
1860955	9606.ENSP00000412189	133	10
1843233	9606.ENSP00000230048	427	7
1848148	9606.ENSP00000300146	11.7	1
1846224	9606.ENSP00000272102	220	14
1843901	9606.ENSP00000248139	30.1	1
1842430	9606.ENSP00000205557	169	14
1862712	9606.ENSP00000450635	28.1	4
1846379	9606.ENSP00000274364	16.6	3
1850693	9606.ENSP00000324897	94.7	1
1857107	9606.ENSP00000369176	1313	4
1844702	9606.ENSP00000259486	1.13	1
1852283	9606.ENSP00000340017	32.8	1
1845508	9606.ENSP00000264233	0.008	1
1858785	9606.ENSP00000382895	0.019	1
1861977	9606.ENSP00000434614	18.5	1
1858199	9606.ENSP00000377958	117	7
1855263	9606.ENSP00000359504	19.6	1
1853318	9606.ENSP00000348578	42.1	1
1844266	9606.ENSP00000254043	30.4	11
1850828	9606.ENSP00000326381	154	12
1848830	9606.ENSP00000306330	701	41
1846234	9606.ENSP00000272203	9.48	1
1848045	9606.ENSP00000299308	30.7	2
1847770	9606.ENSP00000296658	175	3
1853334	9606.ENSP00000348708	10.1	1
1844949	9606.ENSP00000261609	4.6	3
1844550	9606.ENSP00000257901	56.0	12
1849591	9606.ENSP00000313007	15.7	2
1855113	9606.ENSP00000358851	22.7	2
1851432	9606.ENSP00000332124	22.7	5
1858402	9606.ENSP00000379802	13.6	1
1850570	9606.ENSP00000323687	7.69	1
1849608	9606.ENSP00000313199	1647	45
1856760	9606.ENSP00000367064	5.48	1
1847125	9606.ENSP00000288422	3.97	1
1854391	9606.ENSP00000355499	0.036	1
1855092	9606.ENSP00000358763	19.4	1
1852974	9606.ENSP00000345773	18.8	1
1853267	9606.ENSP00000348163	21.8	5
1849349	9606.ENSP00000310801	41.4	1
1862334	9606.ENSP00000446714	737	28
1854824	9606.ENSP00000357564	6.6	1
1843191	9606.ENSP00000229270	641	28
1843139	9606.ENSP00000228347	7.41	1
1854747	9606.ENSP00000357130	132	32
1845788	9606.ENSP00000265709	48.9	6
1846133	9606.ENSP00000270162	87.6	3
1845095	9606.ENSP00000262219	28.1	1
1848279	9606.ENSP00000301329	57.2	2
1861323	9606.ENSP00000417748	135	3
1854424	9606.ENSP00000355627	23.5	1
1853626	9606.ENSP00000350719	1.44	1
1858251	9606.ENSP00000378400	20.8	2
1859339	9606.ENSP00000388293	111	2
1857170	9606.ENSP00000369538	175	11
1847933	9606.ENSP00000298159	309	17
1860049	9606.ENSP00000398131	9.07	1
1862158	9606.ENSP00000440698	55.5	1
1851299	9606.ENSP00000330945	203	6
1842480	9606.ENSP00000215115	58.5	1
1842402	9606.ENSP00000202556	71.1	7
1847292	9606.ENSP00000291552	23.0	1
1851031	9606.ENSP00000328359	1134	13
1857165	9606.ENSP00000369513	461	2
1844494	9606.ENSP00000257215	9.95	1
1861534	9606.ENSP00000421592	123	3
1850516	9606.ENSP00000323099	0.032	1
1851260	9606.ENSP00000330475	23.5	1
1857057	9606.ENSP00000368884	9.85	1
1846244	9606.ENSP00000272317	1455	56
1842989	9606.ENSP00000223795	253	6
1850680	9606.ENSP00000324804	39.4	3
1845639	9606.ENSP00000264896	212	10
1844078	9606.ENSP00000251646	3.13	2
1861328	9606.ENSP00000417864	253	7
1851044	9606.ENSP00000328484	6869	388
1846918	9606.ENSP00000284637	0.028	1
1843761	9606.ENSP00000245503	0.479	1
1853970	9606.ENSP00000353362	0.33	1
1849069	9606.ENSP00000308430	501	7
1854724	9606.ENSP00000357066	2432	63
1846526	9606.ENSP00000277225	0.01	1
1863674	9606.ENSP00000462023	41.9	1
1855212	9606.ENSP00000359305	128	2
1850011	9606.ENSP00000318089	61.6	2
1851836	9606.ENSP00000335321	10.6	1
1857021	9606.ENSP00000368686	10.2	1
1849952	9606.ENSP00000317334	23.8	2
1845760	9606.ENSP00000265495	28.7	1
1845543	9606.ENSP00000264424	0.026	1
1850341	9606.ENSP00000321348	9.05	1
1846881	9606.ENSP00000284049	6.3	1
1857765	9606.ENSP00000373487	4465	202
1853638	9606.ENSP00000350854	5.64	2
1853029	9606.ENSP00000346236	7.91	1
1847629	9606.ENSP00000295834	6261	109
1858017	9606.ENSP00000376317	0.036	1
1862805	9606.ENSP00000452549	99.7	4
1858310	9606.ENSP00000378965	58.3	3
1845499	9606.ENSP00000264193	72.9	5
1855012	9606.ENSP00000358400	1.39	2
1855116	9606.ENSP00000358857	73.6	2
1852636	9606.ENSP00000342886	2159	133
1848863	9606.ENSP00000306606	1146	69
1847282	9606.ENSP00000291442	9.37	1
1845761	9606.ENSP00000265498	201	2
1850536	9606.ENSP00000323313	70.1	4
1846858	9606.ENSP00000283547	146	2
1845575	9606.ENSP00000264613	9.58	1
1854576	9606.ENSP00000356346	7.5	1
1862289	9606.ENSP00000445175	901	51
1860530	9606.ENSP00000405455	378	11
1847716	9606.ENSP00000296358	22.0	1
1858577	9606.ENSP00000381216	55.2	3
1846948	9606.ENSP00000285093	364	10
1850987	9606.ENSP00000328062	11.4	2
1855227	9606.ENSP00000359370	7.74	1
1857471	9606.ENSP00000371472	7.32	5
1855634	9606.ENSP00000361254	586	11
1858057	9606.ENSP00000376758	71.1	1
1842424	9606.ENSP00000205061	8.72	1
1849408	9606.ENSP00000311343	15.2	1
1860287	9606.ENSP00000401508	45.1	2
1863129	9606.ENSP00000457522	13.7	1
1856753	9606.ENSP00000367013	74.7	1
1847981	9606.ENSP00000298687	881	24
1864285	9606.ENSP00000470004	145	3
1844559	9606.ENSP00000257974	155	10
1844946	9606.ENSP00000261597	15.0	1
1845146	9606.ENSP00000262442	1.83	1
1850235	9606.ENSP00000320337	0.137	1
1846809	9606.ENSP00000282588	9.5	1
1856434	9606.ENSP00000365266	1.21	1
1856650	9606.ENSP00000366482	79.6	2
1846710	9606.ENSP00000281154	89.7	14
1854262	9606.ENSP00000354947	143	9
1855955	9606.ENSP00000362744	121	5
1842504	9606.ENSP00000215770	83.1	4
1851765	9606.ENSP00000334836	16.7	1
1844250	9606.ENSP00000253792	41.9	4
1849067	9606.ENSP00000308405	2471	347
1853204	9606.ENSP00000347717	219	5
1862405	9606.ENSP00000447378	7.93	1
1844802	9606.ENSP00000260598	94.1	2
1844926	9606.ENSP00000261503	9.92	2
1852435	9606.ENSP00000341267	63.5	1
1852870	9606.ENSP00000344871	3.04	1
1844978	9606.ENSP00000261733	1099	72
1852893	9606.ENSP00000345083	8.47	2
1844122	9606.ENSP00000252455	396	14
1851933	9606.ENSP00000336831	2.68	1
1848005	9606.ENSP00000298910	2.61	2
1846410	9606.ENSP00000274764	48.1	8
1847746	9606.ENSP00000296511	2902	92
1844460	9606.ENSP00000256682	220	14
1862076	9606.ENSP00000437968	0.013	1
1854355	9606.ENSP00000355330	145	8
1845086	9606.ENSP00000262189	0.727	2
1850543	9606.ENSP00000323421	14.8	2
1859399	9606.ENSP00000389087	129	5
1858774	9606.ENSP00000382815	13.6	2
1852430	9606.ENSP00000341214	3152	272
1863143	9606.ENSP00000457704	15.7	1
1847858	9606.ENSP00000297347	0.155	1
1844930	9606.ENSP00000261520	3.04	1
1845582	9606.ENSP00000264649	14.1	1
1849420	9606.ENSP00000311430	140	5
1847330	9606.ENSP00000292123	5.14	1
1852771	9606.ENSP00000344106	6.94	1
1844837	9606.ENSP00000260985	1409	55
1864297	9606.ENSP00000470059	151	9
1849254	9606.ENSP00000310071	0.089	1
1851667	9606.ENSP00000334051	2.35	1
1847452	9606.ENSP00000293892	0.035	1
1856391	9606.ENSP00000365007	0.035	1
1844371	9606.ENSP00000255324	12.1	2
1864888	9606.ENSP00000472998	40.2	1
1855962	9606.ENSP00000362768	0.026	1
1849590	9606.ENSP00000312999	112	6
1850202	9606.ENSP00000320043	230	5
1856022	9606.ENSP00000363071	105	18
1842630	9606.ENSP00000216951	26.1	1
1847820	9606.ENSP00000297071	54.3	1
1842964	9606.ENSP00000223136	208	4
1848318	9606.ENSP00000301656	39.0	8
1862706	9606.ENSP00000450554	21.9	1
1848329	9606.ENSP00000301732	9.92	1
1852230	9606.ENSP00000339566	11245	560
1858041	9606.ENSP00000376522	7.5	1
1850329	9606.ENSP00000321271	251	3
1849079	9606.ENSP00000308540	18.3	2
1852614	9606.ENSP00000342680	16.1	1
1861494	9606.ENSP00000420659	18.0	1
1857367	9606.ENSP00000370744	2.24	2
1861460	9606.ENSP00000420168	781	36
1849942	9606.ENSP00000317257	262	5
1847220	9606.ENSP00000290299	726	18
1847357	9606.ENSP00000292475	96.2	4
1849180	9606.ENSP00000309477	280	13
1846706	9606.ENSP00000281129	0.015	1
1852196	9606.ENSP00000339280	0.031	1
1844877	9606.ENSP00000261267	69.2	1
1855317	9606.ENSP00000359680	38.9	1
1850793	9606.ENSP00000326042	408	78
1859034	9606.ENSP00000385432	695	16
1855120	9606.ENSP00000358866	21.7	7
1844273	9606.ENSP00000254108	272	15
1857369	9606.ENSP00000370750	130	5
1862013	9606.ENSP00000435777	59.7	1
1842623	9606.ENSP00000216802	254	8
1850420	9606.ENSP00000322175	196	6
1861396	9606.ENSP00000419088	78.6	1
1853877	9606.ENSP00000352627	6869	388
1853104	9606.ENSP00000346901	17.6	1
1846560	9606.ENSP00000278353	421	10
1845699	9606.ENSP00000265138	40.8	1
1843846	9606.ENSP00000246957	431	31
1850932	9606.ENSP00000327538	20.2	1
1857150	9606.ENSP00000369424	17.4	1
1842816	9606.ENSP00000221166	0.03	1
1845501	9606.ENSP00000264202	99.9	5
1855774	9606.ENSP00000361949	10.6	1
1845951	9606.ENSP00000267512	7.06	1
1845923	9606.ENSP00000267119	38.1	8
1844912	9606.ENSP00000261439	7.2	1
1855414	9606.ENSP00000360183	20.6	1
1846327	9606.ENSP00000273550	748	18
1858930	9606.ENSP00000384312	0.01	1
1852887	9606.ENSP00000345029	7.06	1
1854982	9606.ENSP00000358224	40.3	3
1843797	9606.ENSP00000246069	76.7	2
1842952	9606.ENSP00000223023	0.056	1
1855101	9606.ENSP00000358795	20.7	1
1847439	9606.ENSP00000293805	0.04	1
1857282	9606.ENSP00000370129	1151	47
1852861	9606.ENSP00000344818	209	56
1847133	9606.ENSP00000288670	0.018	1
1856268	9606.ENSP00000364407	1.76	1
1852262	9606.ENSP00000339835	436	51
1859718	9606.ENSP00000393393	224	1
1842710	9606.ENSP00000218652	0.078	1
1845836	9606.ENSP00000265983	26.3	1
1847279	9606.ENSP00000291295	17.7	1
1845184	9606.ENSP00000262626	61.7	3
1842472	9606.ENSP00000211998	213	26
1846882	9606.ENSP00000284061	3.48	1
1860357	9606.ENSP00000402608	8146	1176
1862487	9606.ENSP00000448165	7.4	1
1861339	9606.ENSP00000418001	10.7	1
1860109	9606.ENSP00000398736	19.2	1
1846289	9606.ENSP00000272995	30.9	1
1861855	9606.ENSP00000431049	55.9	2
1845324	9606.ENSP00000263273	67.6	4
1842758	9606.ENSP00000219481	33.1	1
1858656	9606.ENSP00000381785	19.9	1
1861331	9606.ENSP00000417901	18.6	1
1854964	9606.ENSP00000358154	3494	125
1852179	9606.ENSP00000339155	0.156	1
1844113	9606.ENSP00000252245	134	32
1850908	9606.ENSP00000327268	103	4
1853459	9606.ENSP00000349560	1.91	2
1844893	9606.ENSP00000261366	2273	202
1845682	9606.ENSP00000265073	199	3
1862689	9606.ENSP00000450337	3.85	2
1843060	9606.ENSP00000225899	0.657	1
1852597	9606.ENSP00000342481	18.4	2
1849962	9606.ENSP00000317468	260	5
1843553	9606.ENSP00000240185	42.9	1
1850070	9606.ENSP00000318687	25.4	2
1852628	9606.ENSP00000342830	133	10
1860550	9606.ENSP00000405708	25.7	2
1856823	9606.ENSP00000367398	45.4	5
1843176	9606.ENSP00000228945	268	5
1845646	9606.ENSP00000264932	746	39
1843448	9606.ENSP00000237014	176	2
1855743	9606.ENSP00000361818	50.2	1
1849787	9606.ENSP00000315465	12.9	2
1850555	9606.ENSP00000323568	2482	56
1843081	9606.ENSP00000226253	6.06	1
1847228	9606.ENSP00000290378	926	240
1844964	9606.ENSP00000261681	0.034	1
1857012	9606.ENSP00000368646	535	24
1855354	9606.ENSP00000359845	0.094	1
1853821	9606.ENSP00000352257	16.5	1
1849544	9606.ENSP00000312535	53.7	2
1852087	9606.ENSP00000338235	55.6	3
1852441	9606.ENSP00000341289	1132	317
1850774	9606.ENSP00000325819	28.8	1
1851574	9606.ENSP00000333326	2028	243
1845366	9606.ENSP00000263559	22.8	1
1842592	9606.ENSP00000216410	105	3
1851595	9606.ENSP00000333547	93.5	5
1856690	9606.ENSP00000366679	6869	388
1855370	9606.ENSP00000359940	36.4	4
1853490	9606.ENSP00000349748	1112	60
1855522	9606.ENSP00000360688	124	3
1843467	9606.ENSP00000237642	95.2	4
1857513	9606.ENSP00000371798	47.7	2
1843208	9606.ENSP00000229416	30.8	2
1860035	9606.ENSP00000397911	14.5	1
1846741	9606.ENSP00000281722	3.9	1
1851909	9606.ENSP00000336702	600	12
1859243	9606.ENSP00000387123	152	9
1842568	9606.ENSP00000216225	3827	6
1848886	9606.ENSP00000306864	0.057	1
1861024	9606.ENSP00000413496	83.5	1
1846449	9606.ENSP00000275603	105	4
1856133	9606.ENSP00000363641	304	4
1859445	9606.ENSP00000389649	360	4
1861716	9606.ENSP00000427687	158	4
1849017	9606.ENSP00000307889	436	8
1848522	9606.ENSP00000303366	651	25
1850703	9606.ENSP00000325017	9.14	1
1844535	9606.ENSP00000257770	23.2	1
1848163	9606.ENSP00000300215	109	7
1844271	9606.ENSP00000254090	109	4
1857843	9606.ENSP00000374309	4.57	1
1864161	9606.ENSP00000469468	102	1
1847018	9606.ENSP00000286548	35.7	1
1842112	9606.ENSP00000001008	10.6	1
1851932	9606.ENSP00000336829	567	26
1844581	9606.ENSP00000258214	18.5	1
1853469	9606.ENSP00000349629	22.3	6
1848244	9606.ENSP00000301071	894	119
1857440	9606.ENSP00000371236	51.0	4
1846020	9606.ENSP00000268489	0.008	1
1857377	9606.ENSP00000370808	185	21
1863999	9606.ENSP00000468052	524	7
1844152	9606.ENSP00000252699	198	44
1855358	9606.ENSP00000359866	37.5	1
1856784	9606.ENSP00000367196	402	5
1854613	9606.ENSP00000356515	14.3	4
1845914	9606.ENSP00000267023	136	1
1842110	9606.ENSP00000000412	171	4
1853938	9606.ENSP00000353074	1493	173
1855574	9606.ENSP00000360985	2.31	1
1846272	9606.ENSP00000272643	0.017	1
1847915	9606.ENSP00000297954	9.08	4
1855181	9606.ENSP00000359151	14.5	1
1861189	9606.ENSP00000415941	7.78	1
1850781	9606.ENSP00000325905	3463	72
1858567	9606.ENSP00000381148	30.7	1
1846627	9606.ENSP00000279263	980	14
1843915	9606.ENSP00000248553	9178	156
1843728	9606.ENSP00000244601	1493	173
1848526	9606.ENSP00000303408	2159	133
1844185	9606.ENSP00000253004	3262	95
1844904	9606.ENSP00000261405	9.09	2
1844755	9606.ENSP00000260118	455	13
1862471	9606.ENSP00000448012	2.83	2
1849314	9606.ENSP00000310573	31.4	6
1849021	9606.ENSP00000307940	522	46
1858027	9606.ENSP00000376410	18.2	1
1852305	9606.ENSP00000340278	144	2
1844543	9606.ENSP00000257860	32.4	8
1844187	9606.ENSP00000253023	53.1	1
1843478	9606.ENSP00000238081	952	46
1852933	9606.ENSP00000345436	43.9	5
1853746	9606.ENSP00000351644	30.7	1
1856835	9606.ENSP00000367453	143	1
1845815	9606.ENSP00000265846	91.8	5
1861952	9606.ENSP00000433821	759	32
1847164	9606.ENSP00000289352	3632	710
1858102	9606.ENSP00000377083	40.7	6
1842687	9606.ENSP00000218032	0.026	1
1857750	9606.ENSP00000373354	0.028	1
1852971	9606.ENSP00000345767	28.3	2
1853718	9606.ENSP00000351480	0.027	1
1850644	9606.ENSP00000324463	62.1	11
1844856	9606.ENSP00000261182	77.3	1
1859056	9606.ENSP00000385638	339	7
1855084	9606.ENSP00000358727	1315	28
1852157	9606.ENSP00000338964	19.7	1
1844948	9606.ENSP00000261601	67.1	3
1861595	9606.ENSP00000423563	444	10
1854902	9606.ENSP00000357861	225	19
1861830	9606.ENSP00000430276	0.024	1
1850479	9606.ENSP00000322775	258	15
1858455	9606.ENSP00000380271	20.3	4
1863161	9606.ENSP00000457868	0.014	1
1845725	9606.ENSP00000265333	1450	50
1849934	9606.ENSP00000317159	406	9
1845231	9606.ENSP00000262878	0.029	1
1858594	9606.ENSP00000381339	1.89	1
1862080	9606.ENSP00000438144	783	19
1858733	9606.ENSP00000382434	0.037	1
1859013	9606.ENSP00000385045	15.7	1
1856225	9606.ENSP00000364188	729	24
1853332	9606.ENSP00000348704	17.9	3
1845998	9606.ENSP00000268138	0.326	1
1856523	9606.ENSP00000365773	265	15
1849853	9606.ENSP00000316193	30.9	1
1848476	9606.ENSP00000302961	82.5	8
1851218	9606.ENSP00000330101	9.04	5
1846447	9606.ENSP00000275525	100	2
1844427	9606.ENSP00000256383	58.2	2
1853445	9606.ENSP00000349467	17.7	1
1842640	9606.ENSP00000217131	242	6
1853107	9606.ENSP00000346921	29.2	1
1846811	9606.ENSP00000282633	3.11	1
1845337	9606.ENSP00000263354	97.9	6
1856856	9606.ENSP00000367615	233	5
1846673	9606.ENSP00000280551	20.5	1
1842233	9606.ENSP00000058691	188	4
1842547	9606.ENSP00000216121	712	20
1852985	9606.ENSP00000345853	59.9	2
1847444	9606.ENSP00000293842	185	4
1854954	9606.ENSP00000358107	22.9	1
1856493	9606.ENSP00000365576	3.06	1
1860209	9606.ENSP00000400168	19.9	4
1861732	9606.ENSP00000428209	204	5
1847296	9606.ENSP00000291568	58.0	1
1846958	9606.ENSP00000285379	98.1	4
1854187	9606.ENSP00000354676	137	1
1848219	9606.ENSP00000300873	1238	3
1859610	9606.ENSP00000391944	13.4	1
1845698	9606.ENSP00000265136	11.2	1
1842180	9606.ENSP00000014930	44.7	1
1851327	9606.ENSP00000331302	0.032	1
1843587	9606.ENSP00000241052	1647	106
1853820	9606.ENSP00000352252	3126	125
1862133	9606.ENSP00000439660	3126	125
1844634	9606.ENSP00000258770	0.054	1
1855848	9606.ENSP00000362287	0.02	1
1859215	9606.ENSP00000386881	0.012	1
1844213	9606.ENSP00000253303	52.2	2
1862245	9606.ENSP00000443194	142	4
1851649	9606.ENSP00000333946	43.2	2
1853001	9606.ENSP00000346015	385	8
1852162	9606.ENSP00000339001	1919	347
1846008	9606.ENSP00000268251	248	17
1843536	9606.ENSP00000239830	0.049	1
1858530	9606.ENSP00000380929	9.67	1
1848074	9606.ENSP00000299518	32.4	1
1862492	9606.ENSP00000448220	9.51	5
1863825	9606.ENSP00000463847	113	3
1848569	9606.ENSP00000303769	9.16	2
1842993	9606.ENSP00000224140	3.92	1
1855298	9606.ENSP00000359600	16.2	1
1850819	9606.ENSP00000326305	40.1	1
1862935	9606.ENSP00000455047	10.6	1
1856921	9606.ENSP00000367992	251	5
1844071	9606.ENSP00000251595	17563	347
1854803	9606.ENSP00000357452	155	4
1862793	9606.ENSP00000452237	48.4	12
1843908	9606.ENSP00000248342	37.4	1
1844060	9606.ENSP00000251453	190	3
1854124	9606.ENSP00000354468	1299	26
1854432	9606.ENSP00000355656	6969	351
1852570	9606.ENSP00000342222	38.4	2
1851389	9606.ENSP00000331748	3.39	2
1846175	9606.ENSP00000270776	379	15
1853550	9606.ENSP00000350159	3632	710
1856048	9606.ENSP00000363232	14.6	1
1855197	9606.ENSP00000359233	101	7
1852948	9606.ENSP00000345530	8.62	1
1855270	9606.ENSP00000359521	6.41	1
1843011	9606.ENSP00000225275	179	21
1843157	9606.ENSP00000228740	44.2	3
1847755	9606.ENSP00000296564	1.89	2
1852434	9606.ENSP00000341247	9.22	1
1852276	9606.ENSP00000339958	11.3	1
1849950	9606.ENSP00000317332	31.7	1
1846671	9606.ENSP00000280481	3.75	1
1850386	9606.ENSP00000321797	126	3
1843003	9606.ENSP00000224784	811	209
1845806	9606.ENSP00000265800	32.6	2
1858318	9606.ENSP00000379042	51.4	3
1855861	9606.ENSP00000362334	104	2
1856757	9606.ENSP00000367034	3632	710
1858364	9606.ENSP00000379394	0.023	2
1847471	9606.ENSP00000294189	916	3
1848228	9606.ENSP00000301011	3.48	2
1859027	9606.ENSP00000385276	0.012	1
1853976	9606.ENSP00000353408	182	13
1856531	9606.ENSP00000365817	17.7	2
1843314	9606.ENSP00000232461	2.04	1
1848881	9606.ENSP00000306776	18.0	2
1862304	9606.ENSP00000445920	65.1	2
1854592	9606.ENSP00000356405	29.5	2
1849379	9606.ENSP00000311095	118	10
1847062	9606.ENSP00000287295	205	15
1859976	9606.ENSP00000396937	21.6	1
1844020	9606.ENSP00000250784	35.5	3
1861242	9606.ENSP00000416706	413	78
1846610	9606.ENSP00000279024	39.4	4
1853343	9606.ENSP00000348762	414	32
1848327	9606.ENSP00000301729	169	3
1847307	9606.ENSP00000291688	0.537	1
1859328	9606.ENSP00000388169	150	5
1848897	9606.ENSP00000306920	30.0	2
1857999	9606.ENSP00000376176	462	11
1844548	9606.ENSP00000257894	0.021	1
1844920	9606.ENSP00000261479	61.6	2
1842855	9606.ENSP00000221700	13.3	2
1855172	9606.ENSP00000359098	682	6
1847889	9606.ENSP00000297581	31.1	1
1848717	9606.ENSP00000305260	127	7
1847558	9606.ENSP00000295266	114	5
1854990	9606.ENSP00000358265	0.05	1
1855109	9606.ENSP00000358814	11.6	1
1850771	9606.ENSP00000325785	0.023	1
1861183	9606.ENSP00000415840	309	16
1845469	9606.ENSP00000264042	11.0	1
1855265	9606.ENSP00000359506	0.04	1
1859260	9606.ENSP00000387286	104	6
1847565	9606.ENSP00000295317	182	8
1855769	9606.ENSP00000361927	271	17
1862243	9606.ENSP00000443189	165	1
1850128	9606.ENSP00000319240	60.0	3
1858016	9606.ENSP00000376309	631	42
1843188	9606.ENSP00000229264	10.0	1
1849910	9606.ENSP00000316854	228	1
1855082	9606.ENSP00000358718	30.0	3
1843031	9606.ENSP00000225550	0.944	1
1855446	9606.ENSP00000360299	17.4	1
1842267	9606.ENSP00000157812	33.4	1
1853523	9606.ENSP00000349960	3783	465
1861358	9606.ENSP00000418447	14.9	1
1849529	9606.ENSP00000312397	0.031	1
1856968	9606.ENSP00000368314	12.9	1
1843739	9606.ENSP00000244763	750	7
1844995	9606.ENSP00000261797	9.12	2
1842460	9606.ENSP00000210313	0.039	1
1846050	9606.ENSP00000268876	0.017	1
1850399	9606.ENSP00000321927	126	10
1844896	9606.ENSP00000261374	12.8	2
1854689	9606.ENSP00000356918	41.6	1
1861384	9606.ENSP00000418842	260	3
1843000	9606.ENSP00000224652	1.89	1
1859548	9606.ENSP00000391249	26.9	1
1849549	9606.ENSP00000312606	649	29
1844568	9606.ENSP00000258091	280	16
1857064	9606.ENSP00000368952	187	18
1858461	9606.ENSP00000380318	593	15
1842291	9606.ENSP00000164227	2.65	1
1848098	9606.ENSP00000299736	122	3
1857802	9606.ENSP00000373827	7.61	1
1857236	9606.ENSP00000369887	0.031	1
1849929	9606.ENSP00000317123	3.92	1
1861346	9606.ENSP00000418191	38.2	4
1849901	9606.ENSP00000316772	5.18	2
1842878	9606.ENSP00000222002	173	6
1844076	9606.ENSP00000251643	82.6	6
1848840	9606.ENSP00000306397	432	7
1842982	9606.ENSP00000223398	0.019	1
1853800	9606.ENSP00000352119	6869	388
1862360	9606.ENSP00000447000	8.69	1
1850747	9606.ENSP00000325548	48.9	3
1842948	9606.ENSP00000222968	62.6	1
1857902	9606.ENSP00000375220	8.79	3
1849038	9606.ENSP00000308165	206	5
1846965	9606.ENSP00000285420	48.1	1
1842638	9606.ENSP00000217121	40.4	1
1843833	9606.ENSP00000246785	21.0	1
1850892	9606.ENSP00000327104	17.8	1
1853349	9606.ENSP00000348786	190	12
1851824	9606.ENSP00000335246	24.2	1
1849183	9606.ENSP00000309503	2055	74
1855766	9606.ENSP00000361918	43.1	1
1843338	9606.ENSP00000233099	5.09	1
1853269	9606.ENSP00000348170	125	12
1847295	9606.ENSP00000291565	66.7	2
1854735	9606.ENSP00000357087	26.7	1
1842119	9606.ENSP00000003100	298	14
1847232	9606.ENSP00000290418	0.04	1
1861450	9606.ENSP00000419970	269	17
1844899	9606.ENSP00000261383	2.29	1
1844777	9606.ENSP00000260324	51.5	4
1852288	9606.ENSP00000340093	0.049	1
1848139	9606.ENSP00000300107	16.0	2
1858331	9606.ENSP00000379138	675	58
1849789	9606.ENSP00000315476	33.9	1
1842211	9606.ENSP00000040877	10.7	2
1845328	9606.ENSP00000263284	30.6	2
1843401	9606.ENSP00000234420	9.41	1
1858683	9606.ENSP00000382004	352	35
1848034	9606.ENSP00000299218	42.8	6
1847196	9606.ENSP00000289952	210	4
1855511	9606.ENSP00000360644	68.9	2
1852979	9606.ENSP00000345808	10.6	1
1844197	9606.ENSP00000253099	57.0	1
1862692	9606.ENSP00000450353	173	9
1853207	9606.ENSP00000347730	60.7	5
1861443	9606.ENSP00000419879	61.7	1
1845744	9606.ENSP00000265395	155	4
1858250	9606.ENSP00000378394	18.5	1
1853084	9606.ENSP00000346694	4096	141
1857430	9606.ENSP00000371193	195	5
1849555	9606.ENSP00000312634	17.0	1
1851147	9606.ENSP00000329419	7.99	1
1843024	9606.ENSP00000225430	613	3
1842666	9606.ENSP00000217426	584	27
1846325	9606.ENSP00000273482	0.051	1
1858807	9606.ENSP00000383168	55.0	7
1856129	9606.ENSP00000363624	333	4
1854107	9606.ENSP00000354346	252	16
1856711	9606.ENSP00000366819	54.5	2
1846820	9606.ENSP00000282878	3.14	2
1854457	9606.ENSP00000355797	9.3	1
1848525	9606.ENSP00000303398	0.031	1
1853610	9606.ENSP00000350580	2159	133
1844790	9606.ENSP00000260433	12.5	1
1847046	9606.ENSP00000287022	222	4
1855028	9606.ENSP00000358466	2.87	2
1853448	9606.ENSP00000349486	3.37	1
1861604	9606.ENSP00000423673	234	7
1849972	9606.ENSP00000317614	9.55	1
1842572	9606.ENSP00000216254	120	7
1863798	9606.ENSP00000463483	7.47	3
1848494	9606.ENSP00000303145	400	9
1861418	9606.ENSP00000419425	912	18
1856672	9606.ENSP00000366586	0.059	1
1861490	9606.ENSP00000420588	120	4
1858931	9606.ENSP00000384330	0.49	1
1858601	9606.ENSP00000381428	0.093	1
1856489	9606.ENSP00000365550	0.083	1
1856873	9606.ENSP00000367721	10.3	1
1845306	9606.ENSP00000263208	9.96	1
1861691	9606.ENSP00000426909	911	30
1845803	9606.ENSP00000265753	115	2
1854330	9606.ENSP00000355228	96.8	1
1848134	9606.ENSP00000300091	17.5	1
1855309	9606.ENSP00000359645	1097	50
1848930	9606.ENSP00000307199	596	9
1854968	9606.ENSP00000358160	3126	125
1844470	9606.ENSP00000256854	108	4
1848791	9606.ENSP00000305958	228	13
1855467	9606.ENSP00000360406	6.4	2
1855489	9606.ENSP00000360525	67.5	3
1846140	9606.ENSP00000270233	342	25
1850228	9606.ENSP00000320291	24.3	2
1842118	9606.ENSP00000003084	6.62	1
1846086	9606.ENSP00000269349	51.2	2
1860081	9606.ENSP00000398495	280	8
1855568	9606.ENSP00000360958	80.3	9
1850624	9606.ENSP00000324205	53.6	2
1844108	9606.ENSP00000252172	0.494	1
1844742	9606.ENSP00000259963	32.0	1
1852345	9606.ENSP00000340596	8.35	1
1852496	9606.ENSP00000341730	254	3
1856548	9606.ENSP00000365924	42.2	2
1861989	9606.ENSP00000435096	242	3
1845322	9606.ENSP00000263269	8.11	1
1859220	9606.ENSP00000386911	10.5	1
1859771	9606.ENSP00000394071	26.9	2
1852557	9606.ENSP00000342136	0.067	1
1851715	9606.ENSP00000334382	15.3	1
1850491	9606.ENSP00000322887	194	3
1845650	9606.ENSP00000264951	10.9	2
1843007	9606.ENSP00000225171	96.5	1
1842683	9606.ENSP00000217999	0.097	1
1842566	9606.ENSP00000216218	339	11
1856256	9606.ENSP00000364348	0.012	1
1847758	9606.ENSP00000296581	217	1
1855000	9606.ENSP00000358314	28.8	1
1842163	9606.ENSP00000010404	254	3
1851612	9606.ENSP00000333667	46.7	3
1854209	9606.ENSP00000354739	1216	8
1844865	9606.ENSP00000261208	60.0	2
1848799	9606.ENSP00000305995	12.3	3
1854766	9606.ENSP00000357219	12.8	1
1847268	9606.ENSP00000290943	30.9	3
1847732	9606.ENSP00000296456	26.9	1
1856212	9606.ENSP00000364114	85.9	3
1847035	9606.ENSP00000286788	187	18
1847607	9606.ENSP00000295702	126	1
1852643	9606.ENSP00000342952	20.6	1
1859780	9606.ENSP00000394168	16.0	1
1850084	9606.ENSP00000318852	41.3	2
1845003	9606.ENSP00000261839	5.87	1
1849497	9606.ENSP00000312129	22.5	1
1847281	9606.ENSP00000291416	44.3	2
1860273	9606.ENSP00000401362	0.095	1
1844740	9606.ENSP00000259951	7.12	1
1846006	9606.ENSP00000268220	213	3
1858077	9606.ENSP00000376886	236	10
1858474	9606.ENSP00000380427	31.8	5
1860349	9606.ENSP00000402515	7.83	2
1851658	9606.ENSP00000333994	3137	321
1851214	9606.ENSP00000330074	28840	370
1847597	9606.ENSP00000295640	15.9	1
1842449	9606.ENSP00000207870	167	5
1845778	9606.ENSP00000265605	32.3	1
1858438	9606.ENSP00000380156	141	2
1856793	9606.ENSP00000367220	58.9	2
1852189	9606.ENSP00000339221	7.1	1
1849596	9606.ENSP00000313059	12.7	4
1846204	9606.ENSP00000271628	60.7	1
1843124	9606.ENSP00000227667	107	1
1844092	9606.ENSP00000251973	0.023	1
1854074	9606.ENSP00000354086	0.051	1
1851289	9606.ENSP00000330836	141	6
1852999	9606.ENSP00000346001	350	10
1859827	9606.ENSP00000394770	0.006	1
1842830	9606.ENSP00000221418	457	17
1856353	9606.ENSP00000364813	624	3
1854773	9606.ENSP00000357283	8136	756
1845293	9606.ENSP00000263126	382	34
1862154	9606.ENSP00000440586	145	11
1857768	9606.ENSP00000373539	34.4	5
1845576	9606.ENSP00000264634	30.1	1
1846167	9606.ENSP00000270625	232	5
1851906	9606.ENSP00000336687	359	8
1849886	9606.ENSP00000316605	32.1	3
1847027	9606.ENSP00000286713	1081	41
1854025	9606.ENSP00000353731	48.2	3
1855859	9606.ENSP00000362330	11.9	3
1843993	9606.ENSP00000250113	4.59	1
1845563	9606.ENSP00000264538	24.7	1
1853781	9606.ENSP00000351926	6.71	1
1849440	9606.ENSP00000311572	132	4
1853078	9606.ENSP00000346643	12.9	1
1858230	9606.ENSP00000378292	10.3	1
1855520	9606.ENSP00000360683	0.05	1
1860210	9606.ENSP00000400175	220	7
1842557	9606.ENSP00000216180	19.8	2
1843924	9606.ENSP00000248668	0.046	1
1842893	9606.ENSP00000222224	0.143	1
1861210	9606.ENSP00000416168	2.73	1
1852618	9606.ENSP00000342710	692	114
1853439	9606.ENSP00000349430	1493	173
1842861	9606.ENSP00000221801	580	22
1851655	9606.ENSP00000333980	10.4	1
1857842	9606.ENSP00000374292	0.02	1
1843040	9606.ENSP00000225655	1872	49
1846243	9606.ENSP00000272298	17.7	1
1853227	9606.ENSP00000347883	0.02	1
1859291	9606.ENSP00000387654	76.3	3
1849071	9606.ENSP00000308452	47.4	14
1850028	9606.ENSP00000318197	408	78
1861533	9606.ENSP00000421586	29.4	1
1855756	9606.ENSP00000361875	0.323	1
1854701	9606.ENSP00000356969	999	3
1844452	9606.ENSP00000256593	28.5	2
1857263	9606.ENSP00000370023	339	23
1842490	9606.ENSP00000215570	137	2
1847409	9606.ENSP00000293371	161	1
1853925	9606.ENSP00000352980	3632	710
1862478	9606.ENSP00000448059	129	5
1851878	9606.ENSP00000335620	826	37
1854504	9606.ENSP00000356022	791	16
1853847	9606.ENSP00000352438	89.8	8
1843348	9606.ENSP00000233379	139	3
1856378	9606.ENSP00000364943	87.1	3
1861955	9606.ENSP00000433967	25.7	2
1843052	9606.ENSP00000225792	271	30
1850888	9606.ENSP00000327070	883	42
1853324	9606.ENSP00000348634	0.468	1
1852810	9606.ENSP00000344413	11.4	1
1854129	9606.ENSP00000354490	68.6	17
1845602	9606.ENSP00000264710	147	6
1847443	9606.ENSP00000293831	313	18
1854704	9606.ENSP00000356982	202	1
1844585	9606.ENSP00000258301	0.085	1
1851636	9606.ENSP00000333837	251	6
1853003	9606.ENSP00000346022	205	4
1859021	9606.ENSP00000385215	13.3	2
1845589	9606.ENSP00000264664	141	2
1844908	9606.ENSP00000261427	120	3
1851694	9606.ENSP00000334216	0.085	1
1861467	9606.ENSP00000420213	155	48
1845770	9606.ENSP00000265563	103	6
1861079	9606.ENSP00000414359	59.3	2
1846068	9606.ENSP00000269143	43.5	3
1853414	9606.ENSP00000349259	175	52
1849303	9606.ENSP00000310491	81.5	3
1862118	9606.ENSP00000439146	40.3	3
1854817	9606.ENSP00000357516	685	24
1849469	9606.ENSP00000311847	86.6	1
1842831	9606.ENSP00000221419	194	12
1844927	9606.ENSP00000261507	82.9	1
1844652	9606.ENSP00000258962	2744	99
1846128	9606.ENSP00000270077	7.27	1
1851450	9606.ENSP00000332256	3.09	2
1852652	9606.ENSP00000343027	11.3	2
1856521	9606.ENSP00000365757	37.1	1
1847944	9606.ENSP00000298283	42.8	2
1856351	9606.ENSP00000364802	139	46
1860874	9606.ENSP00000410833	12.9	1
1842428	9606.ENSP00000205386	0.014	1
1845487	9606.ENSP00000264156	25.2	2
1846466	9606.ENSP00000276033	221	5
1848800	9606.ENSP00000306003	58.9	1
1854621	9606.ENSP00000356545	0.361	1
1852543	9606.ENSP00000342032	119	3
1851030	9606.ENSP00000328358	245	35
1857846	9606.ENSP00000374332	96.7	2
1842489	9606.ENSP00000215567	41.1	1
1852278	9606.ENSP00000339971	0.019	1
1850995	9606.ENSP00000328111	51.3	1
1861409	9606.ENSP00000419325	112	6
1858335	9606.ENSP00000379156	0.018	1
1856157	9606.ENSP00000363779	6.13	1
1853491	9606.ENSP00000349768	2.65	3
1862300	9606.ENSP00000445831	1423	173
1850001	9606.ENSP00000317997	5.26	1
1849915	9606.ENSP00000316905	162	6
1848718	9606.ENSP00000305263	22.7	7
1845517	9606.ENSP00000264265	131	2
1844249	9606.ENSP00000253788	133	2
1849837	9606.ENSP00000316029	65.9	16
1852907	9606.ENSP00000345195	2.35	1
1847722	9606.ENSP00000296412	92.2	1
1862129	9606.ENSP00000439493	3126	125
1848222	9606.ENSP00000300917	0.023	1
1857206	9606.ENSP00000369703	789	280
1843922	9606.ENSP00000248633	8.88	3
1843662	9606.ENSP00000243298	2.76	2
1852934	9606.ENSP00000345445	16.2	1
1856742	9606.ENSP00000366962	1493	173
1858414	9606.ENSP00000379895	1056	48
1861994	9606.ENSP00000435210	16.1	1
1845013	9606.ENSP00000261875	332	9
1857789	9606.ENSP00000373700	8.37	1
1851245	9606.ENSP00000330343	78.1	2
1848555	9606.ENSP00000303585	6.36	2
1842290	9606.ENSP00000164139	121	16
1845873	9606.ENSP00000266503	0.03	1
1855840	9606.ENSP00000362249	103	3
1846101	9606.ENSP00000269571	8.92	1
1857749	9606.ENSP00000373347	3.06	1
1844822	9606.ENSP00000260766	0.01	1
1851758	9606.ENSP00000334798	20.7	5
1843108	9606.ENSP00000227266	33.9	1
1843050	9606.ENSP00000225740	1.82	1
1850606	9606.ENSP00000324020	7.46	1
1853363	9606.ENSP00000348849	865	9
1842781	9606.ENSP00000220325	16.6	1
1856667	9606.ENSP00000366557	7.23	1
1852818	9606.ENSP00000344456	89.4	7
1850232	9606.ENSP00000320309	105	5
1859061	9606.ENSP00000385721	135	20
1845377	9606.ENSP00000263621	168	3
1856806	9606.ENSP00000367309	251	12
1849521	9606.ENSP00000312326	83.6	3
1849037	9606.ENSP00000308149	19.6	1
1849706	9606.ENSP00000314444	15.1	2
1848798	9606.ENSP00000305988	49.7	2
1845900	9606.ENSP00000266735	458	3
1842813	9606.ENSP00000221130	118	5
1849201	9606.ENSP00000309591	41.5	1
1846190	9606.ENSP00000271332	6.09	1
1855443	9606.ENSP00000360286	22.4	1
1843138	9606.ENSP00000228318	1068	26
1858630	9606.ENSP00000381607	622	15
1847752	9606.ENSP00000296543	11.3	1
1845296	9606.ENSP00000263168	223	9
1858723	9606.ENSP00000382342	23.3	3
1849182	9606.ENSP00000309501	6.93	1
1862724	9606.ENSP00000450811	15.6	1
1848311	9606.ENSP00000301587	130	2
1845462	9606.ENSP00000264028	32.1	2
1853764	9606.ENSP00000351767	171	16
1856593	9606.ENSP00000366225	10.5	1
1842995	9606.ENSP00000224237	1987	140
1843694	9606.ENSP00000244020	273	16
1862703	9606.ENSP00000450436	997	51
1847207	9606.ENSP00000290155	0.095	1
1850407	9606.ENSP00000321988	14.0	2
1844114	9606.ENSP00000252250	95.6	21
1848251	9606.ENSP00000301149	98.4	3
1846416	9606.ENSP00000274813	42.5	3
1846443	9606.ENSP00000275428	173	4
1848711	9606.ENSP00000305204	11.4	1
1843237	9606.ENSP00000230085	406	7
1848540	9606.ENSP00000303508	0.044	1
1850668	9606.ENSP00000324693	0.038	1
1844334	9606.ENSP00000254878	1777	18
1861293	9606.ENSP00000417451	40.1	14
1860705	9606.ENSP00000408146	17.2	1
1864845	9606.ENSP00000472802	156	6
1852962	9606.ENSP00000345689	291	10
1853048	9606.ENSP00000346402	134	5
1849174	9606.ENSP00000309431	349	185
1852080	9606.ENSP00000338173	7.57	1
1862052	9606.ENSP00000437073	21.6	4
1850255	9606.ENSP00000320516	14.6	1
1845175	9606.ENSP00000262584	976	6
1846462	9606.ENSP00000275884	12.9	1
1850153	9606.ENSP00000319501	381	24
1849255	9606.ENSP00000310088	541	4
1852082	9606.ENSP00000338190	10.9	1
1843861	9606.ENSP00000247207	345	72
1854966	9606.ENSP00000358158	6869	388
1858406	9606.ENSP00000379836	0.057	1
1854800	9606.ENSP00000357440	506	15
1844695	9606.ENSP00000259456	93.9	3
1844853	9606.ENSP00000261173	4.71	1
1846205	9606.ENSP00000271636	87.5	12
1844327	9606.ENSP00000254810	3757	125
1849031	9606.ENSP00000308057	38.1	1
1847223	9606.ENSP00000290341	25.9	2
1854731	9606.ENSP00000357079	0.065	1
1858595	9606.ENSP00000381340	233	14
1845712	9606.ENSP00000265239	8.99	2
1853836	9606.ENSP00000352336	0.015	1
1855067	9606.ENSP00000358622	0.046	1
1845036	9606.ENSP00000261980	15.2	1
1857311	9606.ENSP00000370372	190	10
1857436	9606.ENSP00000371220	282	2
1848960	9606.ENSP00000307461	9.5	1
1855501	9606.ENSP00000360577	245	4
1856483	9606.ENSP00000365522	21.8	1
1854257	9606.ENSP00000354923	2.99	1
1846445	9606.ENSP00000275493	12.2	1
1857098	9606.ENSP00000369134	59.0	5
1854448	9606.ENSP00000355751	12.5	1
1844048	9606.ENSP00000251289	0.069	1
1854566	9606.ENSP00000356286	0.075	1
1851078	9606.ENSP00000328808	339	185
1844501	9606.ENSP00000257287	2.9	3
1844601	9606.ENSP00000258415	0.048	1
1853389	9606.ENSP00000349078	250	8
1853005	9606.ENSP00000346032	2120	103
1851519	9606.ENSP00000332790	6951	210
1850027	9606.ENSP00000318195	554	24
1851443	9606.ENSP00000332194	6869	388
1849127	9606.ENSP00000308926	18.6	1
1852751	9606.ENSP00000343885	122	6
1856460	9606.ENSP00000365402	57.0	5
1856899	9606.ENSP00000367869	147	9
1845505	9606.ENSP00000264229	0.021	1
1845183	9606.ENSP00000262623	23.9	7
1844039	9606.ENSP00000251119	5.12	1
1860701	9606.ENSP00000408005	20.8	1
1851539	9606.ENSP00000333001	429	4
1853940	9606.ENSP00000353089	747	12
1859468	9606.ENSP00000389951	14.0	1
1847246	9606.ENSP00000290607	0.006	1
1857342	9606.ENSP00000370546	23.4	2
1854426	9606.ENSP00000355632	37.0	2
1855378	9606.ENSP00000359991	274	18
1862817	9606.ENSP00000452780	1013	9
1855451	9606.ENSP00000360316	50.6	2
1858860	9606.ENSP00000383599	0.029	1
1856453	9606.ENSP00000365370	1099	73
1845968	9606.ENSP00000267842	23.4	2
1854200	9606.ENSP00000354720	0.018	1
1842429	9606.ENSP00000205402	320	13
1859071	9606.ENSP00000385834	764	78
1845792	9606.ENSP00000265720	44.8	4
1854155	9606.ENSP00000354575	24.2	1
1852411	9606.ENSP00000341083	0.021	1
1853126	9606.ENSP00000347055	337	9
1845419	9606.ENSP00000263816	3.3	1
1860717	9606.ENSP00000408411	167	4
1846311	9606.ENSP00000273308	63.0	3
1848121	9606.ENSP00000300026	5333	125
1847225	9606.ENSP00000290354	82.3	6
1858162	9606.ENSP00000377696	110	3
1849483	9606.ENSP00000312002	0.146	1
1853143	9606.ENSP00000347198	3.68	2
1855337	9606.ENSP00000359777	46.3	2
1863036	9606.ENSP00000456272	8.15	1
1850288	9606.ENSP00000320866	634	28
1847882	9606.ENSP00000297537	25.1	1
1842824	9606.ENSP00000221307	11.9	2
1855208	9606.ENSP00000359297	254	8
1851740	9606.ENSP00000334611	34.9	1
1846542	9606.ENSP00000277865	1796	181
1862779	9606.ENSP00000451792	37.4	2
1853604	9606.ENSP00000350541	0.018	1
1853248	9606.ENSP00000348020	0.023	1
1850505	9606.ENSP00000323046	132	3
1849206	9606.ENSP00000309629	1326	41
1853612	9606.ENSP00000350616	83.6	4
1846727	9606.ENSP00000281455	99.9	6
1843463	9606.ENSP00000237530	611	18
1862192	9606.ENSP00000441828	76.1	7
1848744	9606.ENSP00000305556	574	19
1850380	9606.ENSP00000321731	0.024	1
1850891	9606.ENSP00000327077	0.014	1
1856931	9606.ENSP00000368066	42.6	2
1862767	9606.ENSP00000451560	378	211
1852481	9606.ENSP00000341625	3798	51
1852680	9606.ENSP00000343282	3632	710
1855556	9606.ENSP00000360876	23.5	1
1861580	9606.ENSP00000423014	0.112	1
1854678	9606.ENSP00000356848	27.0	1
1843372	9606.ENSP00000233893	5748	70
1846322	9606.ENSP00000273398	76.9	5
1845921	9606.ENSP00000267113	40.1	3
1847591	9606.ENSP00000295598	582	62
1862296	9606.ENSP00000445677	55.3	22
1852149	9606.ENSP00000338838	34.3	1
1850212	9606.ENSP00000320171	15.4	1
1843945	9606.ENSP00000249042	1211	38
1849274	9606.ENSP00000310226	131	6
1856673	9606.ENSP00000366604	18.3	1
1843890	9606.ENSP00000248041	4.39	1
1859304	9606.ENSP00000387851	0.019	1
1856744	9606.ENSP00000366974	3632	710
1842209	9606.ENSP00000040663	21.8	1
1846300	9606.ENSP00000273146	22.9	2
1858573	9606.ENSP00000381198	2.24	2
1853014	9606.ENSP00000346088	704	7
1844421	9606.ENSP00000256339	11.8	2
1847720	9606.ENSP00000296388	17.7	1
1845311	9606.ENSP00000263238	24.1	4
1861878	9606.ENSP00000431482	36.2	1
1843203	9606.ENSP00000229340	4.34	2
1854427	9606.ENSP00000355637	22.1	2
1852173	9606.ENSP00000339095	233	4
1845992	9606.ENSP00000268099	87.5	1
1858337	9606.ENSP00000379168	13.0	1
1860519	9606.ENSP00000405261	34.7	2
1857124	9606.ENSP00000369317	108	26
1847605	9606.ENSP00000295688	258	19
1844352	9606.ENSP00000255082	36.9	1
1848878	9606.ENSP00000306756	67.1	2
1846716	9606.ENSP00000281243	265	5
1844923	9606.ENSP00000261488	122	5
1859200	9606.ENSP00000386759	0.01	1
1850871	9606.ENSP00000326819	0.566	1
1856010	9606.ENSP00000363018	305	10
1847636	9606.ENSP00000295896	22.0	1
1852250	9606.ENSP00000339787	305	25
1860896	9606.ENSP00000411096	8.95	4
1844257	9606.ENSP00000253814	0.136	1
1843396	9606.ENSP00000234347	430	6
1848520	9606.ENSP00000303351	27.1	2
1854895	9606.ENSP00000357835	90.9	2
1852412	9606.ENSP00000341094	6869	388
1847833	9606.ENSP00000297183	2.22	1
1845726	9606.ENSP00000265334	0.033	1
1847572	9606.ENSP00000295408	29.2	2
1859040	9606.ENSP00000385479	3494	125
1848662	9606.ENSP00000304697	638	56
1850721	9606.ENSP00000325285	25.4	3
1847906	9606.ENSP00000297814	4.65	1
1842109	9606.ENSP00000000233	153	12
1849725	9606.ENSP00000314649	21.8	1
1858409	9606.ENSP00000379865	28.9	1
1862169	9606.ENSP00000441024	71.3	2
1856352	9606.ENSP00000364805	135	48
1850310	9606.ENSP00000321077	24.6	1
1845960	9606.ENSP00000267622	0.012	1
1854454	9606.ENSP00000355778	3757	125
1848182	9606.ENSP00000300441	47.2	3
1842316	9606.ENSP00000171887	6.65	1
1848124	9606.ENSP00000300051	31.1	1
1852284	9606.ENSP00000340019	2369	121
1847564	9606.ENSP00000295314	0.12	1
1849166	9606.ENSP00000309334	431	11
1844015	9606.ENSP00000250559	190	12
1847124	9606.ENSP00000288368	4.97	1
1857096	9606.ENSP00000369129	75.0	18
1861468	9606.ENSP00000420227	19.4	2
1845765	9606.ENSP00000265523	119	3
1861592	9606.ENSP00000423463	0.017	1
1853205	9606.ENSP00000347719	10.3	1
1854433	9606.ENSP00000355657	2968	124
1854047	9606.ENSP00000353874	0.019	1
1848652	9606.ENSP00000304586	0.032	1
1842645	9606.ENSP00000217182	1452	124
1844803	9606.ENSP00000260600	95.3	6
1853891	9606.ENSP00000352706	143	8
1845172	9606.ENSP00000262570	154	4
1857120	9606.ENSP00000369292	9.47	4
1858384	9606.ENSP00000379616	12.9	8
1857155	9606.ENSP00000369442	0.03	1
1844979	9606.ENSP00000261735	813	17
1851682	9606.ENSP00000334134	177	4
1854407	9606.ENSP00000355560	34.3	3
1854092	9606.ENSP00000354219	69.1	8
1848390	9606.ENSP00000302251	17.8	1
1852983	9606.ENSP00000345848	155	5
1845130	9606.ENSP00000262384	0.029	1
1855399	9606.ENSP00000360124	367	21
1855897	9606.ENSP00000362507	462	1
1849073	9606.ENSP00000308466	410	12
1858423	9606.ENSP00000380033	231	35
1848936	9606.ENSP00000307241	36.4	2
1847231	9606.ENSP00000290401	47.8	2
1854555	9606.ENSP00000356234	0.013	1
1852546	9606.ENSP00000342070	181	5
1849624	9606.ENSP00000313432	563	12
1843903	9606.ENSP00000248211	9.88	1
1843723	9606.ENSP00000244537	116	31
1853888	9606.ENSP00000352678	104	7
1863975	9606.ENSP00000467123	9.26	2
1849933	9606.ENSP00000317144	0.024	1
1843444	9606.ENSP00000236957	74.2	1
1844610	9606.ENSP00000258449	0.034	1
1848043	9606.ENSP00000299299	133	2
1842461	9606.ENSP00000210444	205	6
1855027	9606.ENSP00000358464	37.9	1
1856320	9606.ENSP00000364677	15.7	1
1844699	9606.ENSP00000259469	727	3
1858078	9606.ENSP00000376889	134	10
1853630	9606.ENSP00000350767	3632	710
1849571	9606.ENSP00000312734	8.18	3
1864273	9606.ENSP00000469958	16.6	1
1848179	9606.ENSP00000300413	1651	11
1848062	9606.ENSP00000299427	206	7
1856677	9606.ENSP00000366620	47.6	3
1850719	9606.ENSP00000325240	33.1	1
1845701	9606.ENSP00000265148	2.72	2
1843494	9606.ENSP00000238651	81.1	9
1847386	9606.ENSP00000292896	2280	339
1854804	9606.ENSP00000357453	0.058	1
1861322	9606.ENSP00000417711	16.0	2
1858792	9606.ENSP00000382982	408	78
1856324	9606.ENSP00000364691	7.51	2
1862017	9606.ENSP00000435926	16.6	1
1845059	9606.ENSP00000262094	6.88	2
1849380	9606.ENSP00000311113	61.3	5
1847545	9606.ENSP00000295156	171	6
1852414	9606.ENSP00000341117	73.7	2
1854996	9606.ENSP00000358307	20.3	1
1854953	9606.ENSP00000358106	11.7	1
1847126	9606.ENSP00000288462	16.3	1
1852684	9606.ENSP00000343314	1688	10
1854944	9606.ENSP00000358064	4.08	1
1842149	9606.ENSP00000007516	39.0	1
1847783	9606.ENSP00000296754	11.8	1
1848006	9606.ENSP00000298912	11.1	1
1843930	9606.ENSP00000248901	0.071	1
1859594	9606.ENSP00000391771	0.088	1
1853782	9606.ENSP00000351933	0.033	1
1849331	9606.ENSP00000310686	27.4	1
1854552	9606.ENSP00000356224	1.09	1
1848758	9606.ENSP00000305675	175	2
1845719	9606.ENSP00000265295	11.7	1
1857531	9606.ENSP00000371886	4.16	1
1843563	9606.ENSP00000240343	227	4
1856930	9606.ENSP00000368062	31.0	2
1846277	9606.ENSP00000272748	24.0	1
1847402	9606.ENSP00000293288	50.0	2
1843261	9606.ENSP00000230640	8.87	1
1844046	9606.ENSP00000251269	25.0	1
1847460	9606.ENSP00000294008	55.8	9
1845474	9606.ENSP00000264065	14.1	1
1854659	9606.ENSP00000356737	0.096	1
1854318	9606.ENSP00000355180	9.37	1
1846444	9606.ENSP00000275461	0.317	1
1842493	9606.ENSP00000215587	104	1
1853766	9606.ENSP00000351777	285	23
1845208	9606.ENSP00000262746	1886	63
1850087	9606.ENSP00000318868	11.3	1
1846634	9606.ENSP00000279463	7.82	1
1849366	9606.ENSP00000310935	59.0	1
1852890	9606.ENSP00000345060	3.42	1
1853848	9606.ENSP00000352442	1493	173
1848755	9606.ENSP00000305653	41.5	3
1848986	9606.ENSP00000307705	11245	560
1853541	9606.ENSP00000350052	312	211
1860845	9606.ENSP00000410403	4.49	2
1855402	9606.ENSP00000360141	17.2	2
1861205	9606.ENSP00000416097	10.8	1
1852542	9606.ENSP00000342026	1318	43
1842301	9606.ENSP00000167588	8.01	4
1844424	9606.ENSP00000256366	45.6	1
1850897	9606.ENSP00000327145	5.77	3
1852917	9606.ENSP00000345282	0.061	1
1858751	9606.ENSP00000382610	11.7	1
1844115	9606.ENSP00000252252	235	39
1859774	9606.ENSP00000394107	127	4
1846084	9606.ENSP00000269321	129	2
1846580	9606.ENSP00000278715	206	3
1848384	9606.ENSP00000302216	0.083	1
1850962	9606.ENSP00000327801	2123	121
1857245	9606.ENSP00000369943	33.0	8
1855782	9606.ENSP00000362010	148	4
1843726	9606.ENSP00000244573	7343	281
1847627	9606.ENSP00000295822	298	7
1845973	9606.ENSP00000267884	172	2
1853912	9606.ENSP00000352918	63.8	1
1846229	9606.ENSP00000272163	67.5	1
1848586	9606.ENSP00000303942	36.3	1
1852107	9606.ENSP00000338413	366	24
1845230	9606.ENSP00000262873	9.59	2
1854402	9606.ENSP00000355537	28.8	10
1847404	9606.ENSP00000293308	3729	301
1843912	9606.ENSP00000248437	2399	268
1842562	9606.ENSP00000216194	24.5	1
1856733	9606.ENSP00000366927	4.7	2
1858135	9606.ENSP00000377446	33.8	1
1858661	9606.ENSP00000381823	18.3	1
1859589	9606.ENSP00000391723	25.4	3
1852166	9606.ENSP00000339027	946	21
1843234	9606.ENSP00000230050	253	3
1846489	9606.ENSP00000276390	21.2	1
1858765	9606.ENSP00000382717	3.24	1
1853691	9606.ENSP00000351259	2.98	1
1844188	9606.ENSP00000253024	43.3	2
1855016	9606.ENSP00000358417	450	25
1858545	9606.ENSP00000381010	201	2
1858193	9606.ENSP00000377941	155	39
1850790	9606.ENSP00000326018	6.78	1
1848018	9606.ENSP00000299134	49.9	1
1848835	9606.ENSP00000306361	546	29
1861565	9606.ENSP00000422473	0.137	1
1847685	9606.ENSP00000296137	15.5	3
1847012	9606.ENSP00000286398	0.018	1
1847426	9606.ENSP00000293670	66.7	16
1854577	9606.ENSP00000356348	102	3
1848128	9606.ENSP00000300060	425	40
1855431	9606.ENSP00000360247	13.0	1
1852156	9606.ENSP00000338934	30.3	5
1856558	9606.ENSP00000366005	145	6
1844112	9606.ENSP00000252244	3103	299
1847903	9606.ENSP00000297785	1003	59
1848773	9606.ENSP00000305790	24.0	2
1852651	9606.ENSP00000343023	14.0	1
1848102	9606.ENSP00000299767	2070	166
1847420	9606.ENSP00000293525	48.4	12
1843481	9606.ENSP00000238156	32.0	1
1850022	9606.ENSP00000318165	21.1	1
1848178	9606.ENSP00000300408	2096	60
1847048	9606.ENSP00000287038	223	2
1856193	9606.ENSP00000363998	8.46	1
1845658	9606.ENSP00000264990	138	7
1843827	9606.ENSP00000246635	19.9	7
1855015	9606.ENSP00000358414	1203	65
1842979	9606.ENSP00000223366	23.8	1
1845305	9606.ENSP00000263207	9.37	1
1850497	9606.ENSP00000322926	14.4	1
1852130	9606.ENSP00000338703	273	14
1861225	9606.ENSP00000416445	0.039	1
1842558	9606.ENSP00000216181	883	143
1848400	9606.ENSP00000302393	74.5	12
1845965	9606.ENSP00000267812	26.8	1
1857955	9606.ENSP00000375730	157	3
1849650	9606.ENSP00000313759	10.9	1
1864926	9606.ENSP00000473172	85.8	5
1844229	9606.ENSP00000253452	129	3
1850450	9606.ENSP00000322439	975	54
1848916	9606.ENSP00000307129	37.5	1
1854111	9606.ENSP00000354376	8.01	1
1846460	9606.ENSP00000275820	1.62	1
1844214	9606.ENSP00000253329	26.0	1
1859634	9606.ENSP00000392330	143	3
1852328	9606.ENSP00000340466	498	38
1843776	9606.ENSP00000245812	7.48	1
1862335	9606.ENSP00000446743	38.2	3
1853397	9606.ENSP00000349142	502	18
1859246	9606.ENSP00000387176	178	119
1861022	9606.ENSP00000413479	9.79	5
1850940	9606.ENSP00000327589	1406	158
1843671	9606.ENSP00000243457	29.2	1
1844687	9606.ENSP00000259365	37.8	1
1851283	9606.ENSP00000330753	5.29	1
1853110	9606.ENSP00000346954	318	3
1853418	9606.ENSP00000349291	14.7	1
1846944	9606.ENSP00000285039	0.015	1
1860459	9606.ENSP00000404121	20.3	2
1851777	9606.ENSP00000334910	11.7	1
1848429	9606.ENSP00000302620	2258	75
1861761	9606.ENSP00000428845	62.1	2
1855395	9606.ENSP00000360107	23.7	1
1847864	9606.ENSP00000297405	8.12	3
1856200	9606.ENSP00000364028	0.035	1
1858999	9606.ENSP00000384957	16.1	1
1860196	9606.ENSP00000400036	0.05	1
1852912	9606.ENSP00000345230	251	11
1856751	9606.ENSP00000366999	3126	125
1861300	9606.ENSP00000417517	0.017	1
1846651	9606.ENSP00000280097	254	7
1843303	9606.ENSP00000231751	12.7	1
1845851	9606.ENSP00000266069	41.3	1
1850737	9606.ENSP00000325425	58.0	3
1857295	9606.ENSP00000370242	3.27	3
1844861	9606.ENSP00000261196	10.5	1
1848317	9606.ENSP00000301653	60.2	18
1845584	9606.ENSP00000264657	19.2	1
1861168	9606.ENSP00000415635	136	13
1860439	9606.ENSP00000403936	165	6
1844885	9606.ENSP00000261313	4534	81
1856276	9606.ENSP00000364475	323	17
1860195	9606.ENSP00000400010	0.587	1
1852081	9606.ENSP00000338185	12.8	2
1854241	9606.ENSP00000354876	2807	37
1848945	9606.ENSP00000307288	52.8	4
1843326	9606.ENSP00000232892	76.6	3
1862204	9606.ENSP00000442050	47.8	2
1850229	9606.ENSP00000320295	469	211
1851624	9606.ENSP00000333769	610	13
1842133	9606.ENSP00000005386	0.032	1
1847305	9606.ENSP00000291670	425	19
1843239	9606.ENSP00000230122	17.4	1
1853042	9606.ENSP00000346342	283	4
1847431	9606.ENSP00000293745	45.1	9
1850989	9606.ENSP00000328070	75.8	2
1851172	9606.ENSP00000329662	197	4
1864391	9606.ENSP00000470473	6.69	1
1852137	9606.ENSP00000338770	16.1	1
1844832	9606.ENSP00000260953	514	6
1847132	9606.ENSP00000288666	34.9	3
1849247	9606.ENSP00000310015	12.5	1
1843192	9606.ENSP00000229277	90.0	7
1853689	9606.ENSP00000351250	73.9	8
1845676	9606.ENSP00000265056	19.7	2
1853556	9606.ENSP00000350199	11.7	2
1846685	9606.ENSP00000280704	68.4	11
1854278	9606.ENSP00000355011	105	3
1857091	9606.ENSP00000369081	562	19
1849585	9606.ENSP00000312946	44.5	8
1847700	9606.ENSP00000296255	557	31
1844135	9606.ENSP00000252542	5.14	1
1845136	9606.ENSP00000262418	1494	85
1854868	9606.ENSP00000357750	18.4	1
1845553	9606.ENSP00000264451	0.048	1
1852201	9606.ENSP00000339328	39.1	1
1855157	9606.ENSP00000359025	15.5	1
1842707	9606.ENSP00000218439	26.8	1
1844726	9606.ENSP00000259808	0.029	1
1843310	9606.ENSP00000232219	291	9
1848653	9606.ENSP00000304592	207	44
1845446	9606.ENSP00000263967	0.022	1
1842800	9606.ENSP00000220764	369	15
1850599	9606.ENSP00000323929	27.8	4
1853477	9606.ENSP00000349679	33.3	1
1844589	9606.ENSP00000258341	13.3	2
1842508	9606.ENSP00000215793	52.3	3
1842535	9606.ENSP00000216038	19.7	1
1854702	9606.ENSP00000356972	77.4	3
1853290	9606.ENSP00000348381	31.2	2
1845796	9606.ENSP00000265728	0.036	1
1849578	9606.ENSP00000312778	8.36	1
1858116	9606.ENSP00000377298	21.7	5
1849268	9606.ENSP00000310189	17.3	1
1852398	9606.ENSP00000340989	167	25
1858997	9606.ENSP00000384900	277	18
1850938	9606.ENSP00000327583	120	2
1845867	9606.ENSP00000266383	0.023	1
1843720	9606.ENSP00000244520	122	1
1853522	9606.ENSP00000349959	4.85	1
1844404	9606.ENSP00000256078	79.1	6
1856118	9606.ENSP00000363559	372	7
1859428	9606.ENSP00000389465	41.9	1
1857313	9606.ENSP00000370376	56.3	2
1846222	9606.ENSP00000272065	298	7
1852022	9606.ENSP00000337632	28.5	1
1842662	9606.ENSP00000217402	218	4
1862087	9606.ENSP00000438262	0.021	1
1854385	9606.ENSP00000355467	58.3	2
1861254	9606.ENSP00000416959	42.7	1
1861946	9606.ENSP00000433721	510	6
1846368	9606.ENSP00000274242	184	1
1846765	9606.ENSP00000282050	6795	333
1844939	9606.ENSP00000261574	61.0	6
1845093	9606.ENSP00000262213	640	13
1845314	9606.ENSP00000263245	40.1	1
1847598	9606.ENSP00000295641	0.023	1
1842526	9606.ENSP00000215956	54.1	1
1862751	9606.ENSP00000451263	0.021	1
1845343	9606.ENSP00000263373	1.5	1
1845769	9606.ENSP00000265562	8.14	1
1843436	9606.ENSP00000236192	194	2
1857133	9606.ENSP00000369349	36.1	8
1858703	9606.ENSP00000382177	0.013	1
1853404	9606.ENSP00000349168	468	25
1851965	9606.ENSP00000337133	33.2	1
1844921	9606.ENSP00000261483	20.0	2
1852646	9606.ENSP00000342991	47.6	2
1860352	9606.ENSP00000402551	197	5
1851234	9606.ENSP00000330267	57.1	1
1845043	9606.ENSP00000262030	4259	246
1853777	9606.ENSP00000351885	42.6	1
1861981	9606.ENSP00000434724	69.2	1
1859549	9606.ENSP00000391266	60.9	2
1859325	9606.ENSP00000388119	34.7	2
1856096	9606.ENSP00000363452	0.048	1
1850072	9606.ENSP00000318697	384	194
1843147	9606.ENSP00000228506	389	13
1856126	9606.ENSP00000363614	306	14
1854485	9606.ENSP00000355930	4.08	1
1858475	9606.ENSP00000380444	20.4	5
1844987	9606.ENSP00000261758	138	3
1855476	9606.ENSP00000360473	79.2	1
1861273	9606.ENSP00000417183	12.6	1
1855744	9606.ENSP00000361824	189	62
1858145	9606.ENSP00000377527	471	54
1861596	9606.ENSP00000423567	0.083	1
1855988	9606.ENSP00000362900	93.6	11
1852066	9606.ENSP00000338034	209	6
1843974	9606.ENSP00000249750	4.53	2
1842732	9606.ENSP00000219240	17.0	1
1857368	9606.ENSP00000370748	597	15
1849470	9606.ENSP00000311857	0.07	1
1849818	9606.ENSP00000315774	69.0	2
1852957	9606.ENSP00000345656	103	3
1849931	9606.ENSP00000317128	13.7	2
1856019	9606.ENSP00000363054	37.4	1
1843091	9606.ENSP00000226444	46.4	2
1858513	9606.ENSP00000380785	73.9	5
1850194	9606.ENSP00000319977	504	12
1853006	9606.ENSP00000346037	2358	6
1846231	9606.ENSP00000272167	3252	123
1855335	9606.ENSP00000359769	46.3	2
1854958	9606.ENSP00000358140	36.3	3
1844813	9606.ENSP00000260665	70.3	11
1848527	9606.ENSP00000303423	17.3	1
1855278	9606.ENSP00000359539	1313	48
1857016	9606.ENSP00000368667	10.9	1
1843046	9606.ENSP00000225726	111	4
1846972	9606.ENSP00000285735	221	7
1854320	9606.ENSP00000355187	30.7	1
1843293	9606.ENSP00000231498	6.93	2
1846664	9606.ENSP00000280326	44.3	2
1845379	9606.ENSP00000263635	0.01	1
1858024	9606.ENSP00000376390	2.1	2
1846470	9606.ENSP00000276066	7.93	2
1847411	9606.ENSP00000293379	223	15
1842503	9606.ENSP00000215754	206	2
1855735	9606.ENSP00000361777	1156	22
1860849	9606.ENSP00000410452	391	8
1848605	9606.ENSP00000304139	138	15
1845677	9606.ENSP00000265062	601	21
1842482	9606.ENSP00000215375	3428	31
1860954	9606.ENSP00000412178	0.021	1
1854306	9606.ENSP00000355136	9.58	1
1850338	9606.ENSP00000321345	26.8	2
1853284	9606.ENSP00000348314	0.016	1
1855366	9606.ENSP00000359925	10.1	1
1861932	9606.ENSP00000433352	16.5	2
1845983	9606.ENSP00000267996	84.2	8
1856769	9606.ENSP00000367123	19.4	1
1852760	9606.ENSP00000343966	31.3	1
1858973	9606.ENSP00000384703	0.544	1
1849803	9606.ENSP00000315644	31.1	1
1857277	9606.ENSP00000370115	85.8	4
1842546	9606.ENSP00000216117	54.9	2
1848529	9606.ENSP00000303427	0.015	1
1854859	9606.ENSP00000357721	86.6	1
1849417	9606.ENSP00000311405	0.036	1
1845524	9606.ENSP00000264335	2074	101
1844101	9606.ENSP00000252071	70.3	4
1847245	9606.ENSP00000290597	1722	64
1843635	9606.ENSP00000242607	91.2	1
1854965	9606.ENSP00000358155	6869	388
1845102	9606.ENSP00000262269	122	28
1855255	9606.ENSP00000359478	18.8	1
1861690	9606.ENSP00000426906	19.6	1
1851736	9606.ENSP00000334563	0.007	1
1854304	9606.ENSP00000355124	431	64
1849566	9606.ENSP00000312697	0.058	1
1846733	9606.ENSP00000281537	6.86	1
1852076	9606.ENSP00000338160	19.1	1
1846282	9606.ENSP00000272895	5.03	1
1847120	9606.ENSP00000288235	2.33	1
1859363	9606.ENSP00000388658	45.9	7
1853276	9606.ENSP00000348258	3632	710
1843349	9606.ENSP00000233468	44.9	1
1855599	9606.ENSP00000361076	260	6
1853039	9606.ENSP00000346316	3632	710
1859895	9606.ENSP00000395811	131	2
1842791	9606.ENSP00000220584	118	7
1852725	9606.ENSP00000343657	20.3	1
1845046	9606.ENSP00000262033	115	3
1856472	9606.ENSP00000365462	24.5	2
1857983	9606.ENSP00000375977	107	5
1856937	9606.ENSP00000368119	47.7	3
1843076	9606.ENSP00000226209	0.469	1
1843038	9606.ENSP00000225614	1759	53
1857495	9606.ENSP00000371634	23.8	2
1846102	9606.ENSP00000269576	3694	164
1856637	9606.ENSP00000366396	27.2	2
1849553	9606.ENSP00000312625	88.1	3
1848760	9606.ENSP00000305692	50.2	3
1859257	9606.ENSP00000387278	0.038	1
1848738	9606.ENSP00000305494	42.8	3
1849827	9606.ENSP00000315931	11.3	1
1845527	9606.ENSP00000264346	49.3	3
1851007	9606.ENSP00000328203	32.2	2
1853228	9606.ENSP00000347890	18.7	1
1851211	9606.ENSP00000330054	2375	157
1843828	9606.ENSP00000246646	0.946	1
1858357	9606.ENSP00000379364	17.3	1
1845053	9606.ENSP00000262061	64.1	1
1842300	9606.ENSP00000167586	87.7	19
1844615	9606.ENSP00000258494	4.04	1
1847151	9606.ENSP00000289004	59.6	3
1850346	9606.ENSP00000321389	6969	351
1842363	9606.ENSP00000194152	388	16
1843075	9606.ENSP00000226207	0.466	1
1846132	9606.ENSP00000270142	878	12
1847502	9606.ENSP00000294728	29.4	2
1854140	9606.ENSP00000354526	15.6	1
1855333	9606.ENSP00000359759	34.7	2
1849235	9606.ENSP00000309845	45.6	5
1860141	9606.ENSP00000399168	29.5	3
1859618	9606.ENSP00000392094	46.1	4
1843815	9606.ENSP00000246337	73.6	1
1850384	9606.ENSP00000321744	1493	173
1844509	9606.ENSP00000257497	136	4
1850447	9606.ENSP00000322421	17563	347
1845692	9606.ENSP00000265104	4.88	3
1844706	9606.ENSP00000259569	4.41	1
1842174	9606.ENSP00000013034	353	11
1855854	9606.ENSP00000362306	0.021	1
1862739	9606.ENSP00000451080	96.5	1
1857967	9606.ENSP00000375844	18.8	1
1843844	9606.ENSP00000246914	14.7	4
1854219	9606.ENSP00000354791	9.29	1
1844727	9606.ENSP00000259818	748	278
1846529	9606.ENSP00000277480	61.1	1
1861270	9606.ENSP00000417175	20.6	1
1846221	9606.ENSP00000271971	15.0	1
1846923	9606.ENSP00000284719	65.4	2
1843991	9606.ENSP00000250101	90.8	2
1843405	9606.ENSP00000234590	1446	59
1855757	9606.ENSP00000361878	37.7	2
1842927	9606.ENSP00000222572	255	4
1849339	9606.ENSP00000310723	14.1	1
1853159	9606.ENSP00000347329	63.9	4
1845721	9606.ENSP00000265304	113	2
1847445	9606.ENSP00000293845	47.9	2
1847214	9606.ENSP00000290231	38.6	2
1857981	9606.ENSP00000375956	6.6	1
1842313	9606.ENSP00000171111	0.027	1
1850085	9606.ENSP00000318861	28.1	2
1849866	9606.ENSP00000316357	7.32	2
1862096	9606.ENSP00000438465	20.1	1
1854788	9606.ENSP00000357360	51.7	2
1855919	9606.ENSP00000362592	19.4	1
1844942	9606.ENSP00000261590	20.5	1
1854041	9606.ENSP00000353826	49.6	5
1855609	9606.ENSP00000361120	0.052	1
1863869	9606.ENSP00000464265	769	54
1842401	9606.ENSP00000202017	317	3
1862765	9606.ENSP00000451511	0.017	1
1850048	9606.ENSP00000318415	496	34
1845357	9606.ENSP00000263433	9.58	1
1864786	9606.ENSP00000472469	1354	13
1858515	9606.ENSP00000380795	185	5
