#id: 303
#name: H.sapiens - Vulva, SC (Wilhelm,Nature,2014)
#score: 7.81
#weight: 100%
#description: abundance based on Spectral counting, from<a href="http://www.nature.com/nature/journal/v509/n7502/full/nature13319.html" target="_blank">Wilhelm,Nature,2014</a><br/><b>Interaction consistency score</b>: 7.81&nbsp<b>Coverage</b>: 11
#organ: VULVA
#integrated: false
#coverage: 11
#publication_year: 2014
#filename: 9606-vulva_Wilhelm_2014_Maxquant.txt
#
#internal_id	string_external_id	abundance	raw_spectral_count
1863965	9606.ENSP00000466775	273	4
1848483	9606.ENSP00000303057	15.8	1
1858156	9606.ENSP00000377616	25.4	12
1843626	9606.ENSP00000242375	49.4	3
1859255	9606.ENSP00000387262	98.8	9
1849380	9606.ENSP00000311113	18.5	2
1848245	9606.ENSP00000301072	412	82
1845214	9606.ENSP00000262776	336	20
1851610	9606.ENSP00000333664	112	4
1844902	9606.ENSP00000261401	285	10
1859080	9606.ENSP00000385927	35.0	2
1852518	9606.ENSP00000341885	23.6	2
1854706	9606.ENSP00000356988	111	5
1861620	9606.ENSP00000424183	40.6	1
1857559	9606.ENSP00000372136	30.5	1
1858529	9606.ENSP00000380921	35.2	3
1850586	9606.ENSP00000323856	99.2	69
1860535	9606.ENSP00000405573	905	51
1849473	9606.ENSP00000311876	222	9
1849316	9606.ENSP00000310590	4.95	1
1855852	9606.ENSP00000362300	1.44	1
1848886	9606.ENSP00000306864	65.4	3
1850207	9606.ENSP00000320084	72.9	3
1845339	9606.ENSP00000263368	3862	68
1845583	9606.ENSP00000264651	71.7	35
1844882	9606.ENSP00000261303	36.5	2
1845270	9606.ENSP00000263038	17.3	1
1853711	9606.ENSP00000351410	79.2	4
1842898	9606.ENSP00000222256	5.85	2
1849979	9606.ENSP00000317714	46.0	1
1844198	9606.ENSP00000253108	22.5	1
1851354	9606.ENSP00000331514	1712	254
1850502	9606.ENSP00000322991	26.2	1
1861233	9606.ENSP00000416561	881	145
1860725	9606.ENSP00000408526	22.4	1
1849675	9606.ENSP00000314030	81.7	4
1853267	9606.ENSP00000348163	214	24
1844123	9606.ENSP00000252456	688	16
1852110	9606.ENSP00000338481	44.0	6
1858619	9606.ENSP00000381565	34.9	6
1853670	9606.ENSP00000351108	331	7
1842673	9606.ENSP00000217652	475	23
1854397	9606.ENSP00000355518	329	14
1852297	9606.ENSP00000340210	74.3	2
1854615	9606.ENSP00000356520	24.9	3
1849495	9606.ENSP00000312122	148	2
1856652	9606.ENSP00000366488	6.74	1
1848508	9606.ENSP00000303222	27.6	1
1857007	9606.ENSP00000368605	14.4	1
1859595	9606.ENSP00000391774	1021	42
1842992	9606.ENSP00000224073	92.7	1
1851247	9606.ENSP00000330374	15.4	1
1849997	9606.ENSP00000317955	476	81
1854585	9606.ENSP00000356382	263	21
1844173	9606.ENSP00000252936	1.22	1
1847260	9606.ENSP00000290866	13.9	3
1855673	9606.ENSP00000361475	21.8	2
1844701	9606.ENSP00000259477	129	2
1853069	9606.ENSP00000346577	18.0	3
1843722	9606.ENSP00000244534	203	11
1843731	9606.ENSP00000244661	35.0	3
1855516	9606.ENSP00000360671	89.5	9
1848968	9606.ENSP00000307540	27.5	1
1855600	9606.ENSP00000361083	633	2
1859250	9606.ENSP00000387219	32.7	1
1855459	9606.ENSP00000360365	99.6	3
1847484	9606.ENSP00000294413	11.9	1
1852109	9606.ENSP00000338477	244	9
1862814	9606.ENSP00000452762	572	21
1843485	9606.ENSP00000238497	9.65	2
1847664	9606.ENSP00000296028	86.8	2
1843365	9606.ENSP00000233714	138	7
1857035	9606.ENSP00000368767	431	21
1853814	9606.ENSP00000352208	7.15	2
1857263	9606.ENSP00000370023	301	26
1848820	9606.ENSP00000306223	6.63	1
1855086	9606.ENSP00000358737	90.8	5
1842266	9606.ENSP00000157600	30.8	2
1855858	9606.ENSP00000362329	661	25
1861487	9606.ENSP00000420487	24.9	4
1847542	9606.ENSP00000295137	587	175
1842420	9606.ENSP00000204615	92.9	4
1852693	9606.ENSP00000343412	28.3	1
1860790	9606.ENSP00000409382	6.17	5
1846344	9606.ENSP00000273920	20.8	1
1864001	9606.ENSP00000468236	53.4	1
1844353	9606.ENSP00000255084	15.4	5
1846623	9606.ENSP00000279230	7.07	1
1851265	9606.ENSP00000330523	76.4	3
1846804	9606.ENSP00000282541	152	10
1859729	9606.ENSP00000393566	22.4	1
1853651	9606.ENSP00000350937	54.5	3
1845196	9606.ENSP00000262662	40.1	1
1849313	9606.ENSP00000310572	130	7
1857486	9606.ENSP00000371554	1656	31
1844779	9606.ENSP00000260356	513	73
1846625	9606.ENSP00000279247	676	50
1842478	9606.ENSP00000215071	129	4
1843666	9606.ENSP00000243346	38.3	2
1846187	9606.ENSP00000271308	547	13
1855855	9606.ENSP00000362308	211	3
1852546	9606.ENSP00000342070	142	6
1848197	9606.ENSP00000300605	167	5
1843580	9606.ENSP00000240851	85.6	2
1852943	9606.ENSP00000345492	3.02	1
1848824	9606.ENSP00000306261	13.1	24
1852634	9606.ENSP00000342858	493	40
1860958	9606.ENSP00000412237	122	2
1851906	9606.ENSP00000336687	115	3
1854428	9606.ENSP00000355645	590	176
1856036	9606.ENSP00000363157	81.0	2
1848133	9606.ENSP00000300087	69.9	1
1856799	9606.ENSP00000367263	683	460
1854507	9606.ENSP00000356037	971	63
1843632	9606.ENSP00000242577	118	2
1854604	9606.ENSP00000356448	24.6	6
1853986	9606.ENSP00000353472	6.07	1
1852245	9606.ENSP00000339740	7.87	2
1843112	9606.ENSP00000227378	1057	91
1842619	9606.ENSP00000216775	1.25	1
1847187	9606.ENSP00000289779	217	7
1846014	9606.ENSP00000268379	415	14
1848151	9606.ENSP00000300161	763	46
1852186	9606.ENSP00000339191	647	13
1847841	9606.ENSP00000297258	513	8
1843442	9606.ENSP00000236850	9286	360
1859665	9606.ENSP00000392709	102	7
1849409	9606.ENSP00000311344	13.9	3
1856105	9606.ENSP00000363500	366	13
1845244	9606.ENSP00000262919	116	17
1849718	9606.ENSP00000314556	29.9	5
1850384	9606.ENSP00000321744	19.3	4
1843307	9606.ENSP00000232003	679	32
1847349	9606.ENSP00000292385	72.8	3
1847212	9606.ENSP00000290216	191	6
1849987	9606.ENSP00000317842	12.6	1
1848801	9606.ENSP00000306010	300	18
1856325	9606.ENSP00000364694	92.0	4
1847997	9606.ENSP00000298841	270	14
1851002	9606.ENSP00000328173	531	32
1845995	9606.ENSP00000268125	19.0	1
1857794	9606.ENSP00000373730	10.9	2
1845440	9606.ENSP00000263934	1.93	1
1851387	9606.ENSP00000331745	159	5
1845671	9606.ENSP00000265029	18.2	1
1851481	9606.ENSP00000332511	69.1	4
1845020	9606.ENSP00000261890	194	12
1856800	9606.ENSP00000367265	14.9	1
1844410	9606.ENSP00000256178	57.7	2
1847401	9606.ENSP00000293280	81.9	1
1864016	9606.ENSP00000468690	104	2
1849058	9606.ENSP00000308334	29.0	1
1847163	9606.ENSP00000289316	19.3	4
1854113	9606.ENSP00000354394	111	11
1861305	9606.ENSP00000417580	125	3
1858578	9606.ENSP00000381220	21.4	1
1845616	9606.ENSP00000264758	131	10
1842446	9606.ENSP00000207437	20.4	1
1856462	9606.ENSP00000365411	25.4	1
1855051	9606.ENSP00000358548	42.3	4
1861702	9606.ENSP00000427279	152	5
1845084	9606.ENSP00000262187	45.6	1
1848472	9606.ENSP00000302935	40.9	6
1861658	9606.ENSP00000425556	14.1	2
1855915	9606.ENSP00000362576	52.8	4
1844460	9606.ENSP00000256682	548	32
1845775	9606.ENSP00000265594	65.6	3
1845324	9606.ENSP00000263273	226	14
1856660	9606.ENSP00000366525	1206	19
1853064	9606.ENSP00000346550	3283	248
1842863	9606.ENSP00000221847	193	3
1847027	9606.ENSP00000286713	485	19
1844711	9606.ENSP00000259632	124	3
1844317	9606.ENSP00000254722	597	27
1858992	9606.ENSP00000384886	39.7	1
1852863	9606.ENSP00000344822	62.5	1
1856159	9606.ENSP00000363794	27.6	1
1860733	9606.ENSP00000408632	187	4
1842663	9606.ENSP00000217407	113	5
1852826	9606.ENSP00000344504	667	8
1862707	9606.ENSP00000450560	364	46
1853333	9606.ENSP00000348706	19.3	4
1853096	9606.ENSP00000346827	365	24
1842839	9606.ENSP00000221476	8.52	1
1849633	9606.ENSP00000313571	92.9	4
1852730	9606.ENSP00000343690	532	46
1852071	9606.ENSP00000338082	979	120
1852647	9606.ENSP00000343000	52.7	2
1857323	9606.ENSP00000370419	52.8	3
1847255	9606.ENSP00000290776	13.8	2
1842620	9606.ENSP00000216780	12.3	1
1848837	9606.ENSP00000306382	6.2	2
1854062	9606.ENSP00000354003	884	4
1846906	9606.ENSP00000284440	7204	84
1843832	9606.ENSP00000246747	119	3
1855026	9606.ENSP00000358460	91.8	3
1848672	9606.ENSP00000304802	48.3	2
1859578	9606.ENSP00000391592	55.1	5
1853122	9606.ENSP00000347041	104	3
1843490	9606.ENSP00000238616	10.2	1
1856298	9606.ENSP00000364589	4.72	1
1848526	9606.ENSP00000303408	13.6	3
1856405	9606.ENSP00000365081	346	3
1843675	9606.ENSP00000243611	123	5
1843753	9606.ENSP00000245304	10.5	1
1856491	9606.ENSP00000365569	59.4	4
1853851	9606.ENSP00000352455	201	3
1849999	9606.ENSP00000317985	2.82	1
1856140	9606.ENSP00000363676	258	4
1849940	9606.ENSP00000317232	31.5	4
1849114	9606.ENSP00000308815	421	4
1862126	9606.ENSP00000439444	73.5	6
1854640	9606.ENSP00000356621	8.72	2
1860209	9606.ENSP00000400168	3.98	1
1856500	9606.ENSP00000365630	4.51	5
1842405	9606.ENSP00000202773	30.8	1
1846836	9606.ENSP00000283179	246	16
1855990	9606.ENSP00000362924	3203	153
1853372	9606.ENSP00000348918	115	1
1842671	9606.ENSP00000217456	398	19
1853595	9606.ENSP00000350425	683	42
1863597	9606.ENSP00000461324	29.6	3
1846175	9606.ENSP00000270776	657	32
1853517	9606.ENSP00000349932	27.7	5
1855596	9606.ENSP00000361064	10.1	1
1845743	9606.ENSP00000265394	12.3	1
1843439	9606.ENSP00000236671	312	24
1849703	9606.ENSP00000314414	189	23
1848600	9606.ENSP00000304102	399	8
1846504	9606.ENSP00000276590	24.9	1
1850494	9606.ENSP00000322909	23.7	1
1842431	9606.ENSP00000205636	258	4
1844973	9606.ENSP00000261716	4.15	1
1847760	9606.ENSP00000296585	37.3	5
1859939	9606.ENSP00000396505	953	16
1856984	9606.ENSP00000368438	133	5
1857748	9606.ENSP00000373343	1.37	1
1845249	9606.ENSP00000262947	808	5
1849183	9606.ENSP00000309503	1460	65
1845812	9606.ENSP00000265838	436	17
1850035	9606.ENSP00000318297	202	11
1845955	9606.ENSP00000267568	18.7	1
1852755	9606.ENSP00000343924	3302	145
1842521	9606.ENSP00000215909	1105	19
1845245	9606.ENSP00000262932	39.2	1
1845637	9606.ENSP00000264893	356	18
1845269	9606.ENSP00000263036	86.6	7
1842608	9606.ENSP00000216500	112	5
1849480	9606.ENSP00000311984	40.0	2
1852681	9606.ENSP00000343290	7.03	1
1846951	9606.ENSP00000285208	29.9	6
1843830	9606.ENSP00000246662	8449	408
1853210	9606.ENSP00000347744	28.7	3
1850113	9606.ENSP00000319096	97.8	3
1862829	9606.ENSP00000453129	17.6	1
1853613	9606.ENSP00000350630	7.9	2
1846237	9606.ENSP00000272224	213	8
1858681	9606.ENSP00000381992	472	23
1858269	9606.ENSP00000378517	46.2	2
1852328	9606.ENSP00000340466	527	49
1848044	9606.ENSP00000299300	433	27
1862734	9606.ENSP00000450995	3.98	1
1863592	9606.ENSP00000461295	14.5	2
1851568	9606.ENSP00000333277	35.0	3
1847224	9606.ENSP00000290349	693	27
1852416	9606.ENSP00000341138	12.9	4
1861167	9606.ENSP00000415634	122	3
1844144	9606.ENSP00000252603	339	10
1845343	9606.ENSP00000263373	8.65	6
1849932	9606.ENSP00000317141	896	29
1843962	9606.ENSP00000249396	20.6	1
1849488	9606.ENSP00000312042	77.3	11
1852156	9606.ENSP00000338934	348	53
1862194	9606.ENSP00000441875	195	8
1854190	9606.ENSP00000354681	25.4	4
1850252	9606.ENSP00000320503	23.2	2
1845372	9606.ENSP00000263579	21.4	1
1845517	9606.ENSP00000264265	357	5
1846114	9606.ENSP00000269848	282	24
1847045	9606.ENSP00000287020	42.4	2
1861995	9606.ENSP00000435289	421	6
1846580	9606.ENSP00000278715	88.1	4
1853365	9606.ENSP00000348886	30.9	1
1846728	9606.ENSP00000281456	45.8	7
1845594	9606.ENSP00000264677	6.09	2
1855425	9606.ENSP00000360217	103	2
1846880	9606.ENSP00000284031	137	5
1848923	9606.ENSP00000307156	90.1	21
1850327	9606.ENSP00000321259	496	22
1861891	9606.ENSP00000431872	1086	14
1846064	9606.ENSP00000269122	470	99
1844853	9606.ENSP00000261173	1.97	1
1854869	9606.ENSP00000357753	39.6	3
1853278	9606.ENSP00000348283	7530	733
1846009	9606.ENSP00000268261	20.9	1
1846735	9606.ENSP00000281589	25.0	4
1850467	9606.ENSP00000322594	15.0	5
1853944	9606.ENSP00000353099	105	3
1843187	9606.ENSP00000229251	154	6
1849067	9606.ENSP00000308405	133	3
1853977	9606.ENSP00000353415	17.1	2
1855221	9606.ENSP00000359345	137	4
1853105	9606.ENSP00000346916	1.48	1
1854723	9606.ENSP00000357060	1.64	1
1862910	9606.ENSP00000454699	23.7	1
1856583	9606.ENSP00000366156	96.3	4
1845757	9606.ENSP00000265462	401	11
1858295	9606.ENSP00000378786	373	7
1863943	9606.ENSP00000466214	95.7	3
1843696	9606.ENSP00000244043	34.0	2
1846170	9606.ENSP00000270645	169	6
1850828	9606.ENSP00000326381	141	15
1842214	9606.ENSP00000044462	495	15
1862799	9606.ENSP00000452347	44.5	1
1849314	9606.ENSP00000310573	218	68
1844573	9606.ENSP00000258123	13.3	2
1848272	9606.ENSP00000301286	961	173
1844015	9606.ENSP00000250559	705	22
1842741	9606.ENSP00000219313	16.6	1
1843634	9606.ENSP00000242592	70.2	4
1845674	9606.ENSP00000265044	102	1
1854562	9606.ENSP00000356263	35.9	1
1861219	9606.ENSP00000416293	270	8
1843839	9606.ENSP00000246868	180	5
1847909	9606.ENSP00000297848	1322	249
1847646	9606.ENSP00000295927	24.5	1
1853819	9606.ENSP00000352248	22.2	4
1843937	9606.ENSP00000248975	621	38
1843224	9606.ENSP00000229824	35.8	5
1843028	9606.ENSP00000225519	84.7	4
1856207	9606.ENSP00000364076	30.9	1
1848473	9606.ENSP00000302936	52.5	2
1858179	9606.ENSP00000377833	776	38
1857335	9606.ENSP00000370517	159	15
1847717	9606.ENSP00000296370	115	1
1853135	9606.ENSP00000347168	34.4	6
1844696	9606.ENSP00000259457	405	9
1843499	9606.ENSP00000238738	39.2	2
1844996	9606.ENSP00000261799	6.08	1
1849500	9606.ENSP00000312143	26.2	9
1853691	9606.ENSP00000351259	2.35	1
1842665	9606.ENSP00000217423	27.4	1
1855972	9606.ENSP00000362807	232	5
1844962	9606.ENSP00000261669	13.0	1
1846901	9606.ENSP00000284320	218	10
1846829	9606.ENSP00000283027	11.8	1
1842505	9606.ENSP00000215773	331	6
1854017	9606.ENSP00000353679	20.8	2
1853504	9606.ENSP00000349873	10.9	2
1854730	9606.ENSP00000357075	1231	44
1847257	9606.ENSP00000290810	141	8
1850900	9606.ENSP00000327191	30.5	4
1855588	9606.ENSP00000361027	9.88	1
1856676	9606.ENSP00000366618	19.3	4
1845382	9606.ENSP00000263645	36.1	1
1844091	9606.ENSP00000251968	23.1	1
1854589	9606.ENSP00000356395	141	13
1847208	9606.ENSP00000290158	310	26
1852102	9606.ENSP00000338358	317	17
1859724	9606.ENSP00000393541	21.9	1
1843747	9606.ENSP00000245121	60.8	4
1843162	9606.ENSP00000228825	697	12
1847604	9606.ENSP00000295685	373	15
1854402	9606.ENSP00000355537	124	44
1845411	9606.ENSP00000263774	120	5
1855261	9606.ENSP00000359497	18.7	2
1856904	9606.ENSP00000367891	92.9	4
1852723	9606.ENSP00000343645	178	13
1845096	9606.ENSP00000262225	124	3
1848865	9606.ENSP00000306614	141	2
1855347	9606.ENSP00000359804	223	13
1849907	9606.ENSP00000316809	188	6
1858149	9606.ENSP00000377558	15.5	20
1849273	9606.ENSP00000310219	263	45
1862308	9606.ENSP00000446121	36.9	3
1849949	9606.ENSP00000317331	168	3
1843974	9606.ENSP00000249750	7.54	5
1859832	9606.ENSP00000394842	122	3
1843822	9606.ENSP00000246548	62.5	4
1856427	9606.ENSP00000365233	141	19
1844251	9606.ENSP00000253794	287	6
1843750	9606.ENSP00000245206	15.7	1
1856167	9606.ENSP00000363827	35.3	15
1850617	9606.ENSP00000324172	1.81	1
1842805	9606.ENSP00000220849	26.5	1
1845641	9606.ENSP00000264908	329	14
1855382	9606.ENSP00000360021	129	1
1851406	9606.ENSP00000331897	220	13
1851872	9606.ENSP00000335605	215	4
1853980	9606.ENSP00000353444	265	10
1851117	9606.ENSP00000329165	11.0	19
1855272	9606.ENSP00000359525	81.5	4
1844618	9606.ENSP00000258530	3.38	1
1857560	9606.ENSP00000372155	758	26
1859702	9606.ENSP00000393241	216	4
1846617	9606.ENSP00000279146	83.0	3
1844907	9606.ENSP00000261416	99.8	6
1848963	9606.ENSP00000307508	411	19
1845897	9606.ENSP00000266718	5902	237
1842632	9606.ENSP00000216968	99.4	2
1846509	9606.ENSP00000276651	12.4	4
1848401	9606.ENSP00000302397	11.2	4
1845797	9606.ENSP00000265729	298	9
1843185	9606.ENSP00000229239	4288	116
1848521	9606.ENSP00000303356	107	4
1844986	9606.ENSP00000261755	226	13
1858831	9606.ENSP00000383382	53.8	1
1857974	9606.ENSP00000375892	14.2	1
1856185	9606.ENSP00000363965	114	4
1857811	9606.ENSP00000373918	257	20
1847733	9606.ENSP00000296464	12.6	3
1854424	9606.ENSP00000355627	777	36
1859066	9606.ENSP00000385746	41.8	2
1846609	9606.ENSP00000279022	496	20
1847269	9606.ENSP00000290949	66.9	1
1845542	9606.ENSP00000264414	24.1	3
1847940	9606.ENSP00000298248	144	6
1843008	9606.ENSP00000225174	434	4
1846274	9606.ENSP00000272645	249	3
1856150	9606.ENSP00000363745	60.6	5
1848617	9606.ENSP00000304236	206	6
1849031	9606.ENSP00000308057	221	6
1850719	9606.ENSP00000325240	1054	33
1855753	9606.ENSP00000361867	42.3	4
1846079	9606.ENSP00000269243	73.0	41
1842759	9606.ENSP00000219548	82.0	4
1842303	9606.ENSP00000168216	624	18
1843340	9606.ENSP00000233143	1390	4
1852037	9606.ENSP00000337761	13.9	5
1849526	9606.ENSP00000312370	120	5
1844718	9606.ENSP00000259727	125	7
1853981	9606.ENSP00000353452	49.6	12
1849199	9606.ENSP00000309572	4.54	1
1848511	9606.ENSP00000303242	54.2	6
1854953	9606.ENSP00000358106	79.6	9
1842726	9606.ENSP00000219169	295	3
1859160	9606.ENSP00000386394	265	7
1858105	9606.ENSP00000377148	11.4	1
1855881	9606.ENSP00000362409	135	11
1863114	9606.ENSP00000457299	157	8
1846902	9606.ENSP00000284322	19.6	3
1854069	9606.ENSP00000354045	527	65
1852466	9606.ENSP00000341524	130	9
1853158	9606.ENSP00000347324	44.5	1
1846579	9606.ENSP00000278671	116	2
1849816	9606.ENSP00000315757	197	22
1851755	9606.ENSP00000334738	227	8
1845647	9606.ENSP00000264933	429	9
1846563	9606.ENSP00000278407	2292	111
1856191	9606.ENSP00000363988	4.72	1
1852251	9606.ENSP00000339795	67.7	1
1853058	9606.ENSP00000346483	42.3	1
1853238	9606.ENSP00000347942	0.607	1
1849168	9606.ENSP00000309338	248	5
1852736	9606.ENSP00000343742	53.9	1
1845727	9606.ENSP00000265335	60.8	9
1855763	9606.ENSP00000361914	11.1	1
1842451	9606.ENSP00000209668	937	78
1842584	9606.ENSP00000216336	89.8	3
1855720	9606.ENSP00000361699	7.47	1
1845429	9606.ENSP00000263867	462	12
1846379	9606.ENSP00000274364	4.04	3
1852304	9606.ENSP00000340274	10.5	1
1856279	9606.ENSP00000364486	37.1	2
1847640	9606.ENSP00000295901	24.6	2
1849743	9606.ENSP00000314949	93.3	16
1863897	9606.ENSP00000464814	15.7	1
1843407	9606.ENSP00000234677	54.4	4
1842866	9606.ENSP00000221859	483	12
1849934	9606.ENSP00000317159	191	5
1859865	9606.ENSP00000395449	95.8	6
1852972	9606.ENSP00000345771	36.5	8
1861595	9606.ENSP00000423563	22.4	1
1846392	9606.ENSP00000274520	123	2
1861848	9606.ENSP00000430706	411	13
1842374	9606.ENSP00000196551	70.2	2
1848300	9606.ENSP00000301464	40.6	1
1854902	9606.ENSP00000357861	1121	78
1857276	9606.ENSP00000370109	4.94	1
1855912	9606.ENSP00000362566	22.3	3
1849263	9606.ENSP00000310129	278	25
1860599	9606.ENSP00000406381	53.4	1
1855926	9606.ENSP00000362618	6.79	1
1847973	9606.ENSP00000298556	117	4
1843972	9606.ENSP00000249700	23.6	2
1846239	9606.ENSP00000272233	22.2	1
1845475	9606.ENSP00000264071	393	91
1842319	9606.ENSP00000173527	181	7
1847605	9606.ENSP00000295688	135	10
1854079	9606.ENSP00000354125	13.8	1
1861812	9606.ENSP00000429931	37.3	1
1843886	9606.ENSP00000247970	115	2
1848279	9606.ENSP00000301329	514	16
1845087	9606.ENSP00000262193	176	4
1858928	9606.ENSP00000384296	51.4	5
1843256	9606.ENSP00000230538	211	42
1844077	9606.ENSP00000251645	11.2	19
1852098	9606.ENSP00000338345	839	10
1849619	9606.ENSP00000313391	14.0	1
1846513	9606.ENSP00000276692	36.4	2
1858516	9606.ENSP00000380824	58.3	3
1849840	9606.ENSP00000316042	96.3	4
1856350	9606.ENSP00000364801	438	87
1847300	9606.ENSP00000291577	148	5
1851691	9606.ENSP00000334188	115	3
1845907	9606.ENSP00000266971	117	6
1848116	9606.ENSP00000299964	375	8
1852133	9606.ENSP00000338728	10.1	2
1848445	9606.ENSP00000302728	33.0	1
1857753	9606.ENSP00000373370	9.6	2
1855892	9606.ENSP00000362463	311	7
1856313	9606.ENSP00000364649	90.3	5
1849251	9606.ENSP00000310040	109	3
1853486	9606.ENSP00000349722	59.8	1
1862121	9606.ENSP00000439189	89.6	80
1856670	9606.ENSP00000366581	34.4	6
1844866	9606.ENSP00000261211	1.47	2
1853321	9606.ENSP00000348602	3.99	1
1847848	9606.ENSP00000297283	149	14
1855679	9606.ENSP00000361512	167	10
1843595	9606.ENSP00000241337	185	11
1842641	9606.ENSP00000217133	28.6	20
1843319	9606.ENSP00000232564	101	9
1852440	9606.ENSP00000341285	407	26
1851504	9606.ENSP00000332706	249	2
1843292	9606.ENSP00000231487	418	8
1847742	9606.ENSP00000296503	124	3
1852618	9606.ENSP00000342710	227	107
1844587	9606.ENSP00000258317	48.7	1
1858066	9606.ENSP00000376800	625	6
1842645	9606.ENSP00000217182	1513	132
1857065	9606.ENSP00000368959	288	4
1851297	9606.ENSP00000330918	96.3	4
1858222	9606.ENSP00000378191	98.5	3
1856187	9606.ENSP00000363972	49.5	2
1842225	9606.ENSP00000054668	119	3
1859806	9606.ENSP00000394494	14.6	1
1845991	9606.ENSP00000268097	13.7	1
1849179	9606.ENSP00000309474	23.8	3
1846309	9606.ENSP00000273283	1505	122
1853456	9606.ENSP00000349541	2544	79
1847225	9606.ENSP00000290354	360	18
1854480	9606.ENSP00000355922	2.08	1
1845466	9606.ENSP00000264036	777	57
1844127	9606.ENSP00000252486	1916	86
1846543	9606.ENSP00000277903	17.1	1
1850907	9606.ENSP00000327255	61.3	4
1852997	9606.ENSP00000345988	1.5	1
1848809	9606.ENSP00000306106	59.9	1
1850234	9606.ENSP00000320324	369	56
1854021	9606.ENSP00000353701	282	19
1845308	9606.ENSP00000263212	31.1	1
1844710	9606.ENSP00000259631	1128	3
1853952	9606.ENSP00000353157	520	19
1861765	9606.ENSP00000428924	6.6	1
1852134	9606.ENSP00000338742	77.3	6
1847405	9606.ENSP00000293328	87.6	17
1846473	9606.ENSP00000276079	105	5
1856558	9606.ENSP00000366005	138	8
1854006	9606.ENSP00000353624	34.4	6
1850745	9606.ENSP00000325527	68.2	31
1845384	9606.ENSP00000263655	391	6
1857363	9606.ENSP00000370719	26.5	7
1853254	9606.ENSP00000348068	14088	619
1854502	9606.ENSP00000356015	162	5
1860103	9606.ENSP00000398698	464	13
1844604	9606.ENSP00000258418	103	5
1857024	9606.ENSP00000368699	42.7	1
1845668	9606.ENSP00000265023	1127	85
1844834	9606.ENSP00000260967	2.01	2
1852586	9606.ENSP00000342374	65.9	1
1852636	9606.ENSP00000342886	13.6	3
1861781	9606.ENSP00000429243	55.6	2
1846118	9606.ENSP00000269886	48.5	2
1842954	9606.ENSP00000223029	56.4	1
1846197	9606.ENSP00000271450	89.7	4
1846180	9606.ENSP00000270879	228	10
1855966	9606.ENSP00000362778	162	7
1850995	9606.ENSP00000328111	301	7
1842655	9606.ENSP00000217289	8.11	2
1843120	9606.ENSP00000227525	48.8	1
1857956	9606.ENSP00000375736	13.6	3
1859716	9606.ENSP00000393379	2.53	1
1854230	9606.ENSP00000354841	451	12
1862959	9606.ENSP00000455329	64.8	2
1845497	9606.ENSP00000264187	415	55
1848620	9606.ENSP00000304283	72.2	5
1857846	9606.ENSP00000374332	149	5
1864741	9606.ENSP00000472249	18.9	1
1854646	9606.ENSP00000356652	138	3
1863725	9606.ENSP00000462730	10.9	3
1852902	9606.ENSP00000345156	65.7	1
1846469	9606.ENSP00000276062	49.0	1
1858246	9606.ENSP00000378360	140	8
1859666	9606.ENSP00000392718	54.7	53
1858664	9606.ENSP00000381844	473	19
1850172	9606.ENSP00000319690	138	4
1849395	9606.ENSP00000311224	57.1	7
1852180	9606.ENSP00000339157	116	6
1853972	9606.ENSP00000353375	138	14
1853189	9606.ENSP00000347596	133	8
1846162	9606.ENSP00000270586	175	5
1850874	9606.ENSP00000326858	12.2	1
1847309	9606.ENSP00000291700	142	1
1858327	9606.ENSP00000379098	4.09	1
1861828	9606.ENSP00000430269	43.4	4
1854354	9606.ENSP00000355325	254	8
1844348	9606.ENSP00000255030	381	8
1846222	9606.ENSP00000272065	292	6
1850918	9606.ENSP00000327431	860	116
1843296	9606.ENSP00000231524	12.8	1
1843286	9606.ENSP00000231368	5.85	1
1856563	9606.ENSP00000366032	75.0	2
1850385	9606.ENSP00000321746	10.7	1
1847242	9606.ENSP00000290573	18.2	7
1842799	9606.ENSP00000220763	36.5	2
1859755	9606.ENSP00000393887	1801	38
1862281	9606.ENSP00000444823	35.0	3
1855068	9606.ENSP00000358635	69.8	5
1857197	9606.ENSP00000369654	15109	816
1853817	9606.ENSP00000352222	7.22	1
1847834	9606.ENSP00000297185	583	46
1848178	9606.ENSP00000300408	223	8
1844129	9606.ENSP00000252491	164	1
1846809	9606.ENSP00000282588	190	23
1854857	9606.ENSP00000357708	1265	10
1852858	9606.ENSP00000344789	3.57	1
1863971	9606.ENSP00000466950	13.0	1
1846497	9606.ENSP00000276461	22.2	2
1863857	9606.ENSP00000464149	11.0	2
1860851	9606.ENSP00000410481	963	12
1847296	9606.ENSP00000291568	265	3
1845635	9606.ENSP00000264870	1016	85
1862133	9606.ENSP00000439660	35.0	3
1859676	9606.ENSP00000392859	224	6
1849761	9606.ENSP00000315130	1290	58
1848188	9606.ENSP00000300527	109	13
1852907	9606.ENSP00000345195	60.3	4
1855432	9606.ENSP00000360250	36.5	1
1851102	9606.ENSP00000329008	52.8	2
1842452	9606.ENSP00000209718	32.6	5
1855527	9606.ENSP00000360718	5.97	2
1847685	9606.ENSP00000296137	6.24	1
1843314	9606.ENSP00000232461	14.4	7
1842891	9606.ENSP00000222214	65.3	2
1847998	9606.ENSP00000298852	299	14
1842516	9606.ENSP00000215882	71.8	3
1849679	9606.ENSP00000314067	60.0	5
1862038	9606.ENSP00000436585	151	5
1860827	9606.ENSP00000410076	38.2	1
1842851	9606.ENSP00000221566	160	5
1858441	9606.ENSP00000380177	19.3	4
1855399	9606.ENSP00000360124	410	30
1842511	9606.ENSP00000215829	156	1
1851928	9606.ENSP00000336799	383	86
1848125	9606.ENSP00000300055	1342	87
1858171	9606.ENSP00000377783	546	33
1851407	9606.ENSP00000331901	215	14
1843232	9606.ENSP00000230036	287	26
1843994	9606.ENSP00000250124	61.7	1
1851832	9606.ENSP00000335304	257	10
1843265	9606.ENSP00000230771	6.45	1
1856355	9606.ENSP00000364815	13.8	2
1848034	9606.ENSP00000299218	314	51
1857461	9606.ENSP00000371393	199	15
1844111	9606.ENSP00000252242	1515	277
1842666	9606.ENSP00000217426	665	29
1842290	9606.ENSP00000164139	28.2	10
1842884	9606.ENSP00000222120	5.43	2
1849191	9606.ENSP00000309539	621	40
1842925	9606.ENSP00000222553	119	14
1859387	9606.ENSP00000388942	69.5	4
1851713	9606.ENSP00000334373	21.4	1
1860940	9606.ENSP00000411904	1.33	1
1843124	9606.ENSP00000227667	580	8
1843461	9606.ENSP00000237500	475	23
1851910	9606.ENSP00000336712	78.1	10
1845040	9606.ENSP00000262017	128	18
1842163	9606.ENSP00000010404	159	2
1852214	9606.ENSP00000339399	425	14
1847771	9606.ENSP00000296666	50.1	1
1843785	9606.ENSP00000245932	282	11
1846241	9606.ENSP00000272252	116	4
1854001	9606.ENSP00000353581	35.0	3
1845297	9606.ENSP00000263174	63.7	3
1855706	9606.ENSP00000361635	379	12
1854649	9606.ENSP00000356671	2700	116
1853070	9606.ENSP00000346598	239	11
1858249	9606.ENSP00000378368	23.1	2
1847409	9606.ENSP00000293371	1941	18
1843781	9606.ENSP00000245907	5173	1038
1847222	9606.ENSP00000290332	13.9	4
1848523	9606.ENSP00000303373	10.9	2
1845567	9606.ENSP00000264563	203	3
1858097	9606.ENSP00000377055	52.3	2
1862740	9606.ENSP00000451112	68.3	2
1861786	9606.ENSP00000429301	775	15
1845694	9606.ENSP00000265112	26.0	3
1855997	9606.ENSP00000362946	273	8
1852778	9606.ENSP00000344166	43.6	6
1849837	9606.ENSP00000316029	1108	311
1847350	9606.ENSP00000292401	811	26
1843069	9606.ENSP00000226004	339	8
1849171	9606.ENSP00000309415	284	5
1861311	9606.ENSP00000417653	95.8	4
1848465	9606.ENSP00000302886	104	7
1848767	9606.ENSP00000305731	31.4	1
1854969	9606.ENSP00000358162	34.4	6
1848170	9606.ENSP00000300289	1000	59
1845744	9606.ENSP00000265395	357	11
1845491	9606.ENSP00000264161	172	12
1853025	9606.ENSP00000346173	242	11
1852284	9606.ENSP00000340019	649	38
1849255	9606.ENSP00000310088	1206	8
1861732	9606.ENSP00000428209	208	7
1851814	9606.ENSP00000335153	961	128
1856414	9606.ENSP00000365147	178	4
1844443	9606.ENSP00000256496	141	5
1847121	9606.ENSP00000288266	200	14
1860980	9606.ENSP00000412566	6.63	1
1846958	9606.ENSP00000285379	3479	94
1850081	9606.ENSP00000318822	29.6	1
1848681	9606.ENSP00000304891	11.6	1
1846568	9606.ENSP00000278483	85.2	1
1849543	9606.ENSP00000312506	40.5	8
1862262	9606.ENSP00000443989	69.8	6
1852181	9606.ENSP00000339161	82.8	3
1858750	9606.ENSP00000382595	261	12
1849964	9606.ENSP00000317473	38.6	2
1854775	9606.ENSP00000357292	12.5	2
1850780	9606.ENSP00000325875	998	118
1855521	9606.ENSP00000360687	371	6
1848055	9606.ENSP00000299367	121	22
1853038	9606.ENSP00000346300	120	4
1850169	9606.ENSP00000319664	76.6	4
1854225	9606.ENSP00000354826	766	42
1848214	9606.ENSP00000300784	194	6
1855868	9606.ENSP00000362361	2.35	2
1845453	9606.ENSP00000264001	533	2
1851154	9606.ENSP00000329471	74.6	1
1858637	9606.ENSP00000381654	10.3	1
1843538	9606.ENSP00000239878	180	1
1844350	9606.ENSP00000255040	799	19
1847637	9606.ENSP00000295897	37510	2821
1843448	9606.ENSP00000237014	5665	54
1844414	9606.ENSP00000256196	114	4
1844690	9606.ENSP00000259396	1909	61
1849729	9606.ENSP00000314733	110	4
1844833	9606.ENSP00000260956	219	10
1862282	9606.ENSP00000444856	27.1	3
1851945	9606.ENSP00000336927	1969	80
1858372	9606.ENSP00000379475	65.4	6
1847231	9606.ENSP00000290401	31.8	1
1862027	9606.ENSP00000436337	2.55	2
1842411	9606.ENSP00000203407	263	12
1854760	9606.ENSP00000357189	698	22
1843808	9606.ENSP00000246151	278	8
1855544	9606.ENSP00000360821	192	6
1853089	9606.ENSP00000346762	82.2	10
1857570	9606.ENSP00000372221	56.8	3
1843551	9606.ENSP00000240123	14.4	1
1857220	9606.ENSP00000369785	218	7
1846984	9606.ENSP00000285930	429	14
1861988	9606.ENSP00000435061	36.9	2
1861013	9606.ENSP00000413234	60.1	10
1854577	9606.ENSP00000356348	897	17
1847667	9606.ENSP00000296046	47.1	2
1842933	9606.ENSP00000222673	91.9	14
1856330	9606.ENSP00000364709	46.6	2
1851611	9606.ENSP00000333666	97.0	2
1844407	9606.ENSP00000256104	6262	77
1845857	9606.ENSP00000266087	107	4
1850893	9606.ENSP00000327116	64.4	13
1843912	9606.ENSP00000248437	288	66
1848806	9606.ENSP00000306099	4764	260
1851393	9606.ENSP00000331787	84.8	2
1843868	9606.ENSP00000247461	400	24
1852714	9606.ENSP00000343577	454	19
1856276	9606.ENSP00000364475	90.7	4
1855083	9606.ENSP00000358719	28.8	2
1843701	9606.ENSP00000244137	118	7
1850446	9606.ENSP00000322419	219	2
1849481	9606.ENSP00000311997	16.5	9
1852043	9606.ENSP00000337838	79.1	7
1847700	9606.ENSP00000296255	13.5	1
1842498	9606.ENSP00000215727	605	36
1846685	9606.ENSP00000280704	41.0	7
1857791	9606.ENSP00000373713	21.7	2
1849687	9606.ENSP00000314151	43.2	1
1844343	9606.ENSP00000254963	5.81	1
1853150	9606.ENSP00000347251	59.4	3
1859146	9606.ENSP00000386284	738	25
1844549	9606.ENSP00000257895	17.9	1
1843639	9606.ENSP00000242776	43.3	5
1858735	9606.ENSP00000382476	3.81	1
1861328	9606.ENSP00000417864	303	10
1855932	9606.ENSP00000362638	86.3	1
1847109	9606.ENSP00000288087	28.9	1
1858287	9606.ENSP00000378720	247	44
1860200	9606.ENSP00000400088	2.08	2
1854669	9606.ENSP00000356807	152	4
1846040	9606.ENSP00000268717	34.0	2
1849381	9606.ENSP00000311121	113	5
1842776	9606.ENSP00000220003	16.8	1
1842583	9606.ENSP00000216330	61.5	2
1853733	9606.ENSP00000351589	10.9	2
1847596	9606.ENSP00000295633	72.3	4
1860356	9606.ENSP00000402595	2.84	1
1861789	9606.ENSP00000429374	91.5	1
1857277	9606.ENSP00000370115	339	19
1862843	9606.ENSP00000453785	7.47	1
1842222	9606.ENSP00000053867	20.1	1
1848142	9606.ENSP00000300119	5.87	2
1849303	9606.ENSP00000310491	384	18
1858252	9606.ENSP00000378408	132	6
1853438	9606.ENSP00000349428	178	7
1860116	9606.ENSP00000398803	324	10
1855365	9606.ENSP00000359910	382	12
1852914	9606.ENSP00000345259	188	19
1859193	9606.ENSP00000386717	62.0	1
1859880	9606.ENSP00000395590	66.6	2
1858293	9606.ENSP00000378782	32.9	1
1849092	9606.ENSP00000308610	155	12
1848425	9606.ENSP00000302586	8.43	2
1847021	9606.ENSP00000286621	120	6
1856467	9606.ENSP00000365439	585	26
1842815	9606.ENSP00000221138	163	11
1853572	9606.ENSP00000350310	18.7	3
1853373	9606.ENSP00000348924	19.3	4
1844176	9606.ENSP00000252951	830	105
1861603	9606.ENSP00000423665	1.42	2
1857158	9606.ENSP00000369456	156	3
1850064	9606.ENSP00000318635	25.1	1
1854105	9606.ENSP00000354340	24.5	2
1859401	9606.ENSP00000389103	86.2	1
1859518	9606.ENSP00000390783	148	9
1854965	9606.ENSP00000358155	10.9	2
1862475	9606.ENSP00000448035	79.5	4
1852226	9606.ENSP00000339521	896	23
1846994	9606.ENSP00000286091	451	39
1842901	9606.ENSP00000222271	16.1	2
1860937	9606.ENSP00000411825	859	90
1855691	9606.ENSP00000361562	39.5	2
1859324	9606.ENSP00000388107	1049	61
1843653	9606.ENSP00000243077	115	59
1854707	9606.ENSP00000356989	111	2
1856996	9606.ENSP00000368517	61.2	2
1854667	9606.ENSP00000356793	71.7	2
1854024	9606.ENSP00000353720	487	35
1842625	9606.ENSP00000216832	4.43	1
1850869	9606.ENSP00000326813	93.0	3
1845235	9606.ENSP00000262890	255	8
1856252	9606.ENSP00000364310	8.98	2
1845599	9606.ENSP00000264705	4.67	1
1851127	9606.ENSP00000329243	426	60
1856081	9606.ENSP00000363392	141	3
1844399	9606.ENSP00000256001	15.7	2
1853098	9606.ENSP00000346839	479	98
1851261	9606.ENSP00000330484	3.81	1
1857167	9606.ENSP00000369519	159	9
1853650	9606.ENSP00000350934	12.2	1
1861343	9606.ENSP00000418082	563	3
1851162	9606.ENSP00000329554	35.0	3
1858520	9606.ENSP00000380869	119	9
1848889	9606.ENSP00000306881	227	21
1857211	9606.ENSP00000369736	472	3
1842871	9606.ENSP00000221957	186	9
1850680	9606.ENSP00000324804	191	15
1844052	9606.ENSP00000251337	16.4	8
1846794	9606.ENSP00000282441	18.9	1
1859833	9606.ENSP00000394863	117	3
1845524	9606.ENSP00000264335	1982	85
1843416	9606.ENSP00000235090	43.8	1
1852356	9606.ENSP00000340684	375	22
1844705	9606.ENSP00000259555	63.0	1
1844132	9606.ENSP00000252512	71.6	11
1847723	9606.ENSP00000296417	133	3
1847517	9606.ENSP00000294973	46.7	2
1854096	9606.ENSP00000354251	6.52	1
1842482	9606.ENSP00000215375	290	3
1848679	9606.ENSP00000304854	155	3
1842611	9606.ENSP00000216554	59.1	3
1844672	9606.ENSP00000259212	406	6
1858363	9606.ENSP00000379387	6.63	1
1846003	9606.ENSP00000268182	427	73
1843327	9606.ENSP00000232905	45.7	1
1855328	9606.ENSP00000359719	79.2	9
1850456	9606.ENSP00000322524	48.5	1
1855491	9606.ENSP00000360532	17.3	2
1844819	9606.ENSP00000260746	182	5
1842591	9606.ENSP00000216392	446	52
1844227	9606.ENSP00000253413	401	10
1845286	9606.ENSP00000263097	72.7	3
1857400	9606.ENSP00000370984	47.5	1
1849982	9606.ENSP00000317780	54.8	1
1862746	9606.ENSP00000451235	7.0	1
1859269	9606.ENSP00000387362	9.76	1
1860955	9606.ENSP00000412189	123	10
1845029	9606.ENSP00000261937	0.587	1
1846224	9606.ENSP00000272102	548	32
1849080	9606.ENSP00000308541	785	62
1861365	9606.ENSP00000418603	624	22
1862492	9606.ENSP00000448220	49.7	41
1862712	9606.ENSP00000450635	43.6	6
1848557	9606.ENSP00000303634	5.56	1
1862188	9606.ENSP00000441691	35.9	6
1852625	9606.ENSP00000342812	37.7	24
1843950	9606.ENSP00000249075	178	4
1853251	9606.ENSP00000348050	168	4
1860237	9606.ENSP00000400717	19.6	1
1853766	9606.ENSP00000351777	549	56
1845192	9606.ENSP00000262646	281	14
1850277	9606.ENSP00000320709	157	3
1858199	9606.ENSP00000377958	331	22
1855263	9606.ENSP00000359504	18.9	2
1848863	9606.ENSP00000306606	1859	108
1842631	9606.ENSP00000216962	211	28
1848830	9606.ENSP00000306330	778	47
1854666	9606.ENSP00000356792	71.7	2
1852406	9606.ENSP00000341044	6.47	2
1842792	9606.ENSP00000220592	31.0	5
1847770	9606.ENSP00000296658	171	6
1861659	9606.ENSP00000425561	68.0	2
1849465	9606.ENSP00000311825	3.54	1
1843337	9606.ENSP00000233084	191	16
1854587	9606.ENSP00000356386	24.3	3
1853840	9606.ENSP00000352408	8.74	1
1848163	9606.ENSP00000300215	164	15
1849591	9606.ENSP00000313007	61.4	8
1854803	9606.ENSP00000357452	69.2	2
1853352	9606.ENSP00000348812	1.49	1
1851432	9606.ENSP00000332124	39.1	13
1842733	9606.ENSP00000219244	83.5	1
1855196	9606.ENSP00000359225	78.0	5
1849608	9606.ENSP00000313199	424	11
1845556	9606.ENSP00000264474	468	4
1847125	9606.ENSP00000288422	9.76	1
1845799	9606.ENSP00000265734	2.23	2
1845721	9606.ENSP00000265304	37.4	1
1843297	9606.ENSP00000231572	57.6	6
1845765	9606.ENSP00000265523	525	17
1855971	9606.ENSP00000362803	184	2
1842489	9606.ENSP00000215567	31.2	1
1854824	9606.ENSP00000357564	25.9	5
1843191	9606.ENSP00000229270	1692	62
1857172	9606.ENSP00000369553	153	2
1854210	9606.ENSP00000354742	64.3	7
1843534	9606.ENSP00000239730	52.7	1
1854747	9606.ENSP00000357130	661	208
1845788	9606.ENSP00000265709	293	53
1843498	9606.ENSP00000238721	274	8
1843908	9606.ENSP00000248342	37.5	1
1842917	9606.ENSP00000222399	121	23
1861323	9606.ENSP00000417748	278	10
1853642	9606.ENSP00000350876	2.64	1
1843253	9606.ENSP00000230431	240	3
1852993	9606.ENSP00000345968	32.9	2
1849130	9606.ENSP00000308938	820	67
1857170	9606.ENSP00000369538	586	38
1844096	9606.ENSP00000252029	304	15
1847933	9606.ENSP00000298159	480	15
1860049	9606.ENSP00000398131	12.3	2
1852374	9606.ENSP00000340836	66.8	2
1851299	9606.ENSP00000330945	87.0	2
1849428	9606.ENSP00000311489	14.5	10
1857779	9606.ENSP00000373627	7.65	1
1843948	9606.ENSP00000249066	62.8	2
1842989	9606.ENSP00000223795	78.2	1
1861091	9606.ENSP00000414624	18.5	1
1848060	9606.ENSP00000299421	390	18
1845639	9606.ENSP00000264896	73.0	5
1852361	9606.ENSP00000340736	28.6	1
1851044	9606.ENSP00000328484	10.9	2
1860745	9606.ENSP00000408910	407	17
1843033	9606.ENSP00000225573	52.8	1
1854720	9606.ENSP00000357048	26.1	5
1846730	9606.ENSP00000281474	5.21	2
1853015	9606.ENSP00000346103	460	11
1849069	9606.ENSP00000308430	319	5
1854724	9606.ENSP00000357066	138	5
1855851	9606.ENSP00000362299	18.2	1
1852428	9606.ENSP00000341208	107	19
1850011	9606.ENSP00000318089	228	10
1844287	9606.ENSP00000254322	21.0	1
1846244	9606.ENSP00000272317	886	61
1862638	9606.ENSP00000449770	53.3	2
1853552	9606.ENSP00000350170	67.7	3
1845437	9606.ENSP00000263923	0.545	1
1847684	9606.ENSP00000296135	83.6	2
1842519	9606.ENSP00000215904	116	4
1848306	9606.ENSP00000301522	6670	137
1846959	9606.ENSP00000285381	612	15
1857765	9606.ENSP00000373487	87.9	25
1842424	9606.ENSP00000205061	6.81	1
1861340	9606.ENSP00000418018	33.4	1
1856920	9606.ENSP00000367991	101	5
1847389	9606.ENSP00000293190	4.46	3
1856173	9606.ENSP00000363869	60.3	4
1852296	9606.ENSP00000340200	54.3	2
1847557	9606.ENSP00000295256	89.5	1
1849628	9606.ENSP00000313490	119	14
1857558	9606.ENSP00000372126	30.5	1
1856193	9606.ENSP00000363998	65.7	25
1845575	9606.ENSP00000264613	3328	329
1854576	9606.ENSP00000356346	17.9	3
1862289	9606.ENSP00000445175	2119	101
1860530	9606.ENSP00000405455	1672	70
1850641	9606.ENSP00000324422	362	16
1848788	9606.ENSP00000305924	10.9	1
1851996	9606.ENSP00000337432	93.0	3
1846948	9606.ENSP00000285093	415	15
1847431	9606.ENSP00000293745	40.1	35
1853747	9606.ENSP00000351650	66.1	1
1845538	9606.ENSP00000264389	155	10
1859201	9606.ENSP00000386764	1.34	1
1852905	9606.ENSP00000345179	2247	41
1855883	9606.ENSP00000362413	1783	91
1844041	9606.ENSP00000251166	12.0	2
1844395	9606.ENSP00000255858	49.6	3
1852063	9606.ENSP00000338019	29.8	1
1844576	9606.ENSP00000258169	7.3	1
1844379	9606.ENSP00000255448	13.3	1
1845750	9606.ENSP00000265431	27.6	2
1846715	9606.ENSP00000281187	33.8	1
1844723	9606.ENSP00000259791	10.9	2
1847112	9606.ENSP00000288135	0.812	1
1847981	9606.ENSP00000298687	83.1	3
1854513	9606.ENSP00000356063	123	3
1851141	9606.ENSP00000329374	485	24
1848646	9606.ENSP00000304467	61.4	6
1850611	9606.ENSP00000324101	92.1	2
1852732	9606.ENSP00000343701	8.64	1
1844566	9606.ENSP00000258080	15.3	1
1853902	9606.ENSP00000352834	497	63
1845352	9606.ENSP00000263401	116	3
1856650	9606.ENSP00000366482	42.9	1
1861618	9606.ENSP00000424151	6.69	1
1855750	9606.ENSP00000361855	17.5	2
1843003	9606.ENSP00000224784	623	178
1846520	9606.ENSP00000276927	14.6	1
1855955	9606.ENSP00000362744	116	4
1857347	9606.ENSP00000370588	255	3
1842504	9606.ENSP00000215770	258	6
1853445	9606.ENSP00000349467	351	16
1844864	9606.ENSP00000261207	10.5	1
1861216	9606.ENSP00000416250	42.1	2
1856213	9606.ENSP00000364119	14.9	1
1856711	9606.ENSP00000366819	183	5
1844978	9606.ENSP00000261733	1067	67
1852893	9606.ENSP00000345083	38.8	2
1851596	9606.ENSP00000333551	161	5
1844122	9606.ENSP00000252455	1008	44
1855889	9606.ENSP00000362456	105	3
1855995	9606.ENSP00000362937	37.3	1
1846410	9606.ENSP00000274764	7.4	2
1847746	9606.ENSP00000296511	2173	89
1842580	9606.ENSP00000216286	117	18
1842794	9606.ENSP00000220616	14.4	5
1847243	9606.ENSP00000290575	189	16
1862158	9606.ENSP00000440698	446	5
1850579	9606.ENSP00000323805	7.17	1
1859399	9606.ENSP00000389087	341	14
1852430	9606.ENSP00000341214	46.9	4
1860016	9606.ENSP00000397582	3.91	1
1842354	9606.ENSP00000188790	14.1	1
1846047	9606.ENSP00000268835	36.1	2
1861477	9606.ENSP00000420357	84.6	1
1859182	9606.ENSP00000386541	332	8
1848171	9606.ENSP00000300291	567	19
1854929	9606.ENSP00000357981	24.3	1
1844837	9606.ENSP00000260985	1317	55
1847679	9606.ENSP00000296122	136	11
1851667	9606.ENSP00000334051	15.1	7
1853084	9606.ENSP00000346694	2585	76
1857012	9606.ENSP00000368646	327	17
1854474	9606.ENSP00000355895	29.5	1
1850089	9606.ENSP00000318883	15.1	1
1862152	9606.ENSP00000440485	266	8
1844225	9606.ENSP00000253408	78.3	18
1849590	9606.ENSP00000312999	435	28
1843029	9606.ENSP00000225525	225	2
1850202	9606.ENSP00000320043	26.9	1
1853296	9606.ENSP00000348429	22.9	4
1856022	9606.ENSP00000363071	171	40
1842630	9606.ENSP00000216951	367	19
1844184	9606.ENSP00000253003	692	11
1858479	9606.ENSP00000380467	22.4	1
1851668	9606.ENSP00000334052	105	5
1845216	9606.ENSP00000262803	27.0	3
1855764	9606.ENSP00000361915	17.9	1
1842964	9606.ENSP00000223136	144	3
1848318	9606.ENSP00000301656	513	120
1857185	9606.ENSP00000369592	76.6	3
1850067	9606.ENSP00000318650	360	7
1851933	9606.ENSP00000336831	26.2	6
1842173	9606.ENSP00000012443	110	6
1850014	9606.ENSP00000318115	75.0	3
1852230	9606.ENSP00000339566	632	15
1854701	9606.ENSP00000356969	1214	14
1861548	9606.ENSP00000421922	40.5	1
1849079	9606.ENSP00000308540	181	21
1852314	9606.ENSP00000340329	24.7	1
1854586	9606.ENSP00000356385	166	13
1846690	9606.ENSP00000280772	1.42	1
1845149	9606.ENSP00000262455	109	6
1844994	9606.ENSP00000261796	71.9	2
1843834	9606.ENSP00000246792	285	11
1859420	9606.ENSP00000389338	77.3	11
1846012	9606.ENSP00000268296	3.4	1
1846508	9606.ENSP00000276646	10.4	1
1847357	9606.ENSP00000292475	32.1	1
1849180	9606.ENSP00000309477	841	58
1861240	9606.ENSP00000416683	262	16
1849983	9606.ENSP00000317790	1.44	2
1852412	9606.ENSP00000341094	10.9	2
1864285	9606.ENSP00000470004	150	3
1844877	9606.ENSP00000261267	202	3
1843473	9606.ENSP00000237858	79.4	1
1850793	9606.ENSP00000326042	298	75
1857387	9606.ENSP00000370883	12.1	6
1849456	9606.ENSP00000311713	141	8
1848062	9606.ENSP00000299427	157	8
1855120	9606.ENSP00000358866	2027	569
1844273	9606.ENSP00000254108	19.9	1
1848664	9606.ENSP00000304710	13.8	1
1847118	9606.ENSP00000288221	5.37	1
1842623	9606.ENSP00000216802	353	12
1843621	9606.ENSP00000242285	670	6
1853877	9606.ENSP00000352627	10.9	2
1845287	9606.ENSP00000263100	1568	57
1858577	9606.ENSP00000381216	378	21
1858299	9606.ENSP00000378851	373	1
1846139	9606.ENSP00000270225	37.8	2
1844972	9606.ENSP00000261714	51.2	4
1859883	9606.ENSP00000395650	23.5	5
1857150	9606.ENSP00000369424	288	7
1846252	9606.ENSP00000272371	2.64	1
1857048	9606.ENSP00000368831	7.31	1
1845501	9606.ENSP00000264202	525	22
1859976	9606.ENSP00000396937	105	7
1845951	9606.ENSP00000267512	18.9	3
1843767	9606.ENSP00000245552	125	2
1845923	9606.ENSP00000267119	10.2	22
1856392	9606.ENSP00000365012	5.8	1
1846327	9606.ENSP00000273550	616	18
1855133	9606.ENSP00000358921	99.7	5
1850773	9606.ENSP00000325817	5.66	2
1852830	9606.ENSP00000344547	286	2
1854982	9606.ENSP00000358224	69.8	6
1843797	9606.ENSP00000246069	337	10
1848182	9606.ENSP00000300441	15.2	1
1853925	9606.ENSP00000352980	34.4	6
1849280	9606.ENSP00000310275	183	1
1849535	9606.ENSP00000312435	72.4	7
1856643	9606.ENSP00000366418	111	3
1860664	9606.ENSP00000407487	6.56	1
1852262	9606.ENSP00000339835	13.6	2
1858320	9606.ENSP00000379051	37.8	1
1854818	9606.ENSP00000357535	579	22
1847279	9606.ENSP00000291295	351	16
1861342	9606.ENSP00000418081	12.1	2
1842472	9606.ENSP00000211998	2477	327
1844679	9606.ENSP00000259254	1150	2
1850920	9606.ENSP00000327440	18.5	1
1858614	9606.ENSP00000381504	48.0	4
1846489	9606.ENSP00000276390	142	12
1844542	9606.ENSP00000257857	220	4
1854082	9606.ENSP00000354158	50.5	7
1845819	9606.ENSP00000265866	204	5
1846289	9606.ENSP00000272995	41.4	1
1861855	9606.ENSP00000431049	117	4
1845393	9606.ENSP00000263686	5.42	1
1846043	9606.ENSP00000268766	4.41	1
1852335	9606.ENSP00000340510	100	26
1843179	9606.ENSP00000229134	44.3	1
1857471	9606.ENSP00000371472	6.39	4
1847801	9606.ENSP00000296869	17.2	4
1851050	9606.ENSP00000328521	124	2
1848128	9606.ENSP00000300060	255	28
1858950	9606.ENSP00000384515	151	7
1847110	9606.ENSP00000288098	377	5
1853302	9606.ENSP00000348461	337	12
1857763	9606.ENSP00000373477	132	2
1853831	9606.ENSP00000352288	9.73	2
1855634	9606.ENSP00000361254	827	21
1856472	9606.ENSP00000365462	115	13
1850908	9606.ENSP00000327268	28.7	1
1847013	9606.ENSP00000286428	114	3
1848871	9606.ENSP00000306670	10.7	1
1845250	9606.ENSP00000262948	54.0	3
1846651	9606.ENSP00000280097	369	11
1844893	9606.ENSP00000261366	31.8	5
1858900	9606.ENSP00000384109	3.99	1
1843345	9606.ENSP00000233242	417	233
1863546	9606.ENSP00000460885	10.5	2
1843553	9606.ENSP00000240185	32.0	1
1850070	9606.ENSP00000318687	47.3	7
1849852	9606.ENSP00000316176	92.2	4
1847680	9606.ENSP00000296125	3.82	1
1861423	9606.ENSP00000419475	26.5	1
1852414	9606.ENSP00000341117	22.3	1
1843176	9606.ENSP00000228945	1353	21
1845646	9606.ENSP00000264932	126	8
1854460	9606.ENSP00000355809	19.2	1
1845800	9606.ENSP00000265741	1.85	2
1851914	9606.ENSP00000336725	20.1	5
1845535	9606.ENSP00000264381	127	9
1858357	9606.ENSP00000379364	21.6	1
1847228	9606.ENSP00000290378	626	179
1857242	9606.ENSP00000369915	109	5
1853821	9606.ENSP00000352257	157	9
1852441	9606.ENSP00000341289	574	120
1856898	9606.ENSP00000367851	16.8	1
1851574	9606.ENSP00000333326	151	44
1852772	9606.ENSP00000344115	80.2	6
1845366	9606.ENSP00000263559	265	10
1846102	9606.ENSP00000269576	8169	607
1851595	9606.ENSP00000333547	218	13
1856690	9606.ENSP00000366679	10.9	2
1850411	9606.ENSP00000322061	233	23
1853490	9606.ENSP00000349748	51.0	4
1855522	9606.ENSP00000360688	58.4	1
1848398	9606.ENSP00000302324	59.1	1
1847808	9606.ENSP00000296930	154	5
1843208	9606.ENSP00000229416	286	20
1854470	9606.ENSP00000355880	22.3	1
1857243	9606.ENSP00000369921	1.48	1
1851909	9606.ENSP00000336702	848	17
1848535	9606.ENSP00000303476	290	101
1853041	9606.ENSP00000346340	198	4
1853629	9606.ENSP00000350757	18.9	1
1859243	9606.ENSP00000387123	182	9
1853452	9606.ENSP00000349496	30.4	1
1864009	9606.ENSP00000468367	74.3	7
1851605	9606.ENSP00000333639	60.5	4
1846449	9606.ENSP00000275603	373	20
1856133	9606.ENSP00000363641	127	3
1842779	9606.ENSP00000220166	91.2	3
1859361	9606.ENSP00000388631	3.16	1
1861716	9606.ENSP00000427687	662	31
1848229	9606.ENSP00000301012	46.4	2
1842974	9606.ENSP00000223321	166	8
1848522	9606.ENSP00000303366	208	7
1847407	9606.ENSP00000293350	188	9
1857554	9606.ENSP00000372112	43.6	1
1844445	9606.ENSP00000256509	22.4	3
1842535	9606.ENSP00000216038	121	7
1846944	9606.ENSP00000285039	1.41	1
1846765	9606.ENSP00000282050	695	40
1847757	9606.ENSP00000296577	13.3	1
1843552	9606.ENSP00000240139	8.61	2
1842112	9606.ENSP00000001008	118	6
1851932	9606.ENSP00000336829	7834	448
1860567	9606.ENSP00000405965	186	3
1843093	9606.ENSP00000226524	23.5	1
1858987	9606.ENSP00000384863	40.7	5
1858954	9606.ENSP00000384554	71.8	2
1848244	9606.ENSP00000301071	388	88
1857440	9606.ENSP00000371236	97.7	10
1846176	9606.ENSP00000270792	516	3
1857377	9606.ENSP00000370808	57.7	8
1846607	9606.ENSP00000278968	3413	101
1844152	9606.ENSP00000252699	1049	171
1852931	9606.ENSP00000345412	438	17
1853568	9606.ENSP00000350275	35.0	3
1855358	9606.ENSP00000359866	40.7	1
1856784	9606.ENSP00000367196	373	5
1854613	9606.ENSP00000356515	10.4	4
1850929	9606.ENSP00000327513	32.2	2
1845847	9606.ENSP00000266041	1996	187
1850447	9606.ENSP00000322421	65586	1985
1842599	9606.ENSP00000216455	262	9
1853722	9606.ENSP00000351492	83.8	1
1843403	9606.ENSP00000234454	166	6
1842994	9606.ENSP00000224181	372	9
1855181	9606.ENSP00000359151	19.4	1
1854045	9606.ENSP00000353864	6.92	1
1861189	9606.ENSP00000415941	1448	419
1855488	9606.ENSP00000360519	1646	36
1848764	9606.ENSP00000305714	20.0	3
1843915	9606.ENSP00000248553	1768	47
1843728	9606.ENSP00000244601	19.3	4
1844989	9606.ENSP00000261772	137	17
1844185	9606.ENSP00000253004	645	26
1861362	9606.ENSP00000418529	416	18
1843119	9606.ENSP00000227524	37.6	2
1853389	9606.ENSP00000349078	191	8
1844755	9606.ENSP00000260118	41.8	1
1851474	9606.ENSP00000332449	64.8	2
1848223	9606.ENSP00000300935	226	10
1849021	9606.ENSP00000307940	484	52
1861320	9606.ENSP00000417706	14.2	1
1852305	9606.ENSP00000340278	2292	40
1844543	9606.ENSP00000257860	188	37
1844187	9606.ENSP00000253023	58.8	2
1857083	9606.ENSP00000369038	16.1	1
1843478	9606.ENSP00000238081	567	36
1844440	9606.ENSP00000256460	12.0	1
1851181	9606.ENSP00000329748	1.32	1
1851730	9606.ENSP00000334499	8.77	1
1857224	9606.ENSP00000369816	25.0	1
1858903	9606.ENSP00000384144	116	14
1849627	9606.ENSP00000313454	5.58	1
1861952	9606.ENSP00000433821	158	5
1847164	9606.ENSP00000289352	34.4	6
1858102	9606.ENSP00000377083	9.87	2
1857513	9606.ENSP00000371798	987	47
1845226	9606.ENSP00000262854	3.04	1
1857842	9606.ENSP00000374292	8.17	3
1861440	9606.ENSP00000419782	2.25	2
1846710	9606.ENSP00000281154	16.9	3
1844856	9606.ENSP00000261182	167	5
1842218	9606.ENSP00000052754	5132	202
1855084	9606.ENSP00000358727	810	21
1845980	9606.ENSP00000267973	38.9	1
1844948	9606.ENSP00000261601	741	36
1854665	9606.ENSP00000356791	183	3
1846467	9606.ENSP00000276052	1.38	2
1842774	9606.ENSP00000219905	4.33	5
1845725	9606.ENSP00000265333	269	10
1844952	9606.ENSP00000261623	77.7	1
1845231	9606.ENSP00000262878	88.8	8
1858594	9606.ENSP00000381339	28.2	8
1852892	9606.ENSP00000345079	704	12
1862080	9606.ENSP00000438144	2535	56
1853134	9606.ENSP00000347161	8.0	1
1855119	9606.ENSP00000358865	22.1	9
1856225	9606.ENSP00000364188	82.1	5
1853332	9606.ENSP00000348704	7.1	1
1854853	9606.ENSP00000357692	51.3	1
1856523	9606.ENSP00000365773	18.0	1
1848476	9606.ENSP00000302961	215	26
1842935	9606.ENSP00000222693	105	2
1861837	9606.ENSP00000430432	34.5	1
1844427	9606.ENSP00000256383	192	8
1844250	9606.ENSP00000253792	114	16
1842640	9606.ENSP00000217131	88.8	3
1853107	9606.ENSP00000346921	497	15
1844190	9606.ENSP00000253039	28.2	1
1845337	9606.ENSP00000263354	303	13
1856856	9606.ENSP00000367615	524	14
1856478	9606.ENSP00000365494	1.74	1
1842233	9606.ENSP00000058691	481	12
1854962	9606.ENSP00000358151	13.6	3
1850133	9606.ENSP00000319281	1599	35
1842507	9606.ENSP00000215781	35.1	1
1842174	9606.ENSP00000013034	362	15
1842800	9606.ENSP00000220764	384	15
1846890	9606.ENSP00000284224	15.4	1
1853796	9606.ENSP00000352071	117	14
1862850	9606.ENSP00000453973	21.0	1
1858145	9606.ENSP00000377527	156	20
1847953	9606.ENSP00000298316	497	6
1854318	9606.ENSP00000355180	226	25
1859610	9606.ENSP00000391944	281	17
1857851	9606.ENSP00000374372	423	133
1842180	9606.ENSP00000014930	409	9
1842813	9606.ENSP00000221130	187	7
1862246	9606.ENSP00000443246	6.19	1
1853820	9606.ENSP00000352252	35.0	3
1844139	9606.ENSP00000252593	40.4	1
1843077	9606.ENSP00000226218	486	28
1854469	9606.ENSP00000355877	31.4	1
1855848	9606.ENSP00000362287	1.41	1
1843190	9606.ENSP00000229268	320	31
1860322	9606.ENSP00000402065	624	22
1851241	9606.ENSP00000330307	10.9	2
1849466	9606.ENSP00000311827	28.1	2
1858990	9606.ENSP00000384880	272	12
1843430	9606.ENSP00000235835	407	14
1856565	9606.ENSP00000366050	31.4	1
1843043	9606.ENSP00000225698	142	3
1844266	9606.ENSP00000254043	155	83
1852162	9606.ENSP00000339001	683	130
1847393	9606.ENSP00000293230	212	3
1858342	9606.ENSP00000379204	37.2	1
1850078	9606.ENSP00000318804	61.8	3
1843983	9606.ENSP00000249923	169	21
1853226	9606.ENSP00000347872	648	19
1848074	9606.ENSP00000299518	287	11
1851135	9606.ENSP00000329312	190	9
1843854	9606.ENSP00000247153	25.7	1
1853429	9606.ENSP00000349356	5.49	2
1856669	9606.ENSP00000366565	58.9	1
1850819	9606.ENSP00000326305	20.0	1
1845906	9606.ENSP00000266970	2.03	2
1856921	9606.ENSP00000367992	394	11
1844071	9606.ENSP00000251595	65586	1985
1845052	9606.ENSP00000262056	31.6	1
1862793	9606.ENSP00000452237	2.59	1
1862604	9606.ENSP00000449428	136	6
1861270	9606.ENSP00000417175	68.6	3
1844060	9606.ENSP00000251453	93.4	2
1854124	9606.ENSP00000354468	812	21
1854432	9606.ENSP00000355656	10.9	2
1854390	9606.ENSP00000355493	29.6	2
1860677	9606.ENSP00000407685	25.5	2
1842682	9606.ENSP00000217971	662	8
1853550	9606.ENSP00000350159	34.4	6
1847010	9606.ENSP00000286371	43.3	1
1847877	9606.ENSP00000297512	10.1	1
1853368	9606.ENSP00000348901	18.1	1
1851904	9606.ENSP00000336661	9.05	1
1843157	9606.ENSP00000228740	78.3	5
1851571	9606.ENSP00000333298	361	15
1852434	9606.ENSP00000341247	12.3	2
1854135	9606.ENSP00000354511	48.4	2
1846318	9606.ENSP00000273368	81.1	4
1848086	9606.ENSP00000299633	13.7	1
1845806	9606.ENSP00000265800	52.7	3
1858318	9606.ENSP00000379042	64.3	3
1855861	9606.ENSP00000362334	364	9
1860437	9606.ENSP00000403925	26.8	1
1856757	9606.ENSP00000367034	34.4	6
1855602	9606.ENSP00000361087	792	15
1862032	9606.ENSP00000436455	13.9	1
1864297	9606.ENSP00000470059	97.6	6
1857838	9606.ENSP00000374265	11.6	1
1856531	9606.ENSP00000365817	5.93	1
1843535	9606.ENSP00000239761	39.1	13
1846573	9606.ENSP00000278568	13.5	1
1847845	9606.ENSP00000297268	505	77
1851708	9606.ENSP00000334314	12.4	1
1847220	9606.ENSP00000290299	238	8
1843396	9606.ENSP00000234347	173	3
1853868	9606.ENSP00000352575	3.98	1
1862168	9606.ENSP00000441000	7.22	3
1843827	9606.ENSP00000246635	404	102
1858100	9606.ENSP00000377078	87.7	1
1844020	9606.ENSP00000250784	28.0	2
1846042	9606.ENSP00000268720	1.09	1
1856935	9606.ENSP00000368104	66.4	2
1845549	9606.ENSP00000264436	13.8	2
1853343	9606.ENSP00000348762	21.4	2
1848327	9606.ENSP00000301729	144	5
1857184	9606.ENSP00000369581	163	3
1859328	9606.ENSP00000388169	177	9
1855677	9606.ENSP00000361502	95.9	3
1856162	9606.ENSP00000363807	86.9	1
1854355	9606.ENSP00000355330	81.0	6
1844968	9606.ENSP00000261700	198	7
1856742	9606.ENSP00000366962	19.3	4
1843953	9606.ENSP00000249269	21.1	2
1857999	9606.ENSP00000376176	1330	29
1856519	9606.ENSP00000365745	12.1	1
1844920	9606.ENSP00000261479	370	13
1857219	9606.ENSP00000369784	21.7	14
1844904	9606.ENSP00000261405	73.8	23
1856037	9606.ENSP00000363162	125	2
1848717	9606.ENSP00000305260	332	15
1847558	9606.ENSP00000295266	43.0	3
1846215	9606.ENSP00000271764	13.0	1
1856198	9606.ENSP00000364016	128	6
1842385	9606.ENSP00000199708	132	3
1853882	9606.ENSP00000352657	5.73	1
1861183	9606.ENSP00000415840	270	19
1852991	9606.ENSP00000345957	130	1
1847111	9606.ENSP00000288111	21.1	1
1859260	9606.ENSP00000387286	523	21
1855769	9606.ENSP00000361927	183	10
1847518	9606.ENSP00000295006	407	27
1862243	9606.ENSP00000443189	450	8
1850879	9606.ENSP00000326888	11.9	1
1857297	9606.ENSP00000370254	716	43
1844444	9606.ENSP00000256497	2.76	1
1858016	9606.ENSP00000376309	716	23
1843188	9606.ENSP00000229264	20.9	3
1842339	9606.ENSP00000181839	2.72	3
1860717	9606.ENSP00000408411	94.6	5
1850024	9606.ENSP00000318177	11.9	2
1843031	9606.ENSP00000225550	15.1	19
1858477	9606.ENSP00000380453	10.2	1
1842267	9606.ENSP00000157812	121	8
1842512	9606.ENSP00000215832	28.9	2
1849670	9606.ENSP00000313967	880	22
1856444	9606.ENSP00000365312	44.9	2
1855537	9606.ENSP00000360782	12.0	1
1850661	9606.ENSP00000324628	54.1	2
1859290	9606.ENSP00000387641	17.8	6
1856595	9606.ENSP00000366234	133	3
1842159	9606.ENSP00000009180	358	3
1843739	9606.ENSP00000244763	51.1	2
1856138	9606.ENSP00000363654	7.32	2
1850651	9606.ENSP00000324549	19.1	4
1849666	9606.ENSP00000313921	36.0	1
1850322	9606.ENSP00000321221	2.71	1
1850365	9606.ENSP00000321584	138	7
1857270	9606.ENSP00000370074	157	10
1847371	9606.ENSP00000292614	556	22
1848516	9606.ENSP00000303279	32.6	3
1843228	9606.ENSP00000229922	48.6	6
1854689	9606.ENSP00000356918	210	6
1861358	9606.ENSP00000418447	146	10
1861450	9606.ENSP00000419970	155	12
1859548	9606.ENSP00000391249	108	8
1849549	9606.ENSP00000312606	456	21
1844568	9606.ENSP00000258091	200	13
1857064	9606.ENSP00000368952	25.8	3
1858718	9606.ENSP00000382274	12.7	6
1843707	9606.ENSP00000244241	169	5
1843591	9606.ENSP00000241261	195	6
1846927	9606.ENSP00000284811	111	1
1848019	9606.ENSP00000299138	277	28
1861346	9606.ENSP00000418191	6.24	2
1859621	9606.ENSP00000392147	38.2	2
1844076	9606.ENSP00000251643	36.9	19
1858776	9606.ENSP00000382840	20.5	5
1858646	9606.ENSP00000381717	59.8	1
1853800	9606.ENSP00000352119	10.9	2
1850747	9606.ENSP00000325548	446	23
1851808	9606.ENSP00000335084	116	10
1851658	9606.ENSP00000333994	33337	1238
1846716	9606.ENSP00000281243	383	10
1845332	9606.ENSP00000263326	32.9	1
1847815	9606.ENSP00000297012	11.7	2
1843587	9606.ENSP00000241052	1823	110
1842638	9606.ENSP00000217121	319	11
1853349	9606.ENSP00000348786	499	18
1856155	9606.ENSP00000363768	434	14
1852771	9606.ENSP00000344106	22.8	3
1851897	9606.ENSP00000336591	13.0	1
1856128	9606.ENSP00000363621	107	3
1845886	9606.ENSP00000266594	46.0	2
1854129	9606.ENSP00000354490	6.75	3
1853269	9606.ENSP00000348170	4452	272
1847295	9606.ENSP00000291565	550	16
1852545	9606.ENSP00000342056	600	25
1861008	9606.ENSP00000413152	44.9	2
1846868	9606.ENSP00000283752	6.07	2
1850148	9606.ENSP00000319464	329	18
1861409	9606.ENSP00000419325	129	8
1853297	9606.ENSP00000348442	121	8
1849908	9606.ENSP00000316842	30.0	4
1850394	9606.ENSP00000321845	8.99	1
1856748	9606.ENSP00000366988	68.7	4
1854721	9606.ENSP00000357051	131	5
1844404	9606.ENSP00000256078	48.8	4
1856646	9606.ENSP00000366460	106	7
1855171	9606.ENSP00000359096	3.81	1
1843708	9606.ENSP00000244289	310	33
1858236	9606.ENSP00000378323	32.1	3
1850657	9606.ENSP00000324573	6.16	1
1844301	9606.ENSP00000254528	10.0	1
1855862	9606.ENSP00000362335	530	12
1859839	9606.ENSP00000394936	999	41
1847374	9606.ENSP00000292644	236	14
1842981	9606.ENSP00000223369	29.1	1
1845183	9606.ENSP00000262623	4.77	2
1844468	9606.ENSP00000256785	11.5	1
1862692	9606.ENSP00000450353	364	20
1852076	9606.ENSP00000338160	45.7	2
1843252	9606.ENSP00000230419	5.8	1
1851956	9606.ENSP00000337053	68.3	4
1858250	9606.ENSP00000378394	11.0	1
1846291	9606.ENSP00000273047	103	6
1857430	9606.ENSP00000371193	197	10
1860192	9606.ENSP00000399970	13.0	1
1851147	9606.ENSP00000329419	110	13
1849775	9606.ENSP00000315299	6.98	1
1842209	9606.ENSP00000040663	22.0	1
1858116	9606.ENSP00000377298	110	28
1858807	9606.ENSP00000383168	89.9	8
1847570	9606.ENSP00000295379	23.6	1
1859056	9606.ENSP00000385638	1109	31
1848614	9606.ENSP00000304229	1653	9
1851020	9606.ENSP00000328287	10.7	2
1854590	9606.ENSP00000356399	1206	184
1858457	9606.ENSP00000380308	115	3
1851434	9606.ENSP00000332139	284	5
1858582	9606.ENSP00000381250	90.2	3
1864888	9606.ENSP00000472998	44.7	2
1847046	9606.ENSP00000287022	263	2
1861975	9606.ENSP00000434516	52.7	4
1854360	9606.ENSP00000355361	187	5
1846445	9606.ENSP00000275493	5.55	1
1853612	9606.ENSP00000350616	5.55	1
1860799	9606.ENSP00000409581	94.7	3
1863798	9606.ENSP00000463483	25.4	12
1848494	9606.ENSP00000303145	230	7
1842369	9606.ENSP00000196061	10.2	1
1861418	9606.ENSP00000419425	1994	37
1861631	9606.ENSP00000424595	77.2	7
1843494	9606.ENSP00000238651	49.1	7
1857311	9606.ENSP00000370372	26.1	3
1843395	9606.ENSP00000234313	78.3	1
1852894	9606.ENSP00000345096	5.43	1
1847665	9606.ENSP00000296029	108	2
1854643	9606.ENSP00000356632	159	1
1845803	9606.ENSP00000265753	50.2	1
1855952	9606.ENSP00000362728	7.3	1
1849707	9606.ENSP00000314458	658	13
1848930	9606.ENSP00000307199	415	4
1854968	9606.ENSP00000358160	35.0	3
1844470	9606.ENSP00000256854	20.0	1
1848071	9606.ENSP00000299498	7.14	1
1852166	9606.ENSP00000339027	160	4
1846140	9606.ENSP00000270233	60.9	4
1855189	9606.ENSP00000359211	7.38	1
1846086	9606.ENSP00000269349	23.4	3
1860081	9606.ENSP00000398495	153	5
1850624	9606.ENSP00000324205	73.7	5
1852883	9606.ENSP00000345008	195	7
1846087	9606.ENSP00000269373	444	12
1853948	9606.ENSP00000353129	13.0	1
1842767	9606.ENSP00000219700	24.1	1
1850792	9606.ENSP00000326031	82.5	9
1859771	9606.ENSP00000394071	187	15
1843084	9606.ENSP00000226299	517	35
1850229	9606.ENSP00000320295	261	76
1845675	9606.ENSP00000265052	365	15
1854887	9606.ENSP00000357799	2447	13
1842566	9606.ENSP00000216218	666	15
1848658	9606.ENSP00000304669	46.0	6
1844953	9606.ENSP00000261636	35.2	1
1845791	9606.ENSP00000265717	266	12
1861356	9606.ENSP00000418401	48.6	2
1848840	9606.ENSP00000306397	54.1	2
1854209	9606.ENSP00000354739	301	6
1861953	9606.ENSP00000433919	50.5	1
1848799	9606.ENSP00000305995	168	17
1855566	9606.ENSP00000360939	305	10
1855324	9606.ENSP00000359693	400	3
1848637	9606.ENSP00000304408	90.2	15
1847732	9606.ENSP00000296456	405	21
1856212	9606.ENSP00000364114	58.8	2
1852680	9606.ENSP00000343282	34.4	6
1847035	9606.ENSP00000286788	320	29
1844051	9606.ENSP00000251312	17.1	1
1848964	9606.ENSP00000307513	24.3	4
1844578	9606.ENSP00000258198	15.7	1
1850084	9606.ENSP00000318852	80.7	4
1860096	9606.ENSP00000398632	195	11
1847105	9606.ENSP00000288050	17.7	2
1849035	9606.ENSP00000308117	53.1	3
1860374	9606.ENSP00000402914	227	2
1852975	9606.ENSP00000345774	57.2	7
1844740	9606.ENSP00000259951	6.28	1
1849102	9606.ENSP00000308720	623	8
1858474	9606.ENSP00000380427	46.7	9
1843778	9606.ENSP00000245817	37.8	1
1847597	9606.ENSP00000295640	91.9	8
1844235	9606.ENSP00000253496	38.3	2
1856045	9606.ENSP00000363216	28.2	7
1854120	9606.ENSP00000354451	3.83	3
1852189	9606.ENSP00000339221	178	13
1851964	9606.ENSP00000337128	37.4	1
1848998	9606.ENSP00000307786	224	2
1861377	9606.ENSP00000418744	106	4
1848852	9606.ENSP00000306512	391	2
1851289	9606.ENSP00000330836	99.1	5
1852999	9606.ENSP00000346001	68.1	2
1856332	9606.ENSP00000364721	360	10
1853424	9606.ENSP00000349320	80.0	11
1842361	9606.ENSP00000194118	8.07	1
1855278	9606.ENSP00000359539	225	9
1846668	9606.ENSP00000280357	136	5
1845293	9606.ENSP00000263126	166	18
1862154	9606.ENSP00000440586	113	11
1846521	9606.ENSP00000276943	202	5
1859549	9606.ENSP00000391266	186	3
1849274	9606.ENSP00000310226	622	20
1843738	9606.ENSP00000244751	1.19	1
1854025	9606.ENSP00000353731	36.4	4
1848911	9606.ENSP00000307078	30.1	5
1843872	9606.ENSP00000247665	339	4
1853781	9606.ENSP00000351926	61.9	10
1849440	9606.ENSP00000311572	588	17
1853078	9606.ENSP00000346643	8.59	4
1847726	9606.ENSP00000296424	211	6
1860210	9606.ENSP00000400175	621	14
1843147	9606.ENSP00000228506	147	4
1859079	9606.ENSP00000385916	118	4
1849749	9606.ENSP00000315013	17.2	1
1861242	9606.ENSP00000416706	181	62
1855919	9606.ENSP00000362592	9.3	1
1853439	9606.ENSP00000349430	19.3	4
1842224	9606.ENSP00000054666	154	2
1846791	9606.ENSP00000282397	0.518	1
1842879	9606.ENSP00000222005	357	11
1847707	9606.ENSP00000296280	8.39	2
1843040	9606.ENSP00000225655	485	9
1846243	9606.ENSP00000272298	351	16
1842370	9606.ENSP00000196371	337	16
1858211	9606.ENSP00000378130	154	10
1859291	9606.ENSP00000387654	538	28
1849071	9606.ENSP00000308452	667	126
1850028	9606.ENSP00000318197	233	54
1852542	9606.ENSP00000342026	4289	108
1844452	9606.ENSP00000256593	68.0	7
1847239	9606.ENSP00000290541	252	5
1848928	9606.ENSP00000307188	21.1	1
1856347	9606.ENSP00000364794	12.5	2
1854504	9606.ENSP00000356022	816	16
1861078	9606.ENSP00000414334	9.05	1
1844678	9606.ENSP00000259253	27.2	5
1853847	9606.ENSP00000352438	152	11
1843348	9606.ENSP00000233379	29.7	1
1842957	9606.ENSP00000223061	167	7
1861955	9606.ENSP00000433967	27.1	5
1850888	9606.ENSP00000327070	871	36
1847683	9606.ENSP00000296130	679	16
1845602	9606.ENSP00000264710	159	7
1847443	9606.ENSP00000293831	368	24
1856399	9606.ENSP00000365048	282	8
1858283	9606.ENSP00000378699	2.0	2
1854704	9606.ENSP00000356982	496	6
1855704	9606.ENSP00000361626	96.3	2
1851636	9606.ENSP00000333837	76.8	3
1843274	9606.ENSP00000231061	131	4
1844908	9606.ENSP00000261427	60.6	2
1861467	9606.ENSP00000420213	449	166
1845770	9606.ENSP00000265563	172	11
1846996	9606.ENSP00000286175	106	2
1861079	9606.ENSP00000414359	394	19
1850179	9606.ENSP00000319756	19.6	9
1861228	9606.ENSP00000416453	108	7
1849369	9606.ENSP00000310978	55.6	2
1862118	9606.ENSP00000439146	69.8	6
1854817	9606.ENSP00000357516	1432	81
1849469	9606.ENSP00000311847	148	2
1853378	9606.ENSP00000348965	41.2	25
1853397	9606.ENSP00000349142	199	7
1845836	9606.ENSP00000265983	4377	213
1842349	9606.ENSP00000185206	24.1	4
1845697	9606.ENSP00000265132	798	31
1856023	9606.ENSP00000363079	103	4
1851450	9606.ENSP00000332256	6.5	5
1852652	9606.ENSP00000343027	131	16
1856351	9606.ENSP00000364802	438	87
1854854	9606.ENSP00000357697	98.7	1
1860874	9606.ENSP00000410833	193	15
1854765	9606.ENSP00000357218	134	4
1852273	9606.ENSP00000339933	37.4	3
1848762	9606.ENSP00000305699	36.2	3
1848800	9606.ENSP00000306003	175	2
1853645	9606.ENSP00000350894	126	6
1844396	9606.ENSP00000255945	134	5
1843087	9606.ENSP00000226355	1047	68
1852543	9606.ENSP00000342032	912	25
1852845	9606.ENSP00000344666	8.58	4
1842963	9606.ENSP00000223129	70.9	1
1851030	9606.ENSP00000328358	155	88
1851336	9606.ENSP00000331368	64.0	6
1862204	9606.ENSP00000442050	21.8	1
1849942	9606.ENSP00000317257	288	11
1845326	9606.ENSP00000263277	1494	107
1852653	9606.ENSP00000343040	889	13
1849140	9606.ENSP00000309092	36.6	2
1853009	9606.ENSP00000346050	25.3	1
1854882	9606.ENSP00000357789	2.47	1
1853509	9606.ENSP00000349887	177	5
1846375	9606.ENSP00000274335	23.5	2
1849915	9606.ENSP00000316905	19.2	1
1848718	9606.ENSP00000305263	253	93
1854661	9606.ENSP00000356771	20.6	4
1844249	9606.ENSP00000253788	370	4
1843036	9606.ENSP00000225603	61.8	2
1845755	9606.ENSP00000265447	592	27
1850902	9606.ENSP00000327213	1.91	1
1847481	9606.ENSP00000294360	439	6
1847272	9606.ENSP00000291009	34.2	1
1851143	9606.ENSP00000329384	123	3
1845579	9606.ENSP00000264639	55.9	4
1844813	9606.ENSP00000260665	4.34	1
1844155	9606.ENSP00000252725	321	11
1859957	9606.ENSP00000396688	1317	406
1844669	9606.ENSP00000259205	35.0	1
1852083	9606.ENSP00000338191	11.0	1
1846686	9606.ENSP00000280706	92.1	16
1851245	9606.ENSP00000330343	49.8	1
1848008	9606.ENSP00000298942	26.2	1
1842377	9606.ENSP00000198765	179	11
1846084	9606.ENSP00000269321	1139	14
1855840	9606.ENSP00000362249	974	25
1842635	9606.ENSP00000217073	2.71	1
1853723	9606.ENSP00000351497	44.5	3
1853602	9606.ENSP00000350512	232	10
1851758	9606.ENSP00000334798	91.4	40
1843108	9606.ENSP00000227266	74.9	4
1843050	9606.ENSP00000225740	13.9	5
1846238	9606.ENSP00000272227	562	20
1842781	9606.ENSP00000220325	152	16
1848271	9606.ENSP00000301284	3.94	1
1850120	9606.ENSP00000319169	26.9	2
1852818	9606.ENSP00000344456	11.5	1
1842463	9606.ENSP00000211076	229	4
1845377	9606.ENSP00000263621	89.9	3
1849521	9606.ENSP00000312326	2027	149
1859058	9606.ENSP00000385695	9.74	1
1845900	9606.ENSP00000266735	232	1
1862256	9606.ENSP00000443772	108	2
1855709	9606.ENSP00000361642	117	4
1849201	9606.ENSP00000309591	109	9
1850913	9606.ENSP00000327336	1092	47
1858760	9606.ENSP00000382697	51.5	10
1861691	9606.ENSP00000426909	588	21
1862763	9606.ENSP00000451476	7.32	2
1858630	9606.ENSP00000381607	1353	27
1845162	9606.ENSP00000262507	76.3	2
1845296	9606.ENSP00000263168	664	22
1858723	9606.ENSP00000382342	2.06	1
1864089	9606.ENSP00000469159	15.9	1
1859026	9606.ENSP00000385269	150	5
1853623	9606.ENSP00000350708	793	22
1847107	9606.ENSP00000288071	11.2	1
1848311	9606.ENSP00000301587	328	8
1845462	9606.ENSP00000264028	120	7
1848555	9606.ENSP00000303585	0.933	1
1842886	9606.ENSP00000222125	81.4	2
1845111	9606.ENSP00000262302	42.7	2
1852173	9606.ENSP00000339095	54.5	1
1842995	9606.ENSP00000224237	4762	347
1852751	9606.ENSP00000343885	144	7
1854169	9606.ENSP00000354610	3.91	1
1850407	9606.ENSP00000321988	142	11
1844114	9606.ENSP00000252250	688	259
1848251	9606.ENSP00000301149	1677	82
1844078	9606.ENSP00000251646	10.6	19
1851559	9606.ENSP00000333203	137	7
1843726	9606.ENSP00000244573	68.5	4
1858137	9606.ENSP00000377470	96.8	5
1863973	9606.ENSP00000467024	668	16
1852398	9606.ENSP00000340989	907	47
1858308	9606.ENSP00000378957	270	4
1843237	9606.ENSP00000230085	474	11
1844334	9606.ENSP00000254878	76.5	1
1862138	9606.ENSP00000440045	51.7	9
1853478	9606.ENSP00000349687	109	2
1854883	9606.ENSP00000357791	317	43
1850715	9606.ENSP00000325146	2.6	1
1853860	9606.ENSP00000352522	47.1	2
1849320	9606.ENSP00000310620	14.5	1
1863181	9606.ENSP00000458149	38.5	1
1852962	9606.ENSP00000345689	306	13
1843288	9606.ENSP00000231449	207	4
1849174	9606.ENSP00000309431	84.8	37
1848906	9606.ENSP00000307014	12.2	24
1858232	9606.ENSP00000378306	7.4	2
1846814	9606.ENSP00000282701	115	6
1845175	9606.ENSP00000262584	101	2
1849790	9606.ENSP00000315477	53.9	5
1850153	9606.ENSP00000319501	299	17
1853012	9606.ENSP00000346067	465	16
1842816	9606.ENSP00000221166	14.2	9
1843861	9606.ENSP00000247207	371	49
1854966	9606.ENSP00000358158	10.9	2
1842864	9606.ENSP00000221855	138	5
1847692	9606.ENSP00000296181	31.0	4
1862013	9606.ENSP00000435777	79.7	1
1851404	9606.ENSP00000331871	14.2	1
1848946	9606.ENSP00000307292	964	32
1855050	9606.ENSP00000358547	137	7
1842337	9606.ENSP00000181383	122	4
1847391	9606.ENSP00000293217	10.3	1
1861331	9606.ENSP00000417901	13.1	1
1847505	9606.ENSP00000294785	13.2	1
1847020	9606.ENSP00000286614	34.1	2
1844253	9606.ENSP00000253799	110	21
1847100	9606.ENSP00000288014	19.9	1
1851357	9606.ENSP00000331544	389	28
1851214	9606.ENSP00000330074	62.2	1
1856483	9606.ENSP00000365522	153	6
1861561	9606.ENSP00000422375	8.97	1
1849801	9606.ENSP00000315630	50.0	5
1854448	9606.ENSP00000355751	4.68	1
1850366	9606.ENSP00000321606	40.4	11
1851078	9606.ENSP00000328808	91.2	38
1857130	9606.ENSP00000369341	44.7	1
1861531	9606.ENSP00000421566	103	7
1860659	9606.ENSP00000407375	449	13
1846848	9606.ENSP00000283290	131	3
1842422	9606.ENSP00000204726	29.3	6
1851519	9606.ENSP00000332790	4.31	1
1850027	9606.ENSP00000318195	130	8
1851443	9606.ENSP00000332194	10.9	2
1853237	9606.ENSP00000347933	33.9	1
1856460	9606.ENSP00000365402	72.0	5
1844006	9606.ENSP00000250378	33.7	1
1853110	9606.ENSP00000346954	100	1
1855765	9606.ENSP00000361917	16.0	1
1856899	9606.ENSP00000367869	401	16
1846296	9606.ENSP00000273075	32.6	2
1846865	9606.ENSP00000283646	242	10
1850951	9606.ENSP00000327704	167	4
1842808	9606.ENSP00000220931	60.5	4
1844615	9606.ENSP00000258494	2.48	1
1855784	9606.ENSP00000362014	6.87	2
1849655	9606.ENSP00000313829	35.5	1
1853005	9606.ENSP00000346032	7919	357
1855309	9606.ENSP00000359645	7.21	1
1855378	9606.ENSP00000359991	548	25
1862817	9606.ENSP00000452780	221	2
1851723	9606.ENSP00000334448	125	1
1844889	9606.ENSP00000261336	418	119
1855856	9606.ENSP00000362314	77.6	1
1858079	9606.ENSP00000376899	23.6	3
1854099	9606.ENSP00000354280	21.2	1
1856378	9606.ENSP00000364943	487	16
1842429	9606.ENSP00000205402	340	16
1859071	9606.ENSP00000385834	8527	841
1855657	9606.ENSP00000361383	73.2	1
1846206	9606.ENSP00000271638	733	9
1842719	9606.ENSP00000219070	144	12
1860754	9606.ENSP00000409000	65.3	4
1861836	9606.ENSP00000430344	75.7	7
1853276	9606.ENSP00000348258	34.4	6
1852436	9606.ENSP00000341268	28.3	1
1846311	9606.ENSP00000273308	52.9	3
1858485	9606.ENSP00000380514	261	9
1843820	9606.ENSP00000246533	807	15
1858162	9606.ENSP00000377696	304	11
1852983	9606.ENSP00000345848	231	7
1843359	9606.ENSP00000233627	287	3
1850255	9606.ENSP00000320516	191	21
1850288	9606.ENSP00000320866	1181	40
1853610	9606.ENSP00000350580	13.6	3
1846542	9606.ENSP00000277865	319	25
1860280	9606.ENSP00000401450	105	2
1846820	9606.ENSP00000282878	5.8	2
1849206	9606.ENSP00000309629	1845	38
1851160	9606.ENSP00000329548	245	4
1846727	9606.ENSP00000281455	873	73
1843463	9606.ENSP00000237530	27.3	1
1862192	9606.ENSP00000441828	1387	122
1848744	9606.ENSP00000305556	261	15
1843011	9606.ENSP00000225275	77.1	8
1854837	9606.ENSP00000357624	512	12
1848935	9606.ENSP00000307240	12.0	24
1862767	9606.ENSP00000451560	192	76
1852481	9606.ENSP00000341625	928	11
1853036	9606.ENSP00000346294	1223	15
1855442	9606.ENSP00000360281	91.9	7
1845911	9606.ENSP00000267012	22.1	2
1846356	9606.ENSP00000274031	17.3	1
1849856	9606.ENSP00000316228	19.3	3
1855774	9606.ENSP00000361949	27.3	3
1843372	9606.ENSP00000233893	391	5
1846322	9606.ENSP00000273398	46.9	3
1845921	9606.ENSP00000267113	177	23
1855113	9606.ENSP00000358851	92.3	9
1847591	9606.ENSP00000295598	42.2	7
1846307	9606.ENSP00000273258	318	4
1862296	9606.ENSP00000445677	44.6	20
1842240	9606.ENSP00000071281	1084	38
1843052	9606.ENSP00000225792	43.7	7
1850212	9606.ENSP00000320171	1374	86
1843945	9606.ENSP00000249042	221	7
1857474	9606.ENSP00000371497	39.8	1
1849373	9606.ENSP00000311028	76.6	1
1861221	9606.ENSP00000416330	150	12
1856744	9606.ENSP00000366974	34.4	6
1846811	9606.ENSP00000282633	2.31	1
1842904	9606.ENSP00000222286	6.44	1
1844990	9606.ENSP00000261776	8.18	1
1853177	9606.ENSP00000347495	442	20
1853957	9606.ENSP00000353224	30.0	3
1847720	9606.ENSP00000296388	14.3	1
1845311	9606.ENSP00000263238	193	10
1853039	9606.ENSP00000346316	34.4	6
1861878	9606.ENSP00000431482	26.6	1
1843203	9606.ENSP00000229340	133	5
1843106	9606.ENSP00000227251	4802	88
1847379	9606.ENSP00000292807	39.8	3
1856593	9606.ENSP00000366225	32.6	2
1856129	9606.ENSP00000363624	143	2
1845355	9606.ENSP00000263413	315	35
1853523	9606.ENSP00000349960	1740	255
1847080	9606.ENSP00000287667	12.7	6
1857124	9606.ENSP00000369317	688	258
1852917	9606.ENSP00000345282	6.24	1
1845684	9606.ENSP00000265077	2.74	1
1848758	9606.ENSP00000305675	848	33
1856516	9606.ENSP00000365730	17.2	1
1857239	9606.ENSP00000369897	25.2	3
1842128	9606.ENSP00000005257	406	8
1852258	9606.ENSP00000339824	1.01	1
1856010	9606.ENSP00000363018	99.7	3
1850420	9606.ENSP00000322175	26.4	1
1852923	9606.ENSP00000345341	135	5
1855447	9606.ENSP00000360305	269	11
1863068	9606.ENSP00000456711	121	17
1852673	9606.ENSP00000343234	15.0	1
1862025	9606.ENSP00000436318	220	5
1842600	9606.ENSP00000216465	55.2	1
1855844	9606.ENSP00000362273	225	8
1848520	9606.ENSP00000303351	525	44
1854895	9606.ENSP00000357835	119	3
1855173	9606.ENSP00000359100	3.81	1
1853918	9606.ENSP00000352936	1.28	1
1861509	9606.ENSP00000420939	40.3	2
1849897	9606.ENSP00000316729	5.43	1
1851661	9606.ENSP00000334008	576	22
1858589	9606.ENSP00000381293	150	14
1859040	9606.ENSP00000385479	35.0	3
1848662	9606.ENSP00000304697	425	61
1860871	9606.ENSP00000410815	519	162
1844326	9606.ENSP00000254806	335	7
1853976	9606.ENSP00000353408	1809	140
1860306	9606.ENSP00000401802	247	13
1850309	9606.ENSP00000321070	36.3	3
1845920	9606.ENSP00000267103	38.1	2
1856352	9606.ENSP00000364805	147	43
1853903	9606.ENSP00000352835	156	3
1845960	9606.ENSP00000267622	0.642	1
1854454	9606.ENSP00000355778	35.0	3
1842433	9606.ENSP00000205948	1019	40
1842316	9606.ENSP00000171887	249	48
1855151	9606.ENSP00000359000	1.41	1
1849166	9606.ENSP00000309334	37.0	1
1852861	9606.ENSP00000344818	138	61
1860649	9606.ENSP00000407182	13.0	3
1853912	9606.ENSP00000352918	537	7
1854637	9606.ENSP00000356602	71.2	2
1853205	9606.ENSP00000347719	5.28	1
1854433	9606.ENSP00000355657	35.0	3
1842253	9606.ENSP00000085068	68.4	1
1850764	9606.ENSP00000325690	17.2	1
1853891	9606.ENSP00000352706	85.8	5
1853437	9606.ENSP00000349415	21.1	1
1854455	9606.ENSP00000355785	45.5	1
1843038	9606.ENSP00000225614	66.6	2
1846264	9606.ENSP00000272519	212	5
1855559	9606.ENSP00000360899	11.6	1
1858384	9606.ENSP00000379616	123	53
1850335	9606.ENSP00000321334	2.87	1
1849423	9606.ENSP00000311449	102	8
1846653	9606.ENSP00000280154	30.3	1
1854262	9606.ENSP00000354947	394	15
1843198	9606.ENSP00000229328	41.1	1
1862789	9606.ENSP00000452120	44.2	4
1842988	9606.ENSP00000223642	529	78
1842831	9606.ENSP00000221419	149	8
1856938	9606.ENSP00000368124	10.5	1
1854963	9606.ENSP00000358153	34.4	6
1849268	9606.ENSP00000310189	21.6	1
1853149	9606.ENSP00000347244	2.1	1
1858423	9606.ENSP00000380033	95.6	12
1856206	9606.ENSP00000364073	1.87	1
1842572	9606.ENSP00000216254	724	49
1854905	9606.ENSP00000357879	125	4
1844971	9606.ENSP00000261712	167	10
1861457	9606.ENSP00000420127	39.9	1
1849624	9606.ENSP00000313432	236	7
1845042	9606.ENSP00000262027	58.9	5
1850707	9606.ENSP00000325074	43.1	3
1848835	9606.ENSP00000306361	4523	367
1846674	9606.ENSP00000280557	31.9	1
1860122	9606.ENSP00000398880	0.824	2
1861234	9606.ENSP00000416583	111	5
1842139	9606.ENSP00000006053	306	8
1862217	9606.ENSP00000442365	23.0	2
1860446	9606.ENSP00000404011	80.6	48
1848043	9606.ENSP00000299299	148	2
1857011	9606.ENSP00000368645	543	22
1854861	9606.ENSP00000357727	1892	23
1859496	9606.ENSP00000390475	4.53	1
1850737	9606.ENSP00000325425	68.8	2
1863878	9606.ENSP00000464383	40.2	1
1844699	9606.ENSP00000259469	232	1
1858078	9606.ENSP00000376889	250	20
1842551	9606.ENSP00000216129	9.94	1
1849571	9606.ENSP00000312734	62.2	6
1851807	9606.ENSP00000335083	9.27	1
1855927	9606.ENSP00000362621	6.79	1
1844408	9606.ENSP00000256119	9444	270
1856677	9606.ENSP00000366620	56.7	6
1857438	9606.ENSP00000371230	279	10
1846317	9606.ENSP00000273359	40.0	1
1846554	9606.ENSP00000278222	536	7
1856956	9606.ENSP00000368237	11.1	1
1855757	9606.ENSP00000361878	621	40
1848411	9606.ENSP00000302486	10.8	1
1858491	9606.ENSP00000380597	20.0	1
1858792	9606.ENSP00000382982	298	75
1856324	9606.ENSP00000364691	4.51	2
1858216	9606.ENSP00000378160	91.7	1
1861442	9606.ENSP00000419851	44.7	4
1844842	9606.ENSP00000261023	79.8	12
1846622	9606.ENSP00000279227	151	14
1845059	9606.ENSP00000262094	15.4	5
1843138	9606.ENSP00000228318	158	7
1862129	9606.ENSP00000439493	35.0	3
1844713	9606.ENSP00000259667	51.5	1
1854437	9606.ENSP00000355689	151	4
1850713	9606.ENSP00000325136	256	13
1847783	9606.ENSP00000296754	172	18
1849952	9606.ENSP00000317334	213	15
1848910	9606.ENSP00000307077	39.7	5
1844551	9606.ENSP00000257904	2.31	2
1850730	9606.ENSP00000325376	46.7	3
1849572	9606.ENSP00000312735	323	40
1842838	9606.ENSP00000221466	152	4
1851969	9606.ENSP00000337168	3.24	1
1852633	9606.ENSP00000342850	479	15
1853228	9606.ENSP00000347890	14.8	3
1857259	9606.ENSP00000370007	5874	10
1843563	9606.ENSP00000240343	37.0	1
1860837	9606.ENSP00000410294	0.955	1
1855202	9606.ENSP00000359258	95.2	3
1857084	9606.ENSP00000369042	93.9	10
1847402	9606.ENSP00000293288	88.9	3
1851539	9606.ENSP00000333001	154	2
1844324	9606.ENSP00000254801	280	7
1847044	9606.ENSP00000287008	8.81	1
1842493	9606.ENSP00000215587	110	2
1849038	9606.ENSP00000308165	1793	64
1853420	9606.ENSP00000349297	203	19
1845208	9606.ENSP00000262746	2323	73
1850087	9606.ENSP00000318868	79.2	5
1860312	9606.ENSP00000401878	20.4	2
1845878	9606.ENSP00000266542	103	6
1851612	9606.ENSP00000333667	9.31	1
1858595	9606.ENSP00000381340	32.2	2
1853848	9606.ENSP00000352442	19.3	4
1857216	9606.ENSP00000369757	40.5	1
1848986	9606.ENSP00000307705	428	13
1853541	9606.ENSP00000350052	86.0	79
1860845	9606.ENSP00000410403	9.7	5
1855402	9606.ENSP00000360141	54.0	11
1858039	9606.ENSP00000376504	21.8	2
1854858	9606.ENSP00000357711	52.8	2
1842301	9606.ENSP00000167588	39.3	20
1842947	9606.ENSP00000222902	470	5
1842165	9606.ENSP00000011473	79.7	2
1845989	9606.ENSP00000268058	9.88	1
1850897	9606.ENSP00000327145	91.3	61
1849256	9606.ENSP00000310094	3.95	1
1846578	9606.ENSP00000278618	39.7	1
1856793	9606.ENSP00000367220	261	9
1859774	9606.ENSP00000394107	64.1	3
1855744	9606.ENSP00000361824	975	308
1861867	9606.ENSP00000431254	4144	104
1845353	9606.ENSP00000263408	686	46
1847051	9606.ENSP00000287097	5.49	1
1862989	9606.ENSP00000455744	166	8
1855782	9606.ENSP00000362010	392	19
1853869	9606.ENSP00000352584	10.8	1
1847627	9606.ENSP00000295822	246	9
1842460	9606.ENSP00000210313	154	10
1849425	9606.ENSP00000311469	178	12
1844285	9606.ENSP00000254301	1988	35
1861351	9606.ENSP00000418287	35.8	2
1860678	9606.ENSP00000407724	32.6	3
1844594	9606.ENSP00000258390	2.31	2
1852107	9606.ENSP00000338413	610	66
1844765	9606.ENSP00000260227	18.6	1
1853315	9606.ENSP00000348565	31.0	1
1853197	9606.ENSP00000347665	47.2	6
1847404	9606.ENSP00000293308	319	126
1847965	9606.ENSP00000298510	469	14
1847666	9606.ENSP00000296043	9.27	3
1854754	9606.ENSP00000357156	23.0	1
1842562	9606.ENSP00000216194	258	14
1856733	9606.ENSP00000366927	8.85	5
1858135	9606.ENSP00000377446	143	5
1843537	9606.ENSP00000239849	43.8	1
1845095	9606.ENSP00000262219	7.15	1
1842679	9606.ENSP00000217958	151	4
1856102	9606.ENSP00000363482	2.47	1
1852312	9606.ENSP00000340305	82.4	6
1861432	9606.ENSP00000419628	339	10
1847662	9606.ENSP00000296026	92.2	4
1854153	9606.ENSP00000354573	0.439	1
1854329	9606.ENSP00000355217	175	10
1844188	9606.ENSP00000253024	129	8
1852793	9606.ENSP00000344259	828	10
1858598	9606.ENSP00000381412	9.12	2
1844558	9606.ENSP00000257951	14.2	30
1858193	9606.ENSP00000377941	808	154
1845277	9606.ENSP00000263080	122	5
1843780	9606.ENSP00000245903	108	3
1858656	9606.ENSP00000381785	56.0	3
1848121	9606.ENSP00000300026	1987	39
1848495	9606.ENSP00000303147	107	3
1850963	9606.ENSP00000327821	23.3	3
1848848	9606.ENSP00000306477	161	9
1855943	9606.ENSP00000362688	165	7
1845170	9606.ENSP00000262551	877	33
1844406	9606.ENSP00000256103	491	10
1847426	9606.ENSP00000293670	2.49	1
1844574	9606.ENSP00000258145	18.2	1
1858997	9606.ENSP00000384900	23.4	2
1861956	9606.ENSP00000433998	162	4
1848334	9606.ENSP00000301764	256	31
1844112	9606.ENSP00000252244	10093	858
1847903	9606.ENSP00000297785	1112	60
1862703	9606.ENSP00000450436	227	13
1850118	9606.ENSP00000319141	45.6	1
1848102	9606.ENSP00000299767	1003	108
1845172	9606.ENSP00000262570	54.4	2
1849976	9606.ENSP00000317674	343	15
1845628	9606.ENSP00000264832	27.4	2
1858981	9606.ENSP00000384774	118	18
1847420	9606.ENSP00000293525	2.59	1
1854947	9606.ENSP00000358081	15.8	1
1847378	9606.ENSP00000292782	221	6
1853048	9606.ENSP00000346402	206	14
1857045	9606.ENSP00000368814	56.3	4
1844589	9606.ENSP00000258341	266	43
1857426	9606.ENSP00000371152	173	9
1842913	9606.ENSP00000222381	471	15
1850618	9606.ENSP00000324173	1354	89
1852130	9606.ENSP00000338703	1139	57
1848037	9606.ENSP00000299259	84.1	4
1842558	9606.ENSP00000216181	1241	322
1848400	9606.ENSP00000302393	50.4	9
1844750	9606.ENSP00000260056	11.0	1
1855121	9606.ENSP00000358867	155	17
1864926	9606.ENSP00000473172	148	9
1844229	9606.ENSP00000253452	44.5	1
1861173	9606.ENSP00000415769	355	29
1856239	9606.ENSP00000364252	63.5	1
1850450	9606.ENSP00000322439	192	13
1846891	9606.ENSP00000284240	245	4
1855316	9606.ENSP00000359675	136	1
1859634	9606.ENSP00000392330	405	15
1857206	9606.ENSP00000369703	438	104
1862335	9606.ENSP00000446743	48.8	4
1844113	9606.ENSP00000252245	168	92
1859246	9606.ENSP00000387176	53.7	49
1856192	9606.ENSP00000363993	136	3
1848912	9606.ENSP00000307080	12.6	1
1850940	9606.ENSP00000327589	85.4	12
1842999	9606.ENSP00000224605	53.7	3
1845167	9606.ENSP00000262544	27.3	4
1844687	9606.ENSP00000259365	77.6	3
1852698	9606.ENSP00000343445	6.13	2
1864786	9606.ENSP00000472469	117	1
1843064	9606.ENSP00000225964	268	45
1863987	9606.ENSP00000467676	164	1
1844979	9606.ENSP00000261735	323	9
1860459	9606.ENSP00000404121	12.8	1
1845888	9606.ENSP00000266643	19.3	1
1848791	9606.ENSP00000305958	291	15
1861761	9606.ENSP00000428845	31.3	1
1846235	9606.ENSP00000272217	114	4
1846123	9606.ENSP00000269980	6.72	1
1852164	9606.ENSP00000339007	130	4
1856200	9606.ENSP00000364028	8.29	1
1852912	9606.ENSP00000345230	2191	97
1856751	9606.ENSP00000366999	35.0	3
1860762	9606.ENSP00000409107	11.1	2
1843813	9606.ENSP00000246194	104	2
1843303	9606.ENSP00000231751	303	33
1861661	9606.ENSP00000425634	42.1	2
1848338	9606.ENSP00000301788	505	15
1860014	9606.ENSP00000397552	17.1	1
1845737	9606.ENSP00000265371	12.2	1
1848317	9606.ENSP00000301653	776	166
1845584	9606.ENSP00000264657	45.9	3
1843614	9606.ENSP00000242209	50.9	4
1860439	9606.ENSP00000403936	106	6
1844885	9606.ENSP00000261313	2492	38
1856156	9606.ENSP00000363773	241	5
1855250	9606.ENSP00000359446	30.3	2
1854684	9606.ENSP00000356903	9.35	1
1854241	9606.ENSP00000354876	324	5
1850182	9606.ENSP00000319788	534	16
1849018	9606.ENSP00000307900	150	5
1854092	9606.ENSP00000354219	2094	92
1861420	9606.ENSP00000419449	45.7	1
1858063	9606.ENSP00000376793	2331	102
1853681	9606.ENSP00000351190	1714	180
1851624	9606.ENSP00000333769	353	11
1849595	9606.ENSP00000313050	95.1	3
1843892	9606.ENSP00000248070	8.41	1
1855661	9606.ENSP00000361405	67.0	5
1845260	9606.ENSP00000262982	81.5	11
1854011	9606.ENSP00000353654	19.5	4
1847354	9606.ENSP00000292432	16.5	4
1853630	9606.ENSP00000350767	34.4	6
1845677	9606.ENSP00000265062	458	15
1856687	9606.ENSP00000366672	70.3	1
1859034	9606.ENSP00000385432	144	7
1852218	9606.ENSP00000339435	41.7	1
1847132	9606.ENSP00000288666	10.0	1
1848467	9606.ENSP00000302896	201	4
1843192	9606.ENSP00000229277	254	14
1851506	9606.ENSP00000332721	132	5
1854996	9606.ENSP00000358307	133	9
1849903	9606.ENSP00000316779	67.3	4
1853556	9606.ENSP00000350199	167	22
1852628	9606.ENSP00000342830	459	59
1854278	9606.ENSP00000355011	78.6	3
1857091	9606.ENSP00000369081	321	13
1859759	9606.ENSP00000393953	28.2	3
1855223	9606.ENSP00000359356	3.68	1
1845136	9606.ENSP00000262418	1945	143
1858108	9606.ENSP00000377192	212	17
1847266	9606.ENSP00000290921	8.27	1
1856272	9606.ENSP00000364448	5.93	1
1857098	9606.ENSP00000369134	93.9	7
1848936	9606.ENSP00000307241	260	12
1861507	9606.ENSP00000420914	100	10
1847351	9606.ENSP00000292408	1.02	1
1848653	9606.ENSP00000304592	549	140
1846748	9606.ENSP00000281834	132	3
1857088	9606.ENSP00000369071	1124	94
1858389	9606.ENSP00000379678	128	9
1843022	9606.ENSP00000225426	218	4
1850599	9606.ENSP00000323929	4554	791
1860287	9606.ENSP00000401508	97.2	6
1854964	9606.ENSP00000358154	35.0	3
1842508	9606.ENSP00000215793	50.4	5
1843060	9606.ENSP00000225899	10.8	19
1845749	9606.ENSP00000265428	411	77
1848430	9606.ENSP00000302621	653	22
1846470	9606.ENSP00000276066	15.5	5
1852520	9606.ENSP00000341911	86.6	3
1844708	9606.ENSP00000259607	229	3
1859522	9606.ENSP00000390849	21.2	1
1845596	9606.ENSP00000264690	127	12
1855538	9606.ENSP00000360797	14.9	1
1852038	9606.ENSP00000337773	277	8
1859218	9606.ENSP00000386896	31.0	5
1850938	9606.ENSP00000327583	283	5
1853839	9606.ENSP00000352401	30.2	1
1854610	9606.ENSP00000356481	26.5	2
1858257	9606.ENSP00000378430	2509	6
1851031	9606.ENSP00000328359	30.5	1
1856118	9606.ENSP00000363559	178	3
1859791	9606.ENSP00000394316	80.2	5
1851938	9606.ENSP00000336866	113	2
1857313	9606.ENSP00000370376	26.0	1
1856493	9606.ENSP00000365576	32.4	3
1850285	9606.ENSP00000320821	3.05	1
1842662	9606.ENSP00000217402	277	6
1857282	9606.ENSP00000370129	769	38
1861946	9606.ENSP00000433721	142	4
1852220	9606.ENSP00000339467	135	3
1844939	9606.ENSP00000261574	59.7	9
1853477	9606.ENSP00000349679	52.5	2
1848580	9606.ENSP00000303908	32.3	3
1848771	9606.ENSP00000305777	14.0	2
1859418	9606.ENSP00000389289	17.5	2
1843434	9606.ENSP00000236147	18.1	1
1850482	9606.ENSP00000322791	1.88	1
1850151	9606.ENSP00000319482	24.4	1
1857133	9606.ENSP00000369349	2.76	1
1848802	9606.ENSP00000306015	17.0	2
1853404	9606.ENSP00000349168	300	15
1842723	9606.ENSP00000219150	350	13
1845485	9606.ENSP00000264144	2.27	1
1860801	9606.ENSP00000409612	204	7
1860352	9606.ENSP00000402551	153	5
1848515	9606.ENSP00000303276	211	2
1845043	9606.ENSP00000262030	705	40
1853777	9606.ENSP00000351885	233	10
1842827	9606.ENSP00000221347	1.6	1
1845947	9606.ENSP00000267484	18.8	2
1850504	9606.ENSP00000323036	26.2	1
1854978	9606.ENSP00000358211	218	19
1852244	9606.ENSP00000339730	4.51	1
1856096	9606.ENSP00000363452	10.8	1
1850072	9606.ENSP00000318697	342	52
1858461	9606.ENSP00000380318	602	21
1858383	9606.ENSP00000379612	7.8	1
1846714	9606.ENSP00000281182	15.3	1
1845335	9606.ENSP00000263341	34.5	1
1843400	9606.ENSP00000234396	33.6	5
1851142	9606.ENSP00000329380	100.0	6
1849358	9606.ENSP00000310861	5121	534
1844341	9606.ENSP00000254950	10.7	2
1844115	9606.ENSP00000252252	998	298
1849694	9606.ENSP00000314299	566	35
1852066	9606.ENSP00000338034	86.6	2
1858279	9606.ENSP00000378624	9.05	1
1859630	9606.ENSP00000392270	38.4	2
1858336	9606.ENSP00000379157	107	7
1853696	9606.ENSP00000351314	33.3	1
1852957	9606.ENSP00000345656	145	3
1856019	9606.ENSP00000363054	93.9	4
1857397	9606.ENSP00000370966	18.0	1
1842812	9606.ENSP00000221114	54.1	1
1850194	9606.ENSP00000319977	548	14
1853006	9606.ENSP00000346037	153	1
1846231	9606.ENSP00000272167	580	32
1842124	9606.ENSP00000004982	2288	21
1858077	9606.ENSP00000376886	406	18
1850213	9606.ENSP00000320176	48.0	1
1861022	9606.ENSP00000413479	116	86
1844327	9606.ENSP00000254810	35.0	3
1848527	9606.ENSP00000303423	113	5
1854773	9606.ENSP00000357283	1510	135
1842962	9606.ENSP00000223127	18.5	2
1861300	9606.ENSP00000417517	9.09	3
1846972	9606.ENSP00000285735	256	8
1856012	9606.ENSP00000363021	86.7	2
1846664	9606.ENSP00000280326	315	17
1848031	9606.ENSP00000299198	595	24
1855854	9606.ENSP00000362306	1.48	1
1849375	9606.ENSP00000311032	27.8	1
1847411	9606.ENSP00000293379	30.4	3
1851218	9606.ENSP00000330101	114	100
1842503	9606.ENSP00000215754	163	2
1843445	9606.ENSP00000236959	168	12
1855735	9606.ENSP00000361777	447	8
1860849	9606.ENSP00000410452	27.5	1
1858470	9606.ENSP00000380378	92.4	4
1848605	9606.ENSP00000304139	6.99	1
1861747	9606.ENSP00000428426	19.3	1
1861989	9606.ENSP00000435096	327	4
1843444	9606.ENSP00000236957	282	6
1847722	9606.ENSP00000296412	423	17
1854306	9606.ENSP00000355136	221	29
1847574	9606.ENSP00000295448	120	4
1854141	9606.ENSP00000354532	926	35
1850110	9606.ENSP00000319060	7.46	2
1842672	9606.ENSP00000217515	470	15
1856806	9606.ENSP00000367309	191	14
1845983	9606.ENSP00000267996	2318	91
1847586	9606.ENSP00000295550	215	84
1856769	9606.ENSP00000367123	16.8	1
1855678	9606.ENSP00000361508	117	7
1846443	9606.ENSP00000275428	309	8
1843081	9606.ENSP00000226253	494	22
1845837	9606.ENSP00000265986	35.1	4
1854859	9606.ENSP00000357721	539	7
1861478	9606.ENSP00000420381	85.7	4
1862912	9606.ENSP00000454746	26.8	1
1845134	9606.ENSP00000262407	287	27
1847245	9606.ENSP00000290597	111	7
1842461	9606.ENSP00000210444	217	6
1860771	9606.ENSP00000409197	183	2
1845822	9606.ENSP00000265881	74.2	3
1862334	9606.ENSP00000446714	428	9
1856376	9606.ENSP00000364934	451	16
1851736	9606.ENSP00000334563	1.73	2
1842709	9606.ENSP00000218548	1.68	1
1854304	9606.ENSP00000355124	479	93
1853853	9606.ENSP00000352458	33.9	1
1857244	9606.ENSP00000369927	685	33
1850251	9606.ENSP00000320493	11.8	1
1850612	9606.ENSP00000324105	54.6	5
1843197	9606.ENSP00000229319	2112	78
1849692	9606.ENSP00000314214	40.2	1
1856464	9606.ENSP00000365426	34.9	1
1849342	9606.ENSP00000310749	47.1	4
1848191	9606.ENSP00000300574	164	8
1843095	9606.ENSP00000226578	3.23	1
1844221	9606.ENSP00000253382	51.0	2
1849420	9606.ENSP00000311430	27.1	1
1845046	9606.ENSP00000262033	125	3
1842109	9606.ENSP00000000233	408	20
1857983	9606.ENSP00000375977	420	23
1850396	9606.ENSP00000321853	1082	43
1845142	9606.ENSP00000262430	14.0	1
1852298	9606.ENSP00000340211	114	5
1843990	9606.ENSP00000250092	112	1
1856910	9606.ENSP00000367923	122	8
1845362	9606.ENSP00000263519	2.02	1
1845680	9606.ENSP00000265070	37.3	1
1848760	9606.ENSP00000305692	59.2	4
1843380	9606.ENSP00000234038	147	7
1842441	9606.ENSP00000206542	19.1	1
1854595	9606.ENSP00000356425	42.6	2
1847158	9606.ENSP00000289228	102	5
1854336	9606.ENSP00000355250	5.85	1
1853467	9606.ENSP00000349595	22.0	5
1844631	9606.ENSP00000258743	65.4	2
1861337	9606.ENSP00000417970	4.67	2
1851211	9606.ENSP00000330054	2782	173
1861393	9606.ENSP00000419038	7.77	1
1843828	9606.ENSP00000246646	13.8	19
1855550	9606.ENSP00000360843	15.8	1
1860218	9606.ENSP00000400376	10.4	1
1850962	9606.ENSP00000327801	925	59
1856803	9606.ENSP00000367299	17.6	1
1845053	9606.ENSP00000262061	119	1
1842300	9606.ENSP00000167586	1709	224
1847626	9606.ENSP00000295802	16.0	1
1850346	9606.ENSP00000321389	10.9	2
1855016	9606.ENSP00000358417	488	29
1845454	9606.ENSP00000264005	46.7	2
1846132	9606.ENSP00000270142	2212	20
1847502	9606.ENSP00000294728	7.83	1
1852523	9606.ENSP00000341940	101	4
1849235	9606.ENSP00000309845	39.2	4
1858396	9606.ENSP00000379704	9.32	1
1861539	9606.ENSP00000421725	1480	82
1860141	9606.ENSP00000399168	65.7	4
1858906	9606.ENSP00000384169	26.5	4
1859618	9606.ENSP00000392094	6.98	2
1843815	9606.ENSP00000246337	48.5	2
1860749	9606.ENSP00000408979	2.36	1
1844509	9606.ENSP00000257497	4217	162
1842830	9606.ENSP00000221418	390	16
1844453	9606.ENSP00000256594	175	9
1844706	9606.ENSP00000259569	7.34	2
1854122	9606.ENSP00000354458	129	4
1860696	9606.ENSP00000407952	126	14
1862300	9606.ENSP00000445831	17.8	4
1842615	9606.ENSP00000216714	141	6
1850066	9606.ENSP00000318646	29.3	1
1853938	9606.ENSP00000353074	19.3	4
1844215	9606.ENSP00000253332	105	15
1854219	9606.ENSP00000354791	129	24
1844727	9606.ENSP00000259818	400	102
1846529	9606.ENSP00000277480	148	3
1854111	9606.ENSP00000354376	7.72	1
1853527	9606.ENSP00000349977	60.5	7
1853462	9606.ENSP00000349576	41.2	1
1846923	9606.ENSP00000284719	131	7
1847386	9606.ENSP00000292896	636	105
1843991	9606.ENSP00000250101	130	2
1843869	9606.ENSP00000247470	66.4	2
1843405	9606.ENSP00000234590	2426	95
1844065	9606.ENSP00000251527	10.5	1
1847294	9606.ENSP00000291560	16.8	2
1847696	9606.ENSP00000296223	570	10
1856126	9606.ENSP00000363614	101	4
1853159	9606.ENSP00000347329	167	15
1845159	9606.ENSP00000262493	32.2	8
1845425	9606.ENSP00000263851	251	4
1849107	9606.ENSP00000308753	17.4	2
1857423	9606.ENSP00000371138	761	6
1853414	9606.ENSP00000349259	432	142
1849250	9606.ENSP00000310036	216	4
1852510	9606.ENSP00000341826	576	34
1849866	9606.ENSP00000316357	115	45
1847312	9606.ENSP00000291744	88.5	2
1845102	9606.ENSP00000262269	49.2	31
1848971	9606.ENSP00000307567	11.4	1
1842226	9606.ENSP00000054950	169	6
1856755	9606.ENSP00000367029	16.1	1
1858478	9606.ENSP00000380460	20.9	2
1863869	9606.ENSP00000464265	349	51
1854940	9606.ENSP00000358045	34.4	3
1847514	9606.ENSP00000294952	7.55	1
1849317	9606.ENSP00000310593	11.4	1
1849772	9606.ENSP00000315263	75.8	2
1852522	9606.ENSP00000341938	23.4	1
1850048	9606.ENSP00000318415	6.71	1
1846793	9606.ENSP00000282412	45.6	3
1843949	9606.ENSP00000249071	178	7
1854014	9606.ENSP00000353660	124	2
1859748	9606.ENSP00000393845	12.5	2
1858515	9606.ENSP00000380795	230	5
1845155	9606.ENSP00000262477	19.7	2
